wind-weather/data/weather/current/current-temp-isobaric-700hPa-gfs-1.0.json
{"header": {"discipline":0,"disciplineName":"Meteorologicalproducts","gribEdition":2,"gribLength":36642,"center":7,"centerName":"USNationalWeatherService-NCEP(WMC)","subcenter":0,"refTime":"2017-11-24T12:00:00.000Z","significanceOfRT":0,"significanceOfRTName":"Analysis","productStatus":0,"productStatusName":"Operationalproducts","productType":0,"productTypeName":"Analysisproducts","productDefinitionTemplate":0,"productDefinitionTemplateName":"Analysis/forecastathorizontallevel/layeratapointintime","parameterCategory":0,"parameterCategoryName":"Temperature","parameterNumber":0,"parameterNumberName":"Temperature","parameterUnit":"K","genProcessType":0,"genProcessTypeName":"Analysis","forecastTime":0,"surface1Type":100,"surface1TypeName":"Isobaricsurface","surface1Value":70000.0,"surface2Type":255,"surface2TypeName":"Missing","surface2Value":0.0,"gridDefinitionTemplate":0,"gridDefinitionTemplateName":"Latitude_Longitude","numberPoints":65160,"shape":6,"shapeName":"Earthsphericalwithradiusof6,371,229.0m","gridUnits":"degrees","resolution":48,"winds":"true","scanMode":0,"nx":360,"ny":181,"basicAngle":0,"lo1":0.0,"la1":90.0,"lo2":359.0,"la2":-90.0,"dx":1.0,"dy":1.0}, "data":
[rows 0 to 25 of 181, columns 240 to 299 of 360]
258.08487,258.08487,258.08487,258.08487,258.08487,258.08487,258.08487,258.08487,258.08487,258.08487,258.08487,258.08487,258.08487,258.08487,258.08487,258.08487,258.08487,258.08487,258.08487,258.08487,258.08487,258.08487,258.08487,258.08487,258.08487,258.08487,258.08487,258.08487,258.08487,258.08487,258.08487,258.08487,258.08487,258.08487,258.08487,258.08487,258.08487,258.08487,258.08487,258.08487,258.08487,258.08487,258.08487,258.08487,258.08487,258.08487,258.08487,258.08487,258.08487,258.08487,258.08487,258.08487,258.08487,258.08487,258.08487,258.08487,258.08487,258.08487,258.08487,258.08487
258.68488,258.68488,258.68488,258.68488,258.68488,258.68488,258.68488,258.78485,258.78485,258.78485,258.78485,258.78485,258.78485,258.78485,258.78485,258.78485,258.88486,258.88486,258.88486,258.88486,258.88486,258.88486,258.88486,258.88486,258.88486,258.88486,258.88486,258.98486,258.98486,258.98486,258.98486,258.98486,258.98486,258.98486,258.98486,258.98486,258.98486,258.98486,258.98486,258.98486,258.98486,258.98486,258.98486,258.98486,258.98486,258.98486,258.98486,258.98486,259.08487,259.08487,259.08487,259.08487,259.08487,259.08487,259.08487,259.08487,259.08487,259.08487,259.08487,259.08487
258.98486,258.98486,258.98486,258.98486,258.98486,258.98486,259.08487,259.08487,259.08487,259.08487,259.08487,259.08487,259.08487,259.18488,259.18488,259.18488,259.18488,259.18488,259.18488,259.28485,259.28485,259.28485,259.28485,259.28485,259.28485,259.38486,259.38486,259.38486,259.38486,259.38486,259.38486,259.38486,259.48486,259.48486,259.48486,259.48486,259.48486,259.48486,259.48486,259.58487,259.58487,259.58487,259.58487,259.58487,259.68488,259.68488,259.68488,259.68488,259.68488,259.78485,259.78485,259.78485,259.78485,259.78485,259.78485,259.88486,259.88486,259.88486,259.88486,259.88486
259.38486,259.38486,259.38486,259.38486,259.38486,259.38486,259.38486,259.38486,259.38486,259.48486,259.48486,259.48486,259.58487,259.58487,259.58487,259.68488,259.68488,259.68488,259.78485,259.78485,259.88486,259.88486,259.88486,259.98486,259.98486,259.98486,260.08487,260.08487,260.18488,260.18488,260.18488,260.28485,260.28485,260.38486,260.38486,260.48486,260.48486,260.58487,260.58487,260.58487,260.68488,260.68488,260.68488,260.78485,260.78485,260.88486,260.88486,260.88486,260.88486,260.98486,260.98486,260.98486,260.98486,260.98486,261.08487,261.08487,261.08487,261.08487,261.08487,261.08487
259.98486,259.98486,259.98486,259.98486,259.98486,260.08487,260.08487,260.08487,260.18488,260.18488,260.28485,260.28485,260.38486,260.38486,260.48486,260.58487,260.58487,260.68488,260.68488,260.78485,260.88486,260.88486,260.98486,260.98486,261.08487,261.18488,261.18488,261.28485,261.38486,261.38486,261.48486,261.48486,261.58487,261.68488,261.68488,261.78485,261.78485,261.88486,261.88486,261.98486,261.98486,262.08487,262.08487,262.08487,262.18488,262.18488,262.18488,262.18488,262.18488,262.18488,262.18488,262.18488,262.18488,262.18488,262.18488,262.18488,262.08487,262.08487,262.08487,262.08487
260.48486,260.48486,260.48486,260.58487,260.58487,260.68488,260.68488,260.78485,260.78485,260.88486,260.88486,260.98486,261.08487,261.18488,261.28485,261.28485,261.38486,261.48486,261.58487,261.58487,261.68488,261.78485,261.88486,261.88486,261.98486,262.08487,262.18488,262.28485,262.38486,262.38486,262.48486,262.58487,262.68488,262.78485,262.78485,262.88486,262.98486,262.98486,262.98486,262.98486,262.98486,262.98486,262.98486,262.88486,262.88486,262.88486,262.78485,262.78485,262.78485,262.78485,262.68488,262.68488,262.68488,262.68488,262.68488,262.68488,262.68488,262.68488,262.68488,262.68488
260.68488,260.78485,260.78485,260.88486,260.98486,260.98486,261.08487,261.18488,261.28485,261.38486,261.48486,261.58487,261.68488,261.88486,261.98486,262.08487,262.18488,262.28485,262.38486,262.48486,262.58487,262.68488,262.88486,262.98486,263.18488,263.28485,263.38486,263.48486,263.58487,263.68488,263.78485,263.98486,264.08487,264.18488,264.28485,264.28485,264.38486,264.38486,264.38486,264.38486,264.38486,264.28485,264.28485,264.18488,264.18488,264.08487,263.98486,263.98486,263.88486,263.88486,263.78485,263.78485,263.78485,263.68488,263.68488,263.58487,263.58487,263.58487,263.48486,263.48486
260.68488,260.78485,260.78485,260.88486,260.98486,261.08487,261.28485,261.38486,261.58487,261.68488,261.78485,261.98486,262.18488,262.28485,262.38486,262.48486,262.68488,262.78485,262.98486,263.18488,263.48486,263.68488,263.88486,264.08487,264.28485,264.48486,264.58487,264.68488,264.78485,264.78485,264.88486,264.88486,264.98486,265.08487,265.08487,265.18488,265.18488,265.18488,265.18488,265.18488,265.18488,265.08487,264.98486,264.98486,264.98486,264.88486,264.78485,264.78485,264.78485,264.68488,264.58487,264.48486,264.28485,264.18488,264.08487,263.98486,263.88486,263.68488,263.58487,263.58487
260.48486,260.58487,260.68488,260.88486,260.98486,261.18488,261.28485,261.48486,261.68488,261.88486,261.98486,262.18488,262.38486,262.58487,262.68488,262.98486,263.18488,263.38486,263.58487,263.78485,264.08487,264.28485,264.38486,264.58487,264.68488,264.68488,264.78485,264.88486,264.88486,264.88486,264.88486,264.98486,265.08487,264.98486,265.18488,265.18488,265.28485,265.28485,265.08487,265.18488,265.08487,265.08487,265.28485,265.18488,264.88486,264.78485,264.58487,264.28485,263.98486,263.88486,263.78485,263.78485,263.78485,263.58487,263.38486,263.18488,263.08487,263.08487,263.08487,263.08487
260.08487,260.28485,260.48486,260.68488,260.88486,261.08487,261.28485,261.48486,261.68488,261.88486,262.08487,262.28485,262.48486,262.68488,262.98486,263.18488,263.48486,263.68488,263.88486,264.08487,264.18488,264.38486,264.48486,264.58487,264.68488,264.68488,264.68488,264.78485,264.78485,264.68488,264.68488,264.78485,264.68488,264.68488,264.58487,264.68488,264.98486,265.08487,265.08487,264.98486,264.78485,264.68488,264.58487,264.48486,264.48486,264.48486,264.18488,263.78485,263.48486,263.48486,263.38486,263.18488,262.88486,262.88486,262.78485,262.68488,262.68488,262.68488,262.68488,262.78485
259.68488,259.88486,260.08487,260.28485,260.58487,260.78485,261.08487,261.28485,261.58487,261.68488,261.98486,262.18488,262.38486,262.68488,262.98486,263.28485,263.48486,263.68488,263.78485,263.98486,264.08487,264.28485,264.38486,264.48486,264.58487,264.68488,264.88486,265.28485,265.48486,265.08487,264.68488,264.68488,264.68488,264.78485,264.98486,264.88486,264.88486,264.78485,264.68488,264.58487,264.78485,264.78485,264.38486,264.08487,263.68488,263.38486,263.08487,262.98486,262.88486,262.68488,262.68488,262.58487,262.48486,262.38486,262.18488,262.28485,262.48486,262.78485,262.58487,261.88486
259.08487,259.28485,259.58487,259.78485,260.08487,260.48486,260.68488,260.98486,261.18488,261.38486,261.58487,261.88486,262.08487,262.38486,262.68488,262.88486,263.28485,263.48486,263.88486,263.98486,264.08487,264.18488,264.18488,264.18488,264.28485,264.28485,264.38486,264.48486,264.68488,264.88486,264.68488,264.88486,264.48486,264.48486,264.28485,264.08487,264.08487,263.98486,263.98486,264.18488,264.08487,263.58487,262.88486,262.68488,262.48486,262.18488,262.28485,262.18488,262.08487,261.98486,261.88486,261.88486,261.78485,261.68488,261.48486,261.38486,261.28485,261.08487,260.38486,259.68488
258.58487,258.68488,258.78485,258.98486,259.38486,259.78485,260.28485,260.68488,260.98486,261.28485,261.48486,261.58487,261.78485,262.08487,262.38486,262.68488,262.98486,263.18488,263.28485,263.48486,263.48486,263.58487,263.58487,263.68488,263.78485,263.78485,263.78485,263.88486,263.88486,263.88486,263.78485,263.78485,263.68488,263.58487,263.48486,263.48486,263.18488,262.78485,262.48486,262.88486,262.48486,262.28485,261.88486,261.58487,261.48486,261.38486,261.18488,261.18488,261.08487,260.78485,260.38486,260.68488,260.58487,259.68488,258.98486,258.58487,258.18488,257.68488,257.58487,257.98486
257.88486,257.98486,257.98486,258.08487,258.38486,258.78485,259.28485,259.78485,260.18488,260.58487,260.98486,261.18488,261.18488,261.28485,261.48486,261.68488,262.08487,262.38486,262.58487,262.68488,262.68488,262.78485,262.98486,263.08487,263.18488,263.28485,263.28485,263.28485,263.28485,263.28485,263.28485,263.28485,263.08487,262.98486,263.18488,262.88486,262.48486,262.18488,261.98486,262.18488,261.68488,261.18488,260.88486,260.58487,260.28485,260.08487,259.88486,259.68488,259.58487,259.48486,259.38486,258.98486,258.38486,257.58487,257.38486,258.38486,258.28485,257.58487,257.08487,256.68488
256.78485,257.18488,257.38486,257.38486,257.28485,257.58487,257.88486,258.28485,258.68488,259.08487,259.58487,259.88486,260.28485,260.58487,260.88486,261.18488,261.48486,261.68488,261.88486,261.88486,261.88486,261.98486,262.28485,262.48486,262.58487,262.78485,262.88486,262.88486,262.68488,262.58487,262.38486,262.38486,262.28485,262.18488,262.08487,261.78485,261.58487,261.38486,261.28485,260.98486,260.58487,260.28485,259.98486,259.78485,259.48486,259.28485,259.08487,258.88486,258.88486,258.48486,257.68488,257.38486,257.78485,257.98486,257.58487,257.28485,256.98486,256.78485,256.68488,256.48486
255.98486,256.08487,256.18488,256.48486,256.78485,256.98486,257.18488,257.38486,257.68488,257.88486,257.98486,258.28485,258.38486,258.88486,259.48486,259.98486,260.38486,260.68488,260.98486,261.18488,261.28485,261.68488,262.08487,262.08487,261.78485,261.78485,262.08487,262.08487,261.98486,261.68488,261.48486,261.48486,261.28485,260.98486,260.78485,260.58487,260.18488,260.08487,260.38486,259.88486,259.58487,259.38486,259.08487,258.88486,258.78485,258.78485,258.78485,258.58487,258.28485,258.08487,258.08487,258.18488,258.08487,257.88486,257.78485,257.58487,257.38486,257.08487,256.78485,256.48486
254.68486,254.78487,255.28487,255.48486,255.58487,255.78487,256.18488,256.48486,256.68488,256.88486,257.08487,257.28485,257.48486,257.68488,257.88486,258.08487,258.38486,258.78485,259.18488,259.58487,259.78485,259.98486,260.18488,260.68488,260.78485,260.88486,260.88486,260.78485,260.78485,260.68488,260.48486,260.28485,259.98486,259.78485,259.58487,259.48486,259.38486,259.18488,258.98486,258.88486,258.78485,258.58487,258.58487,258.58487,258.58487,258.68488,258.68488,258.68488,258.68488,258.58487,258.58487,258.48486,258.38486,258.18488,257.88486,257.48486,257.08487,256.68488,256.38486,256.18488
253.48486,253.68486,253.78487,253.98486,254.28487,254.68486,254.98486,255.38486,255.78487,256.08487,256.38486,256.58487,256.68488,257.08487,257.38486,257.58487,257.58487,257.58487,257.58487,257.58487,257.58487,257.68488,257.98486,258.18488,258.48486,258.48486,258.88486,259.18488,259.28485,259.38486,259.28485,259.38486,259.18488,259.08487,258.88486,258.98486,258.68488,258.48486,258.48486,258.48486,258.18488,258.28485,258.38486,258.38486,258.18488,258.28485,258.38486,258.38486,258.38486,258.28485,258.18488,257.98486,257.78485,257.48486,257.08487,256.58487,256.18488,255.78487,255.58487,255.38486
252.08487,251.98486,252.18486,252.18486,252.68486,253.58487,254.18486,254.68486,254.98486,255.48486,255.78487,255.78487,255.78487,256.18488,256.48486,256.48486,256.48486,256.58487,256.68488,256.88486,256.88486,256.78485,256.68488,256.78485,256.68488,256.68488,256.78485,256.88486,256.98486,256.98486,257.18488,257.48486,257.48486,257.38486,257.38486,257.58487,257.68488,257.58487,257.38486,257.38486,257.28485,257.18488,257.08487,257.18488,256.88486,256.68488,256.68488,256.68488,256.68488,256.58487,256.58487,256.58487,256.58487,256.48486,256.38486,256.28485,256.18488,255.98486,255.88486,255.68486
251.58487,251.38486,251.38486,251.58487,251.58487,251.88486,252.58487,253.48486,254.08487,254.58487,254.78487,254.88486,254.98486,255.28487,255.58487,255.88486,255.98486,256.08487,256.18488,256.28485,256.28485,256.28485,256.28485,256.18488,255.88486,255.98486,256.18488,255.98486,255.98486,255.88486,255.88486,255.68486,255.68486,255.68486,255.68486,255.68486,255.68486,255.58487,255.58487,255.68486,255.78487,255.88486,255.88486,255.98486,255.98486,256.08487,256.08487,256.28485,256.18488,255.88486,255.68486,255.58487,255.48486,255.48486,255.58487,255.68486,255.78487,255.78487,255.88486,255.88486
251.68486,251.48486,251.08487,250.88486,250.78487,250.88486,251.48486,252.28487,252.68486,253.08487,253.28487,253.58487,253.78487,253.88486,254.08487,254.38486,254.58487,254.78487,254.98486,255.18486,255.28487,255.28487,255.18486,255.18486,255.08487,255.08487,254.98486,255.08487,255.18486,255.28487,255.38486,255.38486,255.48486,255.48486,255.38486,255.08487,255.08487,254.68486,254.68486,254.48486,254.48486,254.58487,254.68486,254.88486,254.78487,254.58487,255.38486,255.48486,255.08487,255.78487,255.28487,254.18486,253.88486,254.18486,254.88486,255.58487,255.88486,255.88486,255.68486,255.68486
251.58487,251.58487,251.48486,251.38486,251.18486,250.98486,250.68486,250.48486,250.58487,250.88486,251.28487,251.78487,252.08487,252.58487,252.78487,252.88486,253.08487,253.28487,253.58487,253.68486,253.78487,253.88486,253.98486,254.08487,254.28487,254.28487,254.28487,254.08487,253.98486,254.08487,254.18486,254.18486,254.18486,254.28487,254.28487,254.28487,254.48486,254.98486,255.28487,255.28487,255.38486,255.28487,254.98486,254.78487,254.48486,254.48486,254.58487,254.98486,255.18486,255.48486,255.78487,255.38486,254.78487,255.48486,256.28485,256.68488,256.78485,256.78485,256.58487,256.38486
251.28487,251.28487,251.28487,251.28487,251.18486,251.28487,251.28487,251.18486,251.08487,250.88486,250.88486,250.98486,251.18486,251.28487,251.68486,251.88486,252.18486,252.28487,252.28487,252.48486,252.68486,252.78487,252.88486,252.78487,252.88486,252.98486,252.78487,252.68486,252.88486,253.18486,253.08487,253.08487,253.28487,253.48486,253.58487,253.68486,253.68486,253.88486,253.78487,253.98486,254.08487,254.28487,254.38486,254.58487,254.58487,254.68486,254.88486,254.78487,254.88486,255.08487,255.48486,255.98486,256.68488,257.28485,256.98486,256.78485,257.28485,257.58487,257.58487,257.58487
251.28487,251.38486,251.48486,251.28487,251.08487,251.18486,251.38486,251.48486,251.58487,251.68486,251.68486,251.58487,251.38486,251.38486,251.38486,251.38486,251.48486,251.48486,251.48486,251.58487,251.68486,251.88486,251.88486,251.78487,251.78487,251.78487,251.88486,252.28487,252.08487,251.78487,251.98486,251.58487,251.38486,251.48486,251.48486,251.68486,251.68486,251.78487,252.18486,252.38486,252.78487,252.98486,252.98486,253.08487,252.98486,252.78487,252.58487,252.58487,252.88486,253.08487,253.48486,253.98486,254.78487,255.88486,256.88486,256.98486,258.08487,257.68488,258.28485,258.68488
250.68486,250.98486,251.18486,251.38486,251.58487,251.48486,251.18486,251.38486,251.58487,251.58487,251.88486,252.08487,252.08487,251.88486,251.78487,251.58487,251.38486,251.18486,250.98486,250.78487,250.78487,250.88486,251.18486,251.28487,251.38486,251.48486,251.58487,251.78487,251.68486,251.48486,251.08487,250.98486,250.68486,250.38486,250.18486,249.98486,249.68486,249.78487,249.88486,250.08487,250.38486,250.58487,250.68486,250.88486,251.08487,251.28487,251.38486,251.68486,252.08487,252.38486,252.78487,253.18486,254.08487,255.08487,255.88486,256.68488,257.78485,258.28485,258.98486,259.78485
251.78487,251.38486,250.98486,251.08487,251.58487,251.98486,251.98486,251.78487,251.88486,252.18486,252.38486,252.58487,252.58487,252.58487,252.48486,252.28487,251.88486,251.58487,251.18486,251.08487,250.88486,250.98486,250.98486,251.08487,251.38486,251.48486,251.48486,251.48486,251.28487,251.18486,250.78487,250.68486,250.48486,250.48486,250.18486,249.78487,249.28487,249.28487,248.78487,248.78487,248.98486,249.18486,249.38486,249.48486,249.28487,249.38486,249.68486,250.08487,250.58487,251.18486,251.68486,252.38486,253.28487,254.58487,255.78487,256.58487,257.28485,258.08487,258.78485,259.38486
