wind-weather/data/weather/current/current-temp-isobaric-500hPa-gfs-1.0.json
{"header": {"discipline":0,"disciplineName":"Meteorologicalproducts","gribEdition":2,"gribLength":33516,"center":7,"centerName":"USNationalWeatherService-NCEP(WMC)","subcenter":0,"refTime":"2017-11-24T12:00:00.000Z","significanceOfRT":0,"significanceOfRTName":"Analysis","productStatus":0,"productStatusName":"Operationalproducts","productType":0,"productTypeName":"Analysisproducts","productDefinitionTemplate":0,"productDefinitionTemplateName":"Analysis/forecastathorizontallevel/layeratapointintime","parameterCategory":0,"parameterCategoryName":"Temperature","parameterNumber":0,"parameterNumberName":"Temperature","parameterUnit":"K","genProcessType":0,"genProcessTypeName":"Analysis","forecastTime":0,"surface1Type":100,"surface1TypeName":"Isobaricsurface","surface1Value":50000.0,"surface2Type":255,"surface2TypeName":"Missing","surface2Value":0.0,"gridDefinitionTemplate":0,"gridDefinitionTemplateName":"Latitude_Longitude","numberPoints":65160,"shape":6,"shapeName":"Earthsphericalwithradiusof6,371,229.0m","gridUnits":"degrees","resolution":48,"winds":"true","scanMode":0,"nx":360,"ny":181,"basicAngle":0,"lo1":0.0,"la1":90.0,"lo2":359.0,"la2":-90.0,"dx":1.0,"dy":1.0}, "data":
[rows 26 to 51 of 181, columns 120 to 179 of 360]
231.21843,230.81844,230.61844,230.51843,230.41843,230.41843,231.11844,231.91843,231.61844,230.81844,231.01843,231.41843,231.41843,231.81844,231.61844,231.51843,231.51843,231.81844,232.21843,232.81844,233.81844,235.01843,236.21843,237.51843,237.71843,239.01843,240.01843,240.11844,240.61844,241.31844,241.61844,242.21843,242.71843,242.71843,242.81844,243.51843,244.31844,244.91843,246.21843,248.01843,249.01843,249.61844,249.71843,249.21843,249.61844,249.61844,248.81844,247.51843,246.91843,246.61844,246.51843,246.61844,246.91843,247.21843,247.41843,247.51843,247.51843,247.31844,247.11844,246.91843
230.81844,230.31844,230.01843,229.81844,229.61844,229.41843,229.51843,229.81844,229.91843,230.11844,230.71843,231.21843,231.31844,231.61844,231.61844,231.51843,231.51843,231.81844,232.31844,233.51843,234.11844,235.71843,236.81844,237.41843,238.21843,239.31844,240.11844,240.11844,240.51843,241.91843,242.11844,242.21843,242.31844,242.91843,242.81844,243.31844,243.61844,243.91843,244.01843,244.11844,245.41843,247.51843,247.71843,248.81844,250.31844,249.61844,249.31844,249.51843,249.91843,250.01843,249.81844,249.01843,248.31844,247.21843,247.01843,247.21843,247.31844,248.01843,248.41843,248.81844
230.81844,230.41843,229.91843,229.61844,229.21843,228.81844,228.91843,229.11844,229.41843,229.81844,230.41843,230.91843,231.21843,231.41843,231.51843,231.51843,231.51843,231.91843,232.31844,233.31844,234.61844,236.01843,236.61844,237.31844,238.21843,239.21843,239.61844,239.71843,240.81844,242.11844,242.21843,242.11844,241.91843,242.11844,242.41843,242.51843,242.71843,243.01843,243.31844,244.61844,245.81844,247.61844,249.21843,249.11844,249.41843,249.91843,250.31844,250.61844,251.11844,251.91843,251.91843,252.01843,251.81844,249.81844,248.81844,248.21843,248.11844,248.31844,248.31844,248.31844
230.91843,230.51843,230.01843,229.41843,228.81844,228.31844,228.21843,228.31844,228.61844,229.11844,229.81844,230.51843,231.01843,231.21843,231.31844,231.41843,231.51843,231.61844,232.21843,233.01843,234.11844,235.61844,236.91843,237.61844,238.01843,239.11844,240.21843,239.91843,240.01843,241.11844,242.01843,241.81844,241.61844,240.81844,240.71843,241.01843,241.71843,242.61844,244.51843,246.51843,248.51843,249.11844,249.71843,249.81844,250.21843,252.41843,251.71843,251.51843,252.31844,252.51843,252.31844,252.51843,252.21843,251.81844,251.01843,250.11844,249.21843,248.51843,248.41843,248.71843
230.71843,230.41843,229.81844,229.11844,228.31844,227.91843,227.81844,227.91843,228.21843,228.71843,229.21843,229.81844,230.41843,230.71843,230.71843,230.91843,231.21843,231.31844,231.41843,232.21843,233.61844,234.91843,236.31844,237.11844,238.01843,238.61844,239.71843,240.71843,240.71843,241.01843,241.91843,241.51843,240.51843,238.91843,238.61844,239.61844,241.21843,242.71843,245.81844,247.91843,249.51843,250.81844,250.41843,252.61844,252.71843,251.21843,252.01843,251.81844,251.51843,251.61844,251.41843,251.51843,251.61844,251.71843,251.51843,251.31844,250.91843,250.31844,249.81844,248.91843
230.31844,229.91843,229.41843,228.61844,228.11844,227.81844,227.61844,227.81844,228.01843,228.31844,228.61844,229.01843,229.51843,230.01843,230.01843,230.21843,230.81844,231.01843,230.91843,231.31844,232.21843,233.61844,235.31844,236.61844,237.21843,238.11844,239.31844,240.31844,241.01843,241.01843,241.61844,241.61844,241.01843,240.41843,239.51843,239.41843,240.31844,241.91843,244.21843,247.11844,249.11844,249.91843,250.61844,250.81844,251.01843,252.01843,252.71843,253.01843,253.01843,252.71843,252.01843,251.71843,251.51843,251.61844,251.71843,251.91843,251.91843,251.71843,251.21843,250.81844
230.11844,229.81844,229.31844,228.71843,228.21843,227.91843,227.91843,227.91843,227.91843,228.31844,228.41843,228.71843,229.01843,229.01843,228.91843,229.21843,230.01843,230.41843,230.61844,230.61844,230.81844,231.41843,232.41843,235.01843,236.41843,237.11844,238.31844,239.41843,240.51843,241.41843,242.21843,242.81844,243.01843,243.01843,241.91843,240.81844,241.31844,242.21843,243.31844,246.11844,248.31844,249.71843,250.71843,250.31844,251.91843,252.51843,253.41843,253.51843,253.51843,253.21843,252.61844,252.11844,252.01843,252.11844,252.11844,251.81844,251.51843,251.51843,251.51843,251.21843
230.61844,230.01843,229.91843,229.51843,229.41843,229.11844,228.61844,228.51843,228.41843,228.41843,228.51843,228.61844,228.71843,228.51843,228.31844,228.81844,229.61844,230.21843,229.91843,229.71843,229.21843,229.61844,230.81844,232.01843,234.31844,236.11844,236.91843,238.01843,239.51843,240.41843,241.41843,242.21843,242.41843,242.71843,241.71843,240.01843,239.91843,241.21843,242.51843,245.51843,248.31844,248.71843,250.11844,251.01843,252.01843,252.41843,253.61844,253.91843,254.01843,253.61844,252.81844,252.61844,252.81844,252.51843,252.21843,251.91843,251.51843,251.21843,251.01843,250.91843
230.11844,230.01843,229.81844,229.41843,229.21843,228.81844,229.11844,229.01843,228.81844,228.61844,228.61844,228.71843,228.51843,227.91843,227.81844,228.41843,229.01843,229.61844,229.41843,228.81844,228.61844,228.71843,229.21843,230.11844,231.21843,233.41843,235.21843,236.31844,237.31844,238.61844,239.61844,240.01843,239.91843,239.31844,238.31844,237.31844,237.51843,240.11844,242.91843,244.21843,246.11844,248.81844,249.71843,250.31844,251.91843,252.41843,253.41843,253.51843,253.91843,253.31844,253.01843,253.31844,253.11844,252.91843,252.71843,252.31844,251.91843,251.61844,251.31844,251.11844
231.11844,230.91843,231.01843,230.81844,230.41843,230.31844,229.81844,229.61844,229.31844,229.21843,228.81844,228.71843,228.61844,228.21843,227.91843,227.81844,228.51843,228.91843,228.71843,228.71843,228.71843,228.51843,228.31844,227.81844,228.41843,230.21843,232.41843,233.81844,235.01843,236.11844,236.81844,237.01843,237.01843,236.51843,236.01843,236.11844,236.41843,238.61844,241.91843,244.21843,246.11844,247.71843,249.51843,251.01843,252.41843,252.21843,252.71843,253.91843,254.01843,253.51843,253.71843,253.61844,253.51843,253.31844,253.11844,252.71843,252.51843,252.31844,252.11844,251.81844
231.71843,230.81844,230.71843,231.21843,230.71843,230.81844,230.71843,230.21843,230.01843,229.81844,229.51843,229.21843,228.91843,228.61844,228.51843,227.81844,228.31844,228.51843,228.71843,228.71843,228.31844,228.11844,227.81844,227.51843,227.81844,228.41843,229.41843,230.91843,232.21843,233.21843,233.91843,234.11844,234.21843,234.31844,234.41843,234.81844,235.11844,237.61844,241.71843,245.71843,246.21843,247.21843,248.91843,250.81844,252.71843,252.31844,253.21843,254.51843,254.21843,254.01843,254.11844,253.91843,253.41843,253.31844,253.21843,252.91843,252.81844,252.91843,252.91843,252.71843
232.31844,231.71843,231.51843,231.21843,231.41843,231.01843,230.91843,230.71843,230.71843,230.71843,230.51843,230.01843,229.61844,229.21843,229.11844,228.81844,228.81844,228.71843,228.31844,228.81844,228.71843,229.01843,228.01843,227.71843,227.61844,227.81844,228.61844,230.01843,231.11844,231.91843,232.81844,233.31844,233.91843,234.31844,234.41843,234.51843,235.21843,236.51843,240.91843,245.11844,246.01843,247.31844,249.21843,250.61844,252.81844,252.61844,253.91843,255.21843,254.71843,254.61844,254.01843,253.61844,253.81844,254.21843,253.81844,253.91843,254.11844,254.21843,254.11844,253.81844
233.01843,232.71843,232.61844,232.01843,232.01843,232.11844,232.01843,231.81844,231.71843,231.41843,231.31844,231.11844,230.71843,230.31844,230.01843,229.61844,229.31844,228.91843,228.61844,228.31844,228.51843,228.51843,228.61844,228.71843,228.51843,228.91843,229.51843,230.91843,231.91843,232.61844,233.11844,233.41843,233.71843,233.91843,233.61844,233.61844,234.41843,236.01843,240.71843,245.41843,245.71843,247.21843,249.61844,250.51843,252.81844,253.11844,254.81844,255.81844,255.41843,255.11844,254.11844,253.91843,254.41843,254.31844,254.71843,255.01843,255.11844,255.11844,255.11844,254.81844
233.61844,233.51843,233.41843,233.21843,233.11844,233.21843,233.11844,232.81844,232.71843,232.41843,232.21843,231.71843,231.81844,231.81844,231.41843,231.11844,230.91843,230.21843,229.61844,229.41843,229.51843,229.31844,229.31844,229.51843,229.61844,230.11844,230.81844,231.81844,232.61844,233.11844,233.11844,233.21843,233.31844,233.41843,233.21843,233.81844,234.71843,236.31844,242.01843,245.51843,245.61844,247.41843,250.01843,251.01843,252.41843,253.81844,255.21843,256.31842,256.11844,255.81844,254.71843,254.91843,255.71843,255.61844,255.91843,255.91843,256.11844,256.11844,255.91843,255.71843
234.21843,234.31844,234.31844,234.31844,234.31844,234.41843,234.21843,233.71843,233.51843,233.31844,233.21843,233.01843,232.81844,232.51843,232.31844,232.11844,232.41843,232.11844,231.71843,231.01843,230.61844,229.91843,230.61844,230.21843,229.81844,231.41843,232.11844,232.11844,232.21843,232.41843,232.71843,232.91843,233.41843,233.81844,233.61844,234.11844,235.51843,237.71843,242.91843,245.61844,245.91843,247.91843,250.61844,252.01843,251.91843,254.01843,255.21843,256.51843,256.71844,256.91843,255.41843,256.01843,256.81842,256.81842,257.11844,257.31842,257.21844,256.91843,256.71844,256.21844
233.81844,234.11844,234.51843,234.91843,235.11844,235.31844,235.31844,234.71843,234.41843,234.01843,233.91843,233.71843,233.61844,233.81844,233.71843,233.41843,233.41843,233.41843,233.21843,232.21843,233.21843,231.31844,231.81844,231.61844,231.81844,231.71843,231.81844,232.11844,232.31844,233.01843,233.51843,233.61844,233.81844,234.01843,234.41843,235.41843,236.61844,239.71843,244.01843,246.01843,246.71843,248.51843,251.31844,252.91843,252.61844,253.51843,255.91843,256.71844,257.81842,258.11844,256.21844,256.91843,257.91843,257.71844,258.21844,258.01843,257.81842,257.61844,257.11844,256.51843
232.91843,233.21843,233.91843,234.21843,234.91843,235.21843,235.31844,235.31844,235.11844,235.01843,234.81844,234.31844,234.51843,234.31844,234.31844,234.21843,234.51843,234.81844,233.91843,232.51843,234.61844,233.21843,233.61844,233.31844,232.71843,232.71843,232.91843,232.71843,232.91843,233.31844,233.51843,234.01843,234.71843,234.91843,235.61844,236.61844,237.91843,240.81844,243.81844,246.21843,247.31844,249.51843,252.11844,254.01843,253.41843,254.51843,256.61844,257.31842,258.01843,259.01843,256.61844,257.91843,258.61844,258.41843,258.71844,258.41843,258.11844,257.91843,257.51843,257.21844
232.11844,232.81844,233.11844,233.91843,234.61844,235.11844,235.51843,235.81844,235.81844,235.31844,235.01843,235.21843,234.71843,234.61844,234.51843,234.61844,235.41843,235.31844,233.21843,235.21843,235.11844,234.41843,234.71843,234.41843,234.31844,234.21843,234.21843,234.21843,234.11844,234.21843,234.51843,234.91843,235.41843,236.31844,236.91843,237.11844,238.51843,240.71843,243.81844,246.51843,248.31844,250.91843,253.11844,255.11844,254.91843,257.11844,257.11844,258.91843,258.71844,258.91843,257.21844,259.01843,259.11844,258.91843,259.21844,258.81842,258.61844,258.31842,258.11844,258.11844
231.71843,232.01843,232.61844,233.01843,233.81844,234.51843,235.11844,235.51843,235.61844,235.71843,235.61844,235.41843,235.21843,235.21843,235.31844,235.71843,235.91843,234.71843,235.51843,236.21843,235.41843,235.01843,235.21843,235.41843,235.41843,235.11844,234.91843,234.91843,235.21843,235.41843,235.61844,236.41843,237.31844,237.61844,237.41843,238.31844,240.11844,241.91843,245.61844,247.41843,250.31844,252.31844,254.31844,256.71844,258.31842,257.41843,259.21844,259.41843,260.11844,258.71844,259.21844,260.11844,259.81842,259.61844,259.81842,259.51843,259.41843,259.21844,259.11844,259.21844
232.21843,232.21843,232.81844,232.71843,233.51843,233.91843,234.51843,234.91843,235.41843,235.11844,236.01843,235.81844,236.01843,236.11844,236.21843,236.21843,235.21843,236.21843,236.21843,236.11844,235.51843,235.01843,235.41843,235.61844,235.81844,235.31844,235.31844,235.61844,235.91843,236.21843,237.01843,237.81844,238.21843,238.11844,238.91843,240.31844,241.71843,244.51843,247.21843,249.91843,252.51843,253.81844,255.71843,258.71844,258.51843,259.21844,260.51843,260.71844,260.21844,258.71844,260.51843,260.71844,260.41843,260.31842,260.41843,260.21844,260.11844,260.01843,260.11844,260.11844
233.11844,233.51843,233.61844,233.01843,233.21843,233.61844,234.11844,234.61844,235.11844,235.41843,235.61844,235.91843,236.11844,236.11844,236.21843,235.61844,236.51843,236.41843,236.21843,235.91843,235.51843,235.11844,235.31844,236.71843,235.61844,235.51843,235.91843,236.01843,236.31844,236.91843,237.41843,238.81844,238.41843,239.11844,240.71843,242.31844,244.61844,246.81844,249.91843,252.61844,254.11844,255.31844,256.91843,259.41843,259.71844,259.41843,259.81842,260.11844,260.21844,260.01843,261.31842,261.31842,261.21844,261.11844,261.11844,261.11844,261.01843,260.91843,260.91843,261.01843
233.61844,233.91843,234.01843,234.31844,234.61844,234.41843,234.01843,234.41843,234.71843,235.01843,235.81844,235.31844,236.11844,236.01843,235.91843,236.11844,236.21843,236.01843,235.81844,235.71843,235.31844,235.61844,235.51843,235.91843,235.61844,235.61844,235.81844,235.71843,236.21843,237.51843,238.61844,240.21843,240.51843,241.51843,243.11844,244.81844,246.91843,249.51843,252.71843,254.51843,255.51843,256.41843,257.41843,259.61844,259.31842,258.91843,260.01843,260.11844,260.01843,261.61844,261.71844,261.81842,261.91843,261.91843,262.01843,261.81842,261.71844,261.51843,261.41843,261.51843
235.31844,236.31844,236.31844,236.61844,236.51843,236.11844,235.41843,234.81844,235.41843,234.91843,233.91843,234.81844,235.21843,235.41843,235.41843,235.61844,235.61844,235.51843,235.61844,235.51843,235.11844,235.41843,235.41843,235.91843,236.11844,235.41843,235.41843,236.21843,237.71843,240.81844,241.01843,241.81844,242.81844,244.21843,245.11844,247.91843,249.71843,252.11844,254.41843,256.01843,257.01843,257.51843,258.91843,259.41843,259.91843,260.21844,260.01843,260.81842,261.61844,262.31842,262.31842,262.51843,262.61844,262.71844,262.61844,262.51843,262.31842,262.11844,262.01843,261.91843
237.61844,237.91843,238.11844,238.31844,238.31844,238.01843,237.51843,237.41843,237.41843,236.01843,233.61844,234.31844,234.71843,235.11844,235.41843,235.21843,234.71843,234.81844,235.21843,235.11844,234.71843,234.51843,234.91843,234.71843,233.91843,235.61844,237.01843,238.61844,242.11844,244.31844,243.71843,244.91843,244.81844,244.81844,248.31844,250.21843,252.31844,254.31844,256.01843,257.51843,258.41843,258.81842,260.51843,261.11844,261.71844,261.41843,260.81842,261.81842,262.61844,262.81842,263.01843,263.31842,263.31842,263.21844,263.21844,263.11844,263.01843,262.81842,262.71844,262.51843
240.51843,240.01843,239.91843,239.51843,239.11844,239.11844,239.01843,240.01843,239.11844,238.21843,237.41843,236.81844,236.91843,236.71843,237.11844,236.91843,236.41843,235.91843,235.61844,235.41843,235.11844,234.91843,234.31844,234.31844,235.71843,237.41843,239.81844,241.21843,244.81844,244.31844,244.61844,244.61844,245.11844,248.11844,250.81844,254.31844,255.11844,256.01843,257.91843,259.31842,260.01843,259.81842,261.21844,262.31842,262.41843,262.01843,261.81842,262.91843,263.21844,263.41843,263.71844,264.01843,263.91843,263.91843,263.81842,263.71844,263.41843,263.01843,262.61844,262.11844
242.51843,242.31844,242.31844,241.81844,241.41843,241.41843,241.61844,242.21843,241.21843,241.01843,240.51843,240.21843,239.91843,239.81844,240.01843,239.81844,239.41843,239.01843,238.51843,238.31844,237.21843,236.41843,236.21843,236.71843,238.71843,241.61844,243.11844,243.11844,244.11844,245.61844,246.71843,246.71843,249.31844,251.21843,255.51843,257.01843,257.41843,258.41843,260.21844,260.81842,261.51843,261.61844,262.71844,263.01843,262.91843,262.41843,263.21844,263.61844,263.81842,264.01843,264.41843,264.41843,264.41843,264.61844,264.11844,262.81842,262.41843,262.11844,261.61844,261.31842
