wind-weather/data/weather/current/current-temp-isobaric-10hPa-gfs-1.0.json
{"header": {"discipline":0,"disciplineName":"Meteorologicalproducts","gribEdition":2,"gribLength":19481,"center":7,"centerName":"USNationalWeatherService-NCEP(WMC)","subcenter":0,"refTime":"2017-11-24T12:00:00.000Z","significanceOfRT":0,"significanceOfRTName":"Analysis","productStatus":0,"productStatusName":"Operationalproducts","productType":0,"productTypeName":"Analysisproducts","productDefinitionTemplate":0,"productDefinitionTemplateName":"Analysis/forecastathorizontallevel/layeratapointintime","parameterCategory":0,"parameterCategoryName":"Temperature","parameterNumber":0,"parameterNumberName":"Temperature","parameterUnit":"K","genProcessType":0,"genProcessTypeName":"Analysis","forecastTime":0,"surface1Type":100,"surface1TypeName":"Isobaricsurface","surface1Value":1000.0,"surface2Type":255,"surface2TypeName":"Missing","surface2Value":0.0,"gridDefinitionTemplate":0,"gridDefinitionTemplateName":"Latitude_Longitude","numberPoints":65160,"shape":6,"shapeName":"Earthsphericalwithradiusof6,371,229.0m","gridUnits":"degrees","resolution":48,"winds":"true","scanMode":0,"nx":360,"ny":181,"basicAngle":0,"lo1":0.0,"la1":90.0,"lo2":359.0,"la2":-90.0,"dx":1.0,"dy":1.0}, "data":
[rows 68 to 101 of 181, columns 154 to 230 of 360]
223.7,223.8,223.9,224.1,224.2,224.4,224.6,224.8,224.9,225.1,225.2,225.2,225.2,225.2,225.2,225.1,225.2,225.2,225.2,225.2,225.2,225.2,225.2,225.2,225.2,225.2,225.2,225.2,225.2,225.2,225.2,225.3,225.3,225.4,225.5,225.7,225.8,225.9,225.9,226.0,226.0,226.0,226.1,226.1,226.2,226.3,226.4,226.5,226.6,226.6,226.7,226.8,226.9,227.0,227.1,227.3,227.4,227.5,227.6,227.8,227.8,227.9,228.0,228.1,228.2,228.3,228.4,228.5,228.6,228.6,228.7,228.7,228.8,228.8,228.9,228.9,229.0
224.4,224.5,224.6,224.8,224.9,225.1,225.3,225.4,225.6,225.7,225.8,225.9,226.0,226.0,226.0,225.9,226.0,225.9,225.9,225.9,225.9,225.8,225.8,225.7,225.7,225.7,225.7,225.7,225.7,225.8,225.8,225.8,225.9,225.9,226.0,226.1,226.2,226.3,226.3,226.4,226.4,226.4,226.5,226.6,226.7,226.7,226.8,226.9,227.0,227.1,227.2,227.3,227.4,227.5,227.7,227.8,227.9,228.1,228.2,228.3,228.3,228.4,228.5,228.6,228.7,228.8,228.8,228.9,229.0,229.1,229.2,229.2,229.3,229.3,229.3,229.3,229.3
225.4,225.4,225.5,225.7,225.8,226.0,226.1,226.2,226.4,226.5,226.5,226.6,226.7,226.7,226.8,226.8,226.8,226.8,226.8,226.8,226.7,226.6,226.6,226.5,226.5,226.5,226.5,226.5,226.5,226.5,226.4,226.4,226.5,226.5,226.5,226.6,226.7,226.8,226.9,226.9,227.0,227.1,227.1,227.2,227.3,227.4,227.5,227.5,227.6,227.7,227.8,228.0,228.1,228.2,228.3,228.4,228.6,228.7,228.8,228.8,228.9,229.1,229.1,229.2,229.3,229.3,229.3,229.4,229.5,229.6,229.6,229.7,229.6,229.6,229.6,229.5,229.5
226.3,226.4,226.4,226.5,226.6,226.7,226.8,226.9,227.0,227.0,227.1,227.1,227.3,227.4,227.5,227.6,227.7,227.7,227.7,227.6,227.5,227.5,227.4,227.3,227.3,227.3,227.2,227.2,227.2,227.1,227.0,227.0,227.0,227.0,227.1,227.2,227.3,227.4,227.5,227.6,227.7,227.7,227.8,227.9,228.0,228.1,228.2,228.2,228.3,228.4,228.5,228.6,228.7,228.8,228.9,229.0,229.1,229.2,229.3,229.4,229.5,229.6,229.6,229.7,229.7,229.7,229.8,229.8,229.9,229.9,229.9,229.9,229.8,229.8,229.7,229.7,229.8
227.4,227.4,227.4,227.4,227.4,227.4,227.4,227.5,227.5,227.6,227.6,227.8,227.9,228.1,228.3,228.4,228.5,228.6,228.5,228.5,228.4,228.4,228.3,228.3,228.3,228.2,228.1,228.0,227.9,227.8,227.7,227.7,227.7,227.8,227.8,227.9,228.0,228.1,228.3,228.4,228.5,228.6,228.7,228.8,228.9,229.0,229.0,229.0,229.0,229.1,229.2,229.3,229.4,229.5,229.6,229.6,229.7,229.8,229.9,229.9,230.0,230.0,230.0,230.1,230.1,230.1,230.2,230.2,230.2,230.2,230.2,230.1,230.0,230.0,230.0,230.0,230.1
228.3,228.2,228.2,228.1,228.0,228.0,227.9,228.0,228.0,228.1,228.2,228.3,228.5,228.7,228.8,229.0,229.2,229.3,229.3,229.3,229.2,229.2,229.2,229.2,229.2,229.1,229.0,228.9,228.7,228.6,228.5,228.4,228.5,228.5,228.6,228.7,228.8,228.9,229.1,229.2,229.3,229.4,229.5,229.6,229.7,229.7,229.7,229.7,229.7,229.7,229.8,229.9,230.0,230.0,230.0,230.1,230.1,230.2,230.2,230.3,230.3,230.3,230.4,230.5,230.5,230.5,230.5,230.5,230.5,230.5,230.4,230.3,230.2,230.2,230.3,230.4,230.5
229.2,229.1,229.1,228.9,228.8,228.7,228.7,228.6,228.7,228.7,228.8,229.0,229.2,229.4,229.6,229.7,229.9,230.0,230.0,230.1,230.1,230.1,230.2,230.2,230.2,230.2,230.1,229.9,229.7,229.5,229.4,229.4,229.4,229.4,229.5,229.6,229.7,229.8,230.0,230.1,230.2,230.4,230.5,230.5,230.6,230.5,230.5,230.4,230.4,230.4,230.4,230.4,230.5,230.5,230.5,230.5,230.5,230.5,230.6,230.6,230.6,230.7,230.8,230.9,230.9,230.9,230.9,230.9,230.9,230.9,230.8,230.7,230.6,230.7,230.8,230.9,231.0
230.0,229.9,229.8,229.7,229.6,229.4,229.3,229.3,229.3,229.4,229.5,229.7,229.9,230.0,230.2,230.3,230.4,230.6,230.7,230.7,230.8,230.9,231.0,231.1,231.1,231.0,230.9,230.8,230.6,230.4,230.3,230.2,230.2,230.3,230.3,230.4,230.5,230.6,230.8,231.0,231.1,231.2,231.3,231.3,231.3,231.2,231.1,231.0,230.9,230.8,230.8,230.9,230.9,230.9,231.0,231.0,230.9,230.9,230.9,230.9,231.0,231.0,231.1,231.2,231.3,231.3,231.3,231.3,231.3,231.3,231.3,231.2,231.2,231.3,231.4,231.4,231.4
230.8,230.7,230.6,230.5,230.3,230.2,230.1,230.1,230.1,230.2,230.3,230.4,230.6,230.8,230.9,231.0,231.1,231.2,231.3,231.5,231.6,231.7,231.8,231.9,232.0,231.9,231.8,231.7,231.5,231.4,231.3,231.2,231.3,231.3,231.3,231.4,231.5,231.6,231.7,231.9,232.0,232.1,232.2,232.2,232.1,231.9,231.8,231.7,231.5,231.4,231.4,231.4,231.5,231.5,231.5,231.5,231.5,231.4,231.4,231.4,231.5,231.5,231.6,231.7,231.8,231.8,231.8,231.9,232.0,232.0,232.0,231.9,232.0,232.0,232.0,232.0,232.0
231.5,231.4,231.3,231.1,231.0,230.9,230.9,230.9,230.9,230.9,231.0,231.2,231.3,231.5,231.6,231.6,231.7,231.8,232.0,232.1,232.3,232.4,232.6,232.7,232.8,232.8,232.7,232.6,232.5,232.4,232.3,232.3,232.3,232.3,232.4,232.4,232.5,232.6,232.7,232.8,232.9,233.0,233.1,233.1,233.0,232.9,232.8,232.5,232.2,232.1,232.1,232.0,232.1,232.2,232.2,232.2,232.2,232.1,232.1,232.1,232.1,232.2,232.3,232.4,232.4,232.5,232.5,232.6,232.7,232.7,232.7,232.7,232.7,232.7,232.6,232.6,232.5
232.0,231.9,231.8,231.7,231.6,231.5,231.5,231.5,231.5,231.6,231.7,231.9,232.0,232.1,232.2,232.3,232.4,232.4,232.6,232.7,232.9,233.0,233.2,233.3,233.4,233.4,233.4,233.4,233.3,233.3,233.3,233.4,233.4,233.4,233.4,233.4,233.4,233.5,233.6,233.6,233.7,233.8,233.9,233.9,233.8,233.7,233.5,233.2,233.0,232.8,232.7,232.7,232.7,232.8,232.8,232.8,232.8,232.8,232.8,232.9,232.9,232.9,232.9,233.0,233.1,233.2,233.2,233.2,233.3,233.4,233.3,233.3,233.2,233.2,233.1,233.0,232.9
232.6,232.5,232.4,232.3,232.2,232.2,232.2,232.2,232.2,232.3,232.4,232.6,232.7,232.9,233.0,233.0,233.1,233.1,233.2,233.3,233.5,233.7,233.9,234.0,234.1,234.1,234.2,234.2,234.3,234.3,234.4,234.5,234.5,234.5,234.4,234.4,234.4,234.4,234.5,234.5,234.6,234.6,234.7,234.7,234.7,234.6,234.4,234.0,233.8,233.6,233.4,233.4,233.4,233.5,233.6,233.6,233.7,233.7,233.7,233.7,233.7,233.7,233.8,233.8,233.9,233.9,234.0,233.9,233.9,233.9,233.9,233.8,233.7,233.6,233.6,233.5,233.4
233.2,233.1,233.0,232.9,232.8,232.8,232.8,232.7,232.8,232.9,233.1,233.2,233.4,233.5,233.7,233.7,233.8,233.8,233.8,234.0,234.1,234.3,234.5,234.6,234.7,234.8,234.8,234.9,235.0,235.1,235.3,235.4,235.4,235.4,235.4,235.3,235.3,235.3,235.3,235.4,235.4,235.4,235.4,235.4,235.4,235.3,235.1,234.8,234.5,234.3,234.1,234.0,234.1,234.2,234.3,234.4,234.5,234.6,234.6,234.6,234.6,234.5,234.5,234.6,234.6,234.6,234.6,234.4,234.4,234.3,234.3,234.2,234.1,234.0,234.0,234.0,234.0
233.9,233.9,233.8,233.7,233.6,233.6,233.5,233.5,233.5,233.6,233.8,234.0,234.1,234.3,234.5,234.6,234.6,234.5,234.6,234.7,234.9,235.0,235.2,235.3,235.3,235.4,235.5,235.7,235.8,235.9,236.1,236.2,236.3,236.4,236.4,236.4,236.4,236.3,236.3,236.3,236.2,236.2,236.2,236.2,236.2,236.1,235.9,235.6,235.3,235.0,234.9,234.8,234.8,234.9,235.1,235.2,235.4,235.5,235.6,235.5,235.5,235.4,235.4,235.3,235.3,235.3,235.1,234.9,234.8,234.7,234.6,234.5,234.5,234.5,234.5,234.6,234.6
234.6,234.6,234.5,234.4,234.4,234.3,234.3,234.2,234.2,234.3,234.4,234.6,234.9,235.0,235.2,235.3,235.3,235.3,235.3,235.4,235.5,235.7,235.8,235.9,235.9,236.0,236.1,236.3,236.4,236.6,236.8,237.0,237.1,237.2,237.2,237.3,237.2,237.2,237.1,237.1,237.0,236.9,236.9,236.9,236.9,236.7,236.6,236.4,236.1,235.8,235.6,235.5,235.5,235.6,235.7,235.9,236.1,236.2,236.3,236.3,236.3,236.2,236.1,235.9,235.9,235.7,235.6,235.4,235.2,235.0,234.9,234.9,234.9,234.9,235.0,235.2,235.3
235.4,235.4,235.4,235.3,235.2,235.2,235.1,235.0,235.0,235.1,235.2,235.3,235.5,235.7,235.9,236.0,236.1,236.1,236.1,236.1,236.2,236.3,236.4,236.5,236.6,236.7,236.8,237.0,237.1,237.3,237.5,237.7,237.9,238.0,238.1,238.1,238.1,238.0,237.9,237.9,237.8,237.7,237.7,237.6,237.6,237.5,237.3,237.1,236.9,236.6,236.4,236.3,236.3,236.3,236.5,236.6,236.8,236.9,237.0,237.1,237.0,236.8,236.6,236.4,236.3,236.1,236.0,235.8,235.6,235.5,235.4,235.4,235.4,235.5,235.6,235.8,235.9
236.0,236.1,236.1,236.0,236.0,236.0,235.9,235.8,235.8,235.8,235.9,236.0,236.1,236.3,236.4,236.6,236.6,236.7,236.7,236.8,236.8,236.9,237.0,237.0,237.1,237.2,237.4,237.5,237.7,237.9,238.1,238.3,238.5,238.6,238.7,238.7,238.7,238.6,238.6,238.5,238.4,238.3,238.3,238.2,238.2,238.1,238.0,237.8,237.5,237.3,237.0,236.9,236.9,236.9,237.0,237.2,237.3,237.4,237.5,237.6,237.5,237.3,237.0,236.8,236.6,236.4,236.4,236.3,236.1,235.9,235.8,235.8,235.9,236.0,236.1,236.3,236.5
236.8,236.9,236.9,236.8,236.8,236.8,236.7,236.6,236.6,236.6,236.6,236.7,236.8,236.8,236.9,237.0,237.2,237.3,237.3,237.4,237.4,237.4,237.5,237.5,237.6,237.7,237.8,238.0,238.2,238.4,238.6,238.9,239.0,239.1,239.2,239.2,239.2,239.2,239.1,239.1,239.0,238.9,238.8,238.8,238.8,238.7,238.5,238.3,238.1,237.9,237.6,237.5,237.4,237.4,237.5,237.6,237.8,237.9,237.9,237.9,237.8,237.6,237.3,237.0,236.9,236.7,236.7,236.7,236.6,236.5,236.3,236.3,236.4,236.5,236.7,236.9,237.0
237.4,237.5,237.6,237.5,237.5,237.4,237.3,237.3,237.2,237.1,237.1,237.1,237.2,237.3,237.4,237.4,237.5,237.6,237.7,237.8,237.8,237.8,237.8,237.9,238.0,238.1,238.2,238.3,238.5,238.8,239.0,239.2,239.4,239.5,239.5,239.6,239.5,239.5,239.5,239.4,239.4,239.3,239.2,239.1,239.1,239.1,238.9,238.7,238.5,238.2,238.0,237.8,237.7,237.8,237.8,237.9,238.1,238.1,238.2,238.1,238.0,237.8,237.5,237.3,237.1,237.0,237.0,237.0,237.0,236.9,236.8,236.8,236.8,237.0,237.1,237.2,237.4
238.1,238.2,238.2,238.2,238.1,238.0,237.9,237.8,237.7,237.6,237.6,237.6,237.6,237.6,237.7,237.8,237.9,238.0,238.1,238.1,238.1,238.1,238.2,238.2,238.3,238.3,238.4,238.6,238.8,239.1,239.3,239.5,239.7,239.8,239.9,239.9,239.8,239.8,239.8,239.7,239.6,239.6,239.5,239.4,239.4,239.3,239.1,238.9,238.7,238.5,238.2,238.0,238.0,238.0,238.1,238.2,238.3,238.3,238.3,238.2,238.1,237.9,237.7,237.4,237.3,237.2,237.3,237.3,237.4,237.3,237.2,237.2,237.2,237.3,237.4,237.5,237.6
238.7,238.8,238.8,238.7,238.6,238.4,238.2,238.1,238.0,238.0,237.9,237.8,237.8,237.9,238.0,238.0,238.1,238.2,238.3,238.3,238.3,238.3,238.3,238.3,238.4,238.4,238.5,238.7,238.9,239.2,239.4,239.7,239.9,240.0,240.0,240.0,240.0,239.9,239.9,239.9,239.8,239.7,239.6,239.6,239.5,239.4,239.2,239.1,238.8,238.6,238.3,238.1,238.0,238.1,238.2,238.3,238.4,238.5,238.4,238.2,238.0,237.9,237.7,237.5,237.4,237.4,237.4,237.5,237.6,237.6,237.5,237.4,237.4,237.5,237.6,237.6,237.7
239.2,239.2,239.2,239.1,238.9,238.7,238.5,238.3,238.2,238.2,238.2,238.1,238.0,238.0,238.1,238.2,238.3,238.4,238.4,238.4,238.4,238.4,238.3,238.3,238.4,238.4,238.5,238.7,238.9,239.1,239.4,239.7,239.9,240.0,240.0,240.0,240.0,240.0,240.0,239.9,239.9,239.8,239.7,239.7,239.6,239.5,239.3,239.1,238.9,238.7,238.4,238.1,238.1,238.1,238.3,238.4,238.5,238.5,238.5,238.2,238.0,237.8,237.7,237.5,237.4,237.4,237.4,237.5,237.6,237.7,237.7,237.6,237.5,237.5,237.6,237.6,237.7
239.4,239.4,239.4,239.3,239.1,238.9,238.6,238.4,238.3,238.3,238.3,238.2,238.1,238.1,238.2,238.3,238.4,238.5,238.5,238.5,238.4,238.4,238.3,238.2,238.2,238.3,238.4,238.5,238.8,239.0,239.3,239.5,239.8,239.9,239.9,240.0,239.9,239.9,239.9,239.9,239.9,239.8,239.7,239.7,239.6,239.5,239.3,239.1,238.9,238.7,238.4,238.2,238.1,238.2,238.3,238.4,238.5,238.6,238.4,238.2,237.9,237.7,237.5,237.4,237.3,237.2,237.3,237.4,237.5,237.6,237.6,237.5,237.4,237.4,237.5,237.5,237.5
239.4,239.4,239.4,239.3,239.1,238.9,238.7,238.5,238.3,238.3,238.3,238.2,238.1,238.1,238.2,238.2,238.3,238.4,238.5,238.5,238.4,238.3,238.1,238.0,238.0,238.0,238.1,238.3,238.6,238.8,239.1,239.3,239.5,239.7,239.7,239.7,239.8,239.8,239.8,239.8,239.8,239.7,239.6,239.6,239.5,239.4,239.2,239.1,238.9,238.7,238.4,238.2,238.1,238.2,238.3,238.4,238.5,238.5,238.3,237.9,237.6,237.4,237.2,237.0,236.9,236.9,236.9,237.0,237.2,237.3,237.4,237.3,237.2,237.2,237.2,237.2,237.2
239.1,239.2,239.2,239.1,238.9,238.7,238.5,238.4,238.2,238.2,238.2,238.0,237.9,237.9,238.0,238.0,238.0,238.1,238.2,238.2,238.1,238.0,237.9,237.8,237.7,237.7,237.8,238.0,238.3,238.6,238.8,239.1,239.2,239.3,239.4,239.5,239.5,239.5,239.6,239.6,239.6,239.5,239.5,239.4,239.4,239.2,239.1,239.0,238.8,238.7,238.4,238.2,238.2,238.2,238.3,238.4,238.4,238.2,237.9,237.6,237.2,237.0,236.7,236.6,236.5,236.4,236.5,236.6,236.8,236.9,237.0,237.0,236.9,236.8,236.8,236.8,236.8
238.7,238.8,238.8,238.7,238.6,238.4,238.2,238.0,238.0,237.9,237.8,237.7,237.6,237.6,237.6,237.6,237.6,237.7,237.8,237.8,237.8,237.7,237.6,237.4,237.4,237.4,237.5,237.8,238.0,238.3,238.5,238.8,238.9,239.0,239.1,239.2,239.2,239.2,239.3,239.3,239.3,239.3,239.2,239.2,239.1,239.0,238.9,238.9,238.7,238.6,238.4,238.2,238.2,238.2,238.2,238.2,238.1,237.8,237.5,237.1,236.8,236.5,236.3,236.1,236.0,236.0,236.1,236.2,236.4,236.5,236.6,236.6,236.5,236.4,236.4,236.4,236.4
238.1,238.2,238.2,238.1,238.0,237.8,237.7,237.6,237.5,237.5,237.4,237.3,237.2,237.2,237.2,237.1,237.1,237.2,237.2,237.2,237.3,237.2,237.1,237.1,237.0,237.1,237.3,237.5,237.8,238.1,238.3,238.4,238.5,238.6,238.7,238.8,238.8,238.9,238.9,238.9,238.9,238.9,238.9,238.8,238.8,238.8,238.7,238.7,238.6,238.4,238.2,238.1,238.1,238.0,237.9,237.8,237.6,237.3,237.0,236.6,236.2,235.9,235.7,235.6,235.5,235.6,235.7,235.8,236.0,236.1,236.1,236.1,236.0,235.9,235.9,235.9,235.8
237.5,237.6,237.6,237.5,237.4,237.2,237.1,237.0,237.0,237.0,237.0,237.0,236.9,236.8,236.7,236.7,236.7,236.8,236.8,236.8,236.9,236.8,236.8,236.8,236.8,236.8,237.0,237.2,237.5,237.8,238.0,238.1,238.2,238.2,238.3,238.4,238.4,238.5,238.5,238.5,238.6,238.5,238.5,238.5,238.5,238.5,238.5,238.4,238.3,238.2,238.1,238.0,237.8,237.6,237.5,237.3,237.1,236.7,236.4,236.0,235.7,235.4,235.2,235.1,235.2,235.3,235.4,235.5,235.7,235.7,235.7,235.7,235.6,235.5,235.4,235.4,235.3
236.8,236.9,236.8,236.7,236.6,236.5,236.5,236.5,236.5,236.5,236.5,236.5,236.4,236.4,236.3,236.3,236.3,236.4,236.5,236.5,236.5,236.4,236.4,236.5,236.5,236.6,236.7,237.0,237.2,237.5,237.6,237.7,237.8,237.7,237.7,237.8,237.9,238.0,238.0,238.0,238.1,238.1,238.1,238.1,238.1,238.1,238.1,238.0,238.0,237.9,237.7,237.6,237.4,237.1,236.9,236.6,236.4,236.1,235.8,235.5,235.1,234.9,234.8,234.7,234.8,234.9,235.1,235.2,235.3,235.3,235.3,235.2,235.1,235.0,234.9,234.8,234.8
236.2,236.2,236.2,236.1,236.0,236.0,235.9,235.9,236.0,236.0,236.0,236.0,236.0,236.0,236.0,236.1,236.1,236.2,236.3,236.2,236.2,236.2,236.2,236.2,236.3,236.3,236.5,236.7,236.9,237.1,237.3,237.4,237.4,237.3,237.3,237.3,237.4,237.4,237.5,237.5,237.6,237.6,237.7,237.7,237.7,237.6,237.6,237.6,237.6,237.5,237.3,237.1,236.9,236.6,236.3,236.0,235.7,235.5,235.3,235.0,234.7,234.5,234.4,234.4,234.4,234.6,234.7,234.8,234.9,234.9,234.9,234.8,234.6,234.5,234.4,234.3,234.2
235.5,235.5,235.5,235.5,235.4,235.3,235.3,235.3,235.3,235.4,235.5,235.5,235.6,235.6,235.7,235.8,235.9,236.0,236.1,236.0,236.0,236.0,236.0,236.0,236.0,236.1,236.2,236.3,236.5,236.7,236.8,236.9,236.9,236.9,236.8,236.7,236.7,236.8,236.8,236.9,237.0,237.1,237.1,237.1,237.1,237.1,237.1,237.0,237.0,236.8,236.6,236.4,236.2,236.0,235.7,235.4,235.1,234.9,234.7,234.5,234.3,234.1,234.0,234.0,234.0,234.1,234.3,234.4,234.5,234.4,234.4,234.2,234.1,233.9,233.8,233.7,233.6
234.9,234.9,235.0,235.0,234.9,234.8,234.8,234.8,234.8,234.9,234.9,235.0,235.1,235.2,235.4,235.6,235.8,235.9,235.9,235.8,235.8,235.8,235.8,235.8,235.8,235.9,235.9,236.0,236.2,236.4,236.4,236.5,236.5,236.4,236.3,236.2,236.1,236.1,236.2,236.3,236.4,236.5,236.5,236.5,236.5,236.5,236.5,236.5,236.4,236.2,236.0,235.8,235.6,235.4,235.2,234.9,234.6,234.4,234.2,234.0,233.8,233.7,233.6,233.6,233.7,233.8,233.9,234.0,234.0,234.0,233.9,233.7,233.6,233.4,233.3,233.2,233.1
234.2,234.3,234.4,234.4,234.4,234.3,234.3,234.2,234.3,234.3,234.4,234.4,234.5,234.7,235.0,235.3,235.5,235.6,235.6,235.5,235.5,235.5,235.6,235.6,235.6,235.6,235.7,235.8,236.0,236.1,236.1,236.0,236.0,236.0,235.9,235.7,235.5,235.5,235.5,235.6,235.7,235.8,235.8,235.8,235.8,235.8,235.8,235.7,235.6,235.5,235.2,235.1,234.9,234.8,234.6,234.4,234.1,233.9,233.7,233.4,233.3,233.2,233.1,233.1,233.2,233.3,233.4,233.5,233.5,233.4,233.3,233.2,233.0,232.9,232.7,232.6,232.5
233.7,233.8,234.0,234.0,234.0,233.9,233.9,233.9,233.8,233.9,233.9,234.0,234.1,234.3,234.6,234.9,235.1,235.2,235.2,235.2,235.2,235.2,235.3,235.3,235.3,235.3,235.5,235.6,235.7,235.8,235.9,235.8,235.8,235.8,235.6,235.4,235.1,235.0,235.0,235.0,235.1,235.1,235.2,235.2,235.2,235.1,235.2,235.1,235.0,234.8,234.7,234.5,234.4,234.2,234.1,233.9,233.7,233.4,233.2,233.0,232.8,232.7,232.7,232.7,232.8,232.9,233.0,233.0,233.0,233.0,232.9,232.7,232.6,232.4,232.3,232.1,232.0
