wind-weather/data/weather/current/current-temp-isobaric-70hPa-gfs-1.0.json
{"header": {"discipline":0,"disciplineName":"Meteorologicalproducts","gribEdition":2,"gribLength":26304,"center":7,"centerName":"USNationalWeatherService-NCEP(WMC)","subcenter":0,"refTime":"2017-11-24T12:00:00.000Z","significanceOfRT":0,"significanceOfRTName":"Analysis","productStatus":0,"productStatusName":"Operationalproducts","productType":0,"productTypeName":"Analysisproducts","productDefinitionTemplate":0,"productDefinitionTemplateName":"Analysis/forecastathorizontallevel/layeratapointintime","parameterCategory":0,"parameterCategoryName":"Temperature","parameterNumber":0,"parameterNumberName":"Temperature","parameterUnit":"K","genProcessType":0,"genProcessTypeName":"Analysis","forecastTime":0,"surface1Type":100,"surface1TypeName":"Isobaricsurface","surface1Value":7000.0,"surface2Type":255,"surface2TypeName":"Missing","surface2Value":0.0,"gridDefinitionTemplate":0,"gridDefinitionTemplateName":"Latitude_Longitude","numberPoints":65160,"shape":6,"shapeName":"Earthsphericalwithradiusof6,371,229.0m","gridUnits":"degrees","resolution":48,"winds":"true","scanMode":0,"nx":360,"ny":181,"basicAngle":0,"lo1":0.0,"la1":90.0,"lo2":359.0,"la2":-90.0,"dx":1.0,"dy":1.0}, "data":
[rows 68 to 101 of 181, columns 0 to 76 of 360]
201.9,202.2,202.6,202.7,202.7,202.7,202.7,202.7,202.9,203.1,203.0,203.2,203.4,203.7,204.0,204.5,205.0,204.8,204.3,203.9,203.9,203.7,203.5,203.3,203.1,202.9,202.7,202.4,202.1,202.1,201.8,201.6,201.4,201.2,200.9,200.6,200.4,200.6,200.7,200.7,200.6,200.4,201.2,201.7,202.5,202.6,201.8,201.1,200.5,200.4,200.5,200.4,199.9,199.6,199.3,199.0,198.7,198.7,198.5,198.4,198.3,198.9,199.0,198.9,198.7,198.4,198.2,197.9,197.6,197.6,197.5,197.4,197.2,196.9,196.9,196.8,196.7
201.4,201.9,202.2,202.2,202.3,202.3,202.3,202.4,202.8,203.0,203.0,202.9,203.0,203.1,203.5,204.2,204.0,203.6,203.5,203.0,203.0,202.7,202.5,202.3,202.1,202.0,201.7,201.4,201.3,201.4,201.1,200.9,201.0,200.6,200.3,200.0,200.1,200.2,200.3,199.8,199.7,199.8,200.5,201.2,201.5,201.0,200.2,199.9,199.9,199.9,199.6,199.4,199.0,198.5,198.3,198.1,198.1,198.2,198.4,198.3,198.1,198.1,198.3,198.4,198.3,198.0,197.8,197.6,197.3,197.3,197.1,196.9,196.7,196.5,196.6,196.5,196.4
201.0,201.4,201.6,201.7,201.8,201.7,201.8,202.1,202.6,202.8,202.7,202.7,202.6,202.9,203.1,203.1,202.9,202.8,202.6,202.1,202.1,201.8,201.6,201.4,201.2,200.9,200.7,200.6,200.7,200.7,200.4,200.2,200.1,199.8,199.6,199.6,199.9,199.6,199.5,199.3,199.1,199.9,200.1,200.5,200.0,199.4,199.3,199.3,199.4,198.9,198.6,198.2,197.8,197.5,197.3,197.4,197.7,197.9,198.1,198.1,198.0,197.8,197.7,197.6,197.5,197.4,197.4,197.2,197.0,196.9,196.7,196.5,196.3,196.2,196.2,196.1,196.0
200.3,200.6,200.9,201.0,201.1,201.2,201.4,201.9,202.4,202.6,202.6,202.4,202.4,202.5,202.3,202.2,202.1,202.0,201.8,201.7,201.4,201.2,201.0,200.7,200.4,200.2,200.1,200.1,200.1,200.0,199.6,199.4,199.1,198.9,199.1,199.3,199.3,198.9,199.1,199.0,199.0,199.7,200.1,199.0,198.5,198.9,198.9,198.8,198.6,198.2,197.7,197.2,196.9,196.8,196.9,197.2,197.5,197.7,197.8,197.8,197.6,197.4,197.3,197.1,197.1,197.1,197.0,196.9,196.8,196.6,196.5,196.3,196.2,196.1,196.0,195.8,195.7
199.5,199.8,199.9,200.1,200.3,200.5,201.0,201.4,202.0,202.2,202.2,202.0,201.9,201.7,201.6,201.4,201.5,201.4,201.2,201.0,200.9,200.7,200.4,200.1,199.9,199.9,199.7,199.6,199.4,199.2,198.7,198.4,198.1,198.2,198.7,198.7,198.6,198.6,198.7,198.7,198.8,199.1,199.4,198.4,197.7,198.4,198.1,197.9,197.7,197.3,196.8,196.4,196.4,196.6,196.9,197.2,197.3,197.3,197.3,197.2,197.1,197.1,197.0,196.9,196.8,196.8,196.7,196.6,196.6,196.5,196.5,196.4,196.3,196.1,196.0,195.8,195.6
198.9,198.9,199.1,199.3,199.6,199.9,200.5,201.0,201.4,201.7,201.7,201.5,201.3,201.1,200.8,200.9,200.8,200.7,200.5,200.4,200.3,200.1,200.0,199.8,199.8,199.5,199.2,199.0,198.8,198.5,198.1,197.7,197.5,197.8,198.1,198.3,198.4,198.6,198.1,198.3,198.3,198.7,198.6,198.4,197.5,198.0,197.3,197.0,196.9,196.6,196.3,196.2,196.3,196.7,197.0,197.2,197.2,197.0,196.9,196.8,196.8,196.7,196.7,196.6,196.6,196.6,196.6,196.6,196.6,196.6,196.6,196.5,196.4,196.2,196.0,195.8,195.6
198.2,198.2,198.3,198.6,199.0,199.4,199.8,200.3,200.6,200.8,200.8,200.6,200.5,200.2,200.1,200.1,200.1,200.0,200.0,199.9,199.8,199.7,199.6,199.6,199.2,198.9,198.5,198.3,198.2,198.0,197.6,197.3,197.3,197.5,197.8,198.1,198.3,198.1,197.8,197.9,197.9,198.4,198.1,198.1,197.6,197.6,196.9,196.6,196.5,196.4,196.3,196.4,196.5,196.7,196.9,196.9,196.8,196.7,196.6,196.6,196.5,196.4,196.4,196.4,196.5,196.6,196.7,196.8,196.8,196.7,196.6,196.5,196.3,196.0,195.8,195.7,195.7
197.8,197.9,198.0,198.2,198.5,198.7,198.9,199.3,199.6,199.8,199.9,199.9,199.7,199.5,199.5,199.6,199.6,199.5,199.6,199.5,199.4,199.3,199.2,199.0,198.6,198.3,198.0,197.9,197.9,197.6,197.3,197.1,197.1,197.3,197.5,197.8,197.9,197.7,197.5,197.5,197.7,198.1,198.1,197.9,197.6,197.4,197.0,196.7,196.5,196.4,196.4,196.4,196.4,196.5,196.6,196.7,196.7,196.7,196.7,196.6,196.4,196.3,196.3,196.4,196.6,196.8,196.9,197.0,197.0,196.8,196.6,196.3,196.0,195.7,195.6,195.7,195.8
197.4,197.5,197.5,197.6,197.8,198.0,198.2,198.5,198.8,199.2,199.3,199.4,199.2,199.1,199.2,199.2,199.1,199.1,199.1,199.1,199.0,198.9,198.7,198.5,198.2,197.9,197.8,197.8,197.8,197.6,197.3,197.2,197.2,197.3,197.4,197.6,197.7,197.5,197.4,197.4,197.7,198.0,198.0,197.9,197.7,197.5,197.2,196.9,196.6,196.5,196.3,196.3,196.4,196.6,196.7,196.8,196.9,196.9,196.8,196.6,196.4,196.4,196.5,196.7,196.9,197.0,197.1,197.1,197.0,196.8,196.5,196.1,195.8,195.7,195.6,195.7,195.8
197.2,197.2,197.2,197.2,197.3,197.5,197.8,198.1,198.6,198.9,199.1,199.1,199.0,199.0,198.9,198.8,198.7,198.8,198.8,198.9,198.8,198.7,198.4,198.1,197.9,197.7,197.7,197.8,197.9,197.8,197.6,197.5,197.5,197.5,197.6,197.6,197.6,197.5,197.4,197.5,197.6,197.8,197.9,197.9,197.8,197.6,197.2,196.9,196.6,196.3,196.2,196.4,196.6,196.9,197.1,197.2,197.1,197.0,196.9,196.7,196.7,196.7,196.9,197.1,197.2,197.2,197.1,197.1,197.0,196.8,196.5,196.1,195.9,195.8,195.8,195.8,195.8
197.3,197.3,197.4,197.3,197.3,197.4,197.7,198.2,198.6,198.8,198.9,198.9,198.8,198.7,198.7,198.6,198.7,198.8,198.8,198.9,198.8,198.5,198.2,197.9,197.7,197.6,197.6,197.8,197.9,197.9,197.8,197.7,197.7,197.8,197.7,197.7,197.6,197.4,197.4,197.5,197.6,197.6,197.7,197.7,197.6,197.4,197.0,196.6,196.2,196.2,196.4,196.7,197.1,197.3,197.4,197.4,197.3,197.2,197.0,196.9,196.9,197.1,197.2,197.3,197.2,197.1,197.0,196.9,196.9,196.7,196.5,196.3,196.1,196.0,195.9,195.8,195.8
197.5,197.5,197.5,197.5,197.5,197.7,198.0,198.4,198.6,198.7,198.8,198.7,198.6,198.6,198.7,198.8,198.8,198.8,198.9,198.8,198.7,198.4,198.0,197.7,197.6,197.5,197.5,197.6,197.7,197.7,197.7,197.7,197.8,197.8,197.7,197.6,197.4,197.3,197.3,197.4,197.4,197.5,197.5,197.5,197.3,197.0,196.6,196.2,196.1,196.3,196.7,197.1,197.3,197.5,197.5,197.5,197.5,197.4,197.2,197.1,197.2,197.2,197.3,197.3,197.1,196.9,196.8,196.8,196.8,196.6,196.4,196.3,196.2,196.2,196.0,195.9,195.8
197.5,197.5,197.6,197.7,197.8,198.1,198.3,198.6,198.7,198.7,198.7,198.7,198.8,198.9,199.0,199.0,198.9,198.9,198.9,198.8,198.5,198.2,197.9,197.7,197.5,197.4,197.4,197.3,197.3,197.3,197.4,197.5,197.5,197.5,197.5,197.3,197.1,197.0,197.1,197.1,197.2,197.2,197.2,197.1,196.9,196.6,196.3,196.1,196.2,196.5,196.9,197.2,197.4,197.4,197.5,197.6,197.6,197.5,197.4,197.4,197.3,197.2,197.2,197.2,197.1,196.9,196.8,196.8,196.7,196.5,196.3,196.3,196.3,196.2,196.1,195.9,195.9
197.5,197.5,197.6,197.9,198.2,198.4,198.7,198.8,198.8,198.9,199.1,199.2,199.3,199.4,199.3,199.2,199.1,199.0,198.8,198.7,198.5,198.2,197.9,197.7,197.4,197.2,197.0,196.8,196.8,196.8,196.9,196.9,197.0,197.0,197.0,196.9,196.7,196.7,196.7,196.7,196.7,196.7,196.7,196.6,196.6,196.4,196.2,196.1,196.3,196.6,197.0,197.2,197.3,197.3,197.4,197.5,197.5,197.6,197.6,197.6,197.5,197.3,197.2,197.2,197.1,196.9,196.8,196.7,196.7,196.5,196.4,196.3,196.3,196.1,196.0,195.9,195.9
197.4,197.5,197.8,198.1,198.5,198.7,198.9,199.0,199.1,199.3,199.6,199.8,199.8,199.6,199.5,199.4,199.3,199.1,198.9,198.8,198.7,198.5,198.1,197.8,197.4,197.1,196.7,196.4,196.3,196.3,196.3,196.2,196.2,196.3,196.4,196.4,196.3,196.3,196.3,196.3,196.3,196.3,196.2,196.3,196.3,196.3,196.1,196.2,196.4,196.7,197.0,197.1,197.2,197.1,197.1,197.2,197.3,197.4,197.6,197.7,197.6,197.4,197.2,197.1,197.0,196.9,196.8,196.8,196.8,196.6,196.6,196.6,196.5,196.1,195.9,195.8,195.9
197.4,197.8,198.2,198.5,198.8,199.0,199.2,199.3,199.5,199.8,200.0,200.0,199.9,199.7,199.6,199.5,199.4,199.3,199.2,199.2,199.1,198.9,198.6,198.2,197.6,197.1,196.5,196.1,195.8,195.7,195.5,195.4,195.4,195.5,195.7,195.8,195.8,195.9,195.9,196.0,196.0,196.0,195.9,196.0,196.1,196.1,196.1,196.2,196.5,196.8,196.9,196.9,196.8,196.8,196.7,196.8,197.0,197.2,197.5,197.7,197.7,197.5,197.2,197.1,196.9,196.9,197.0,197.1,197.1,196.9,196.8,196.7,196.6,196.3,196.1,195.9,195.9
197.9,198.3,198.6,199.0,199.2,199.3,199.5,199.6,199.8,200.0,200.0,199.9,199.7,199.6,199.6,199.6,199.6,199.6,199.6,199.5,199.5,199.3,198.9,198.5,197.9,197.3,196.7,196.1,195.6,195.3,195.0,194.8,194.8,194.9,195.2,195.4,195.4,195.6,195.7,195.9,195.9,195.9,195.8,195.8,195.9,196.0,196.1,196.3,196.6,196.7,196.7,196.7,196.5,196.4,196.3,196.4,196.7,197.0,197.3,197.6,197.7,197.6,197.3,197.0,196.9,197.0,197.1,197.1,197.2,197.1,196.9,196.7,196.7,196.6,196.4,196.1,196.0
198.6,198.9,199.1,199.4,199.6,199.6,199.7,199.8,199.8,199.7,199.6,199.5,199.5,199.4,199.5,199.6,199.8,199.9,200.0,199.9,199.8,199.6,199.2,198.7,198.2,197.6,196.9,196.3,195.7,195.3,194.8,194.5,194.5,194.6,194.9,195.1,195.2,195.4,195.6,195.8,195.9,195.9,195.8,195.8,195.8,195.9,196.1,196.3,196.6,196.6,196.5,196.4,196.1,196.0,195.9,196.0,196.5,196.9,197.2,197.5,197.6,197.6,197.3,196.9,196.9,197.1,197.2,197.3,197.2,196.9,196.6,196.4,196.5,196.6,196.6,196.3,196.2
199.1,199.3,199.6,199.6,199.6,199.6,199.6,199.5,199.4,199.3,199.2,199.2,199.2,199.3,199.4,199.8,200.1,200.2,200.2,200.1,199.9,199.6,199.3,198.9,198.4,197.9,197.2,196.6,196.0,195.5,195.0,194.7,194.5,194.5,194.7,194.8,195.0,195.3,195.6,195.8,195.9,196.0,195.9,195.9,195.9,196.0,196.1,196.4,196.5,196.5,196.4,196.2,195.9,195.8,195.7,195.9,196.3,196.7,197.1,197.2,197.3,197.4,197.2,197.0,197.0,197.2,197.4,197.4,197.2,196.6,196.1,196.0,196.1,196.4,196.5,196.5,196.6
199.4,199.5,199.5,199.6,199.5,199.4,199.2,199.0,198.9,198.7,198.7,198.8,199.0,199.3,199.5,199.9,200.3,200.5,200.3,200.0,199.8,199.7,199.5,199.2,198.6,198.1,197.5,196.9,196.3,195.8,195.5,195.2,195.0,194.7,194.7,194.8,195.0,195.2,195.5,195.7,195.8,196.0,196.1,196.1,196.1,196.1,196.3,196.5,196.6,196.5,196.3,196.1,195.9,195.8,195.7,196.0,196.3,196.7,196.9,197.0,197.1,197.2,197.2,197.1,197.1,197.2,197.3,197.4,197.0,196.3,195.9,195.7,195.6,195.8,196.2,196.6,196.8
199.4,199.3,199.3,199.3,199.2,198.9,198.7,198.7,198.6,198.5,198.5,198.6,198.9,199.3,199.7,200.1,200.6,200.8,200.6,200.1,199.8,199.7,199.6,199.2,198.6,198.1,197.6,197.2,196.7,196.4,196.1,196.0,195.7,195.3,195.0,194.9,195.0,195.2,195.4,195.7,195.9,196.1,196.3,196.3,196.3,196.3,196.4,196.5,196.5,196.4,196.2,196.1,195.9,195.9,195.9,196.2,196.5,196.9,197.0,196.9,197.0,197.1,197.2,197.2,197.2,197.1,197.1,197.3,197.0,196.2,195.8,195.6,195.4,195.4,195.8,196.2,196.6
199.2,199.0,198.8,198.8,198.7,198.5,198.5,198.5,198.4,198.4,198.6,198.7,199.0,199.6,200.0,200.4,201.0,201.1,200.8,200.1,199.7,199.7,199.5,199.0,198.5,198.1,197.9,197.7,197.4,197.0,196.8,196.7,196.4,196.0,195.5,195.1,195.1,195.2,195.5,195.8,195.9,196.1,196.3,196.4,196.4,196.4,196.4,196.5,196.5,196.4,196.2,196.1,196.1,196.1,196.2,196.4,196.8,197.1,197.2,197.1,197.1,197.1,197.2,197.3,197.2,196.8,196.7,197.1,196.9,196.2,195.8,195.6,195.4,195.4,195.6,195.7,195.9
199.0,198.7,198.5,198.4,198.3,198.2,198.3,198.4,198.4,198.6,198.9,199.1,199.3,199.7,200.2,200.8,201.2,201.1,200.6,200.0,199.6,199.5,199.2,198.7,198.5,198.4,198.5,198.2,198.0,197.5,197.3,197.1,196.7,196.4,195.9,195.5,195.4,195.5,195.7,195.9,196.0,196.1,196.3,196.4,196.5,196.5,196.4,196.4,196.4,196.4,196.3,196.4,196.4,196.5,196.6,196.8,197.1,197.4,197.5,197.4,197.2,197.1,197.2,197.2,197.0,196.5,196.5,196.8,196.7,196.1,195.7,195.5,195.5,195.6,195.6,195.4,195.4
198.7,198.4,198.2,198.0,197.9,197.9,198.2,198.4,198.5,198.8,199.2,199.3,199.4,199.6,200.0,200.8,200.8,200.6,200.0,199.6,199.5,199.2,198.9,198.6,198.6,198.7,199.0,198.6,198.2,197.9,197.6,197.3,197.1,196.7,196.5,196.1,195.8,195.8,196.0,196.2,196.3,196.4,196.5,196.6,196.6,196.5,196.4,196.4,196.5,196.5,196.5,196.6,196.8,196.9,197.1,197.3,197.5,197.6,197.6,197.5,197.4,197.2,197.2,197.1,196.8,196.3,196.2,196.5,196.5,196.2,195.9,195.6,195.6,195.6,195.4,195.2,195.2
198.5,198.2,198.0,197.9,197.8,197.8,198.0,198.4,198.6,199.0,199.4,199.6,199.6,199.5,199.8,200.3,200.2,199.8,199.3,199.0,198.9,198.8,198.6,198.4,198.6,199.2,199.2,198.7,198.3,198.1,197.9,197.5,197.3,197.1,197.0,196.6,196.3,196.3,196.4,196.5,196.6,196.7,196.8,196.9,196.8,196.7,196.6,196.5,196.6,196.7,196.9,197.0,197.2,197.4,197.6,197.8,197.9,197.8,197.7,197.6,197.4,197.2,197.1,197.0,196.6,196.1,195.9,196.1,196.4,196.4,196.1,195.8,195.6,195.4,195.3,195.3,195.2
198.4,198.2,198.0,198.0,198.0,197.9,198.1,198.4,198.7,199.2,199.6,199.7,199.7,199.5,199.6,199.7,199.6,199.1,198.3,198.1,198.1,198.2,198.2,198.3,198.6,199.1,199.0,198.7,198.3,198.1,197.9,197.5,197.4,197.4,197.3,197.0,196.9,196.8,196.9,196.9,196.9,196.9,197.1,197.2,197.1,196.9,196.8,196.7,196.8,197.0,197.2,197.4,197.6,197.8,198.0,198.1,198.1,198.0,197.8,197.6,197.3,197.1,196.9,196.8,196.6,196.1,195.7,195.8,196.2,196.2,196.0,195.8,195.7,195.5,195.3,195.4,195.4
198.5,198.4,198.3,198.2,198.2,198.1,198.2,198.6,199.0,199.4,199.8,199.8,199.7,199.3,199.1,199.2,199.0,198.2,197.4,197.1,197.1,197.4,197.8,198.2,198.6,198.8,198.8,198.7,198.3,197.9,197.6,197.5,197.5,197.6,197.6,197.6,197.5,197.4,197.2,197.1,197.0,197.0,197.1,197.2,197.2,197.1,197.0,196.9,197.0,197.3,197.5,197.8,198.0,198.1,198.3,198.4,198.3,198.1,197.9,197.6,197.2,196.9,196.7,196.6,196.4,196.2,195.8,195.7,195.9,196.1,196.1,196.1,196.1,195.8,195.7,195.6,195.6
198.7,198.7,198.4,198.2,198.1,198.0,198.1,198.5,199.0,199.5,199.7,199.6,199.4,198.9,198.6,198.7,198.2,197.3,196.4,196.1,196.3,196.8,197.4,198.1,198.6,198.8,198.9,198.6,198.2,197.7,197.6,197.8,197.9,198.1,198.1,198.0,197.8,197.5,197.3,197.1,196.9,196.9,197.0,197.0,197.1,197.1,197.0,197.0,197.1,197.4,197.7,197.9,198.0,198.1,198.2,198.3,198.2,198.0,197.7,197.4,197.1,196.8,196.6,196.3,196.2,196.1,196.0,195.9,195.9,196.1,196.2,196.2,196.1,195.8,195.7,195.7,195.6
198.9,198.8,198.5,198.1,197.9,197.8,197.9,198.3,198.9,199.3,199.4,199.3,199.0,198.4,198.0,197.7,197.3,196.3,195.8,195.5,195.6,196.1,196.8,197.8,198.6,199.0,198.8,198.4,197.9,197.7,197.7,198.0,198.2,198.4,198.4,198.2,197.8,197.5,197.1,196.9,196.8,196.7,196.8,196.9,196.9,196.9,197.0,197.1,197.2,197.3,197.6,197.6,197.7,197.6,197.7,197.8,197.7,197.6,197.4,197.2,197.0,196.7,196.3,196.0,195.9,195.9,195.9,196.0,196.1,196.1,195.9,195.9,195.8,195.6,195.4,195.4,195.6
198.8,198.7,198.4,198.0,197.7,197.6,197.7,198.1,198.7,199.0,199.1,198.7,198.3,197.8,197.3,197.0,196.6,195.9,195.5,195.4,195.3,195.6,196.2,197.3,198.2,198.5,198.4,197.9,197.6,197.6,197.6,197.8,198.1,198.4,198.4,198.0,197.6,197.2,196.9,196.8,196.6,196.6,196.7,196.8,196.8,196.8,196.9,197.0,197.1,197.2,197.3,197.3,197.2,197.2,197.2,197.3,197.1,197.1,197.0,197.0,196.8,196.6,196.2,195.8,195.7,195.7,195.7,195.9,196.1,196.1,195.6,195.5,195.3,195.2,195.2,195.4,195.6
198.7,198.6,198.4,198.0,197.7,197.4,197.4,197.8,198.4,198.7,198.7,198.2,197.7,197.2,196.9,196.7,196.4,196.1,195.7,195.6,195.2,195.2,195.7,196.5,197.3,197.8,197.8,197.4,197.0,197.0,197.2,197.5,197.8,198.0,197.9,197.7,197.4,196.9,196.5,196.4,196.3,196.3,196.3,196.5,196.5,196.4,196.5,196.7,196.9,197.0,196.9,196.9,196.8,196.6,196.6,196.7,196.5,196.5,196.6,196.7,196.7,196.4,196.0,195.7,195.5,195.4,195.4,195.6,195.8,196.0,195.6,195.2,194.9,194.8,194.9,195.1,195.4
198.7,198.6,198.4,198.1,197.7,197.3,197.3,197.5,198.1,198.5,198.4,197.9,197.3,196.9,196.7,196.5,196.4,196.3,196.3,196.2,195.5,195.2,195.4,195.9,196.5,196.8,197.0,196.9,196.5,196.5,196.7,196.9,197.1,197.4,197.3,197.4,197.0,196.5,196.1,195.9,195.9,195.9,195.9,196.1,196.2,196.2,196.3,196.4,196.5,196.6,196.5,196.4,196.3,196.2,196.2,196.2,196.1,196.1,196.2,196.4,196.5,196.3,196.0,195.6,195.3,195.2,195.2,195.2,195.5,195.6,195.3,195.0,194.7,194.6,194.7,194.9,195.2
198.7,198.6,198.5,198.2,197.8,197.4,197.2,197.4,197.9,198.3,198.3,197.9,197.4,197.0,196.7,196.5,196.4,196.4,196.6,196.5,195.7,195.1,194.9,195.4,195.9,196.2,196.5,196.5,196.3,196.3,196.4,196.4,196.5,196.7,196.8,196.8,196.6,196.3,196.0,195.9,195.8,195.8,195.8,195.9,196.0,196.1,196.3,196.3,196.2,196.2,196.2,196.1,196.0,195.8,195.8,195.8,195.8,195.8,196.0,196.1,196.2,196.1,195.8,195.5,195.2,195.0,194.9,194.8,195.0,195.0,194.9,194.7,194.5,194.4,194.4,194.6,195.1
198.8,198.7,198.6,198.3,197.9,197.5,197.2,197.3,197.7,198.2,198.3,198.0,197.6,197.2,196.9,196.6,196.5,196.4,196.4,196.5,195.8,195.1,194.7,195.0,195.5,195.9,196.4,196.4,196.2,196.3,196.4,196.4,196.3,196.2,196.4,196.5,196.5,196.4,196.2,196.0,195.9,195.8,195.8,195.9,196.0,196.2,196.2,196.2,196.2,196.1,196.0,195.9,195.8,195.6,195.5,195.5,195.6,195.6,195.8,195.9,195.9,195.9,195.7,195.4,195.1,194.9,194.7,194.6,194.6,194.5,194.4,194.2,194.1,194.3,194.4,194.4,195.0
