wind-weather/data/weather/current/current-temp-isobaric-850hPa-gfs-1.0.json
{"header": {"discipline":0,"disciplineName":"Meteorologicalproducts","gribEdition":2,"gribLength":41641,"center":7,"centerName":"USNationalWeatherService-NCEP(WMC)","subcenter":0,"refTime":"2017-11-24T12:00:00.000Z","significanceOfRT":0,"significanceOfRTName":"Analysis","productStatus":0,"productStatusName":"Operationalproducts","productType":0,"productTypeName":"Analysisproducts","productDefinitionTemplate":0,"productDefinitionTemplateName":"Analysis/forecastathorizontallevel/layeratapointintime","parameterCategory":0,"parameterCategoryName":"Temperature","parameterNumber":0,"parameterNumberName":"Temperature","parameterUnit":"K","genProcessType":0,"genProcessTypeName":"Analysis","forecastTime":0,"surface1Type":100,"surface1TypeName":"Isobaricsurface","surface1Value":85000.0,"surface2Type":255,"surface2TypeName":"Missing","surface2Value":0.0,"gridDefinitionTemplate":0,"gridDefinitionTemplateName":"Latitude_Longitude","numberPoints":65160,"shape":6,"shapeName":"Earthsphericalwithradiusof6,371,229.0m","gridUnits":"degrees","resolution":48,"winds":"true","scanMode":0,"nx":360,"ny":181,"basicAngle":0,"lo1":0.0,"la1":90.0,"lo2":359.0,"la2":-90.0,"dx":1.0,"dy":1.0}, "data":
[rows 0 to 25 of 181, columns 300 to 359 of 360]
264.37238,264.37238,264.37238,264.37238,264.37238,264.37238,264.37238,264.37238,264.37238,264.37238,264.37238,264.37238,264.37238,264.37238,264.37238,264.37238,264.37238,264.37238,264.37238,264.37238,264.37238,264.37238,264.37238,264.37238,264.37238,264.37238,264.37238,264.37238,264.37238,264.37238,264.37238,264.37238,264.37238,264.37238,264.37238,264.37238,264.37238,264.37238,264.37238,264.37238,264.37238,264.37238,264.37238,264.37238,264.37238,264.37238,264.37238,264.37238,264.37238,264.37238,264.37238,264.37238,264.37238,264.37238,264.37238,264.37238,264.37238,264.37238,264.37238,264.37238
265.27237,265.27237,265.27237,265.27237,265.27237,265.27237,265.27237,265.27237,265.27237,265.27237,265.27237,265.37238,265.37238,265.37238,265.37238,265.37238,265.37238,265.37238,265.37238,265.37238,265.37238,265.37238,265.37238,265.37238,265.37238,265.37238,265.37238,265.37238,265.47235,265.47235,265.47235,265.47235,265.47235,265.47235,265.47235,265.47235,265.47235,265.47235,265.47235,265.47235,265.47235,265.57236,265.57236,265.57236,265.57236,265.57236,265.57236,265.57236,265.57236,265.57236,265.57236,265.57236,265.57236,265.57236,265.57236,265.57236,265.57236,265.57236,265.57236,265.57236
266.37238,266.37238,266.47235,266.47235,266.57236,266.57236,266.67236,266.67236,266.67236,266.77237,266.77237,266.77237,266.77237,266.87238,266.87238,266.87238,266.87238,266.87238,266.87238,266.87238,266.87238,266.97235,266.97235,266.97235,266.97235,266.97235,266.97235,266.97235,266.97235,266.97235,266.97235,266.97235,266.97235,266.97235,266.97235,266.97235,266.97235,266.97235,266.97235,266.87238,266.87238,266.97235,266.97235,266.87238,266.87238,266.87238,266.87238,266.87238,266.87238,266.87238,266.87238,266.87238,266.77237,266.77237,266.77237,266.77237,266.67236,266.67236,266.67236,266.67236
267.07236,267.07236,267.17236,267.27237,267.27237,267.37238,267.37238,267.47235,267.57236,267.67236,267.67236,267.77237,267.87238,267.97235,267.97235,268.07236,268.17236,268.27237,268.27237,268.37238,268.37238,268.47235,268.47235,268.47235,268.57236,268.57236,268.57236,268.67236,268.67236,268.67236,268.67236,268.67236,268.67236,268.77237,268.77237,268.77237,268.77237,268.77237,268.77237,268.77237,268.77237,268.77237,268.77237,268.77237,268.87238,268.87238,268.87238,268.87238,268.87238,268.87238,268.87238,268.87238,268.77237,268.77237,268.67236,268.67236,268.57236,268.47235,268.37238,268.27237
268.77237,268.77237,268.77237,268.77237,268.77237,268.77237,268.67236,268.77237,268.67236,268.77237,268.77237,268.77237,268.77237,268.87238,268.97235,268.97235,269.07236,269.17236,269.17236,269.27237,269.27237,269.37238,269.37238,269.47235,269.47235,269.57236,269.57236,269.67236,269.67236,269.77237,269.87238,269.87238,269.97235,270.07236,270.07236,270.17236,270.17236,270.17236,270.17236,270.17236,270.17236,269.97235,269.87238,269.67236,269.47235,269.27237,269.07236,268.77237,268.47235,268.27237,268.07236,267.77237,267.57236,267.27237,267.17236,266.97235,266.87238,266.67236,266.57236,266.47235
270.07236,270.17236,270.17236,270.07236,270.07236,269.97235,269.87238,269.77237,269.67236,269.67236,269.57236,269.47235,269.47235,269.37238,269.37238,269.37238,269.37238,269.27237,269.27237,269.17236,269.17236,269.07236,269.07236,269.07236,269.07236,269.07236,269.07236,269.17236,269.17236,269.17236,269.17236,269.27237,269.17236,269.17236,269.17236,269.07236,268.97235,268.97235,268.77237,268.77237,268.57236,268.47235,268.37238,268.27237,268.17236,268.07236,267.97235,267.87238,267.77237,267.67236,267.47235,267.37238,267.17236,267.07236,266.87238,266.67236,266.57236,266.37238,266.17236,266.07236
270.17236,270.17236,270.17236,270.07236,270.07236,269.97235,269.87238,269.77237,269.67236,269.47235,269.37238,269.27237,269.17236,269.07236,269.07236,268.97235,268.97235,268.97235,268.97235,268.97235,268.97235,268.97235,268.97235,268.97235,268.97235,268.97235,268.97235,268.97235,268.87238,268.87238,268.77237,268.77237,268.67236,268.67236,268.57236,268.57236,268.47235,268.37238,268.37238,268.27237,268.17236,267.97235,267.87238,267.67236,267.47235,267.27237,267.07236,266.87238,266.67236,266.47235,266.27237,266.07236,265.87238,265.67236,265.57236,265.37238,265.17236,265.07236,264.87238,264.67236
269.67236,269.67236,269.67236,269.67236,269.67236,269.67236,269.57236,269.57236,269.57236,269.47235,269.47235,269.37238,269.27237,269.27237,269.27237,268.97235,268.87238,268.87238,268.67236,268.37238,268.37238,268.37238,268.27237,268.37238,268.47235,268.37238,268.47235,268.47235,268.37238,268.27237,268.07236,267.97235,267.97235,267.97235,267.87238,267.77237,267.67236,267.47235,267.27237,267.17236,267.07236,266.97235,266.77237,266.67236,266.47235,266.27237,266.07236,265.87238,265.67236,265.57236,265.37238,265.17236,264.97235,264.77237,264.57236,264.37238,264.17236,263.97235,263.67236,263.47235
269.67236,269.67236,269.67236,269.97235,269.97235,269.87238,269.87238,269.87238,269.77237,269.67236,269.57236,269.67236,269.57236,269.27237,268.97235,268.57236,267.77237,267.27237,266.77237,267.17236,267.37238,267.37238,268.37238,268.77237,268.67236,268.47235,268.17236,267.47235,266.67236,267.07236,267.17236,267.17236,266.97235,266.97235,266.47235,265.87238,265.57236,265.37238,265.27237,265.27237,265.17236,265.17236,264.97235,264.87238,264.87238,264.77237,264.67236,264.57236,264.37238,264.17236,263.87238,263.57236,263.27237,262.97235,262.77237,262.57236,262.37238,262.37238,262.27237,262.17236
267.87238,268.27237,268.37238,267.87238,267.47235,267.27237,267.17236,267.37238,267.47235,267.57236,267.67236,267.87238,267.57236,267.27237,266.77237,266.17236,265.07236,264.27237,261.77237,259.07236,260.17236,260.77237,260.47235,260.27237,265.37238,266.37238,265.87238,265.87238,266.27237,266.07236,265.87238,265.47235,265.27237,265.37238,265.27237,265.17236,265.07236,265.07236,264.97235,265.07236,265.77237,265.97235,265.77237,265.07236,264.57236,264.27237,263.87238,263.47235,262.97235,262.67236,262.37238,262.07236,261.87238,261.77237,261.77237,261.67236,261.67236,261.67236,261.67236,261.67236
268.87238,268.97235,266.97235,257.67236,252.87236,251.47237,250.87236,250.97237,250.97237,250.47237,250.07236,249.77237,249.87236,250.47237,251.27237,252.17236,252.57236,252.67236,252.67236,252.57236,252.27237,252.07236,252.37236,253.27237,254.27237,257.37238,260.47235,262.37238,261.77237,262.27237,262.97235,263.57236,263.97235,264.07236,263.87238,263.67236,263.17236,262.87238,262.27237,261.97235,262.57236,262.07236,261.87238,261.67236,261.37238,261.07236,260.87238,260.77237,260.57236,260.57236,260.57236,260.67236,260.87238,260.97235,261.07236,261.27237,261.37238,261.47235,261.67236,261.67236
267.47235,264.77237,257.27237,255.47237,253.67236,252.87236,252.77237,252.57236,251.47237,250.07236,248.97237,248.97237,249.07236,249.17236,249.27237,249.57236,249.97237,250.17236,250.17236,249.97237,249.77237,249.67236,249.97237,250.37236,250.67236,250.67236,250.67236,250.67236,250.97237,251.37236,251.87236,252.37236,252.77237,256.27237,259.77237,261.07236,261.87238,262.07236,261.17236,260.97235,260.57236,260.17236,259.77237,259.47235,259.37238,259.27237,259.27237,259.27237,259.47235,259.67236,259.87238,260.07236,260.27237,260.57236,260.87238,261.17236,261.37238,261.47235,261.47235,261.57236
257.47235,255.77237,253.87236,252.17236,250.57236,249.37236,248.37236,247.77237,247.57236,247.57236,247.67236,247.67236,247.47237,246.87236,246.17236,245.87236,245.87236,246.07236,246.47237,246.67236,246.57236,246.27237,246.07236,246.07236,246.17236,246.07236,246.07236,245.97237,245.77237,245.47237,245.37236,245.47237,246.07236,247.47237,251.97237,258.07236,259.67236,259.37238,259.37238,259.07236,258.77237,258.57236,258.57236,258.47235,258.27237,258.17236,258.17236,258.37238,258.57236,258.77237,258.87238,259.17236,259.37238,259.47235,259.47235,259.47235,259.67236,259.87238,260.07236,260.07236
258.67236,256.87238,255.07236,253.97237,252.77237,251.57236,250.47237,249.87236,249.57236,249.67236,249.07236,247.77237,246.67236,246.17236,246.07236,246.17236,246.07236,245.87236,245.47237,244.97237,244.57236,244.37236,244.27237,244.47237,244.57236,244.57236,244.37236,244.17236,244.27237,244.47237,244.97237,245.17236,245.47237,245.97237,247.67236,251.27237,257.77237,257.77237,257.57236,257.97235,257.57236,257.47235,257.47235,257.47235,257.57236,257.87238,258.07236,258.27237,258.57236,258.77237,258.87238,259.07236,259.07236,259.17236,259.17236,259.27237,259.27237,259.27237,259.37238,259.27237
260.07236,260.17236,261.77237,259.87238,257.07236,254.87236,253.47237,252.47237,251.27237,250.77237,251.17236,251.37236,250.67236,249.67236,249.17236,248.57236,247.97237,247.17236,246.67236,245.97237,245.17236,244.47237,244.17236,244.17236,244.27237,244.67236,245.27237,246.57236,248.37236,250.07236,250.87236,250.37236,249.77237,250.67236,252.57236,253.97237,257.37238,257.17236,257.17236,257.07236,256.87238,257.27237,257.57236,257.77237,258.07236,258.47235,258.67236,258.97235,259.27237,259.37238,259.37238,259.37238,259.47235,259.57236,259.77237,259.97235,260.07236,260.17236,260.27237,260.17236
260.37238,260.27237,259.97235,259.47235,257.07236,256.17236,253.27237,252.07236,251.17236,251.17236,252.27237,252.47237,251.77237,250.87236,250.07236,249.07236,247.97237,247.07236,246.47237,246.17236,246.17236,246.17236,245.87236,245.67236,245.37236,245.17236,245.27237,246.07236,247.37236,248.67236,249.37236,249.37236,248.27237,247.27237,247.87236,249.67236,251.17236,252.97237,256.87238,257.37238,257.27237,257.87238,258.07236,258.27237,258.57236,259.07236,259.57236,259.77237,259.87238,259.97235,260.37238,260.57236,260.77237,260.87238,260.87238,260.87238,260.87238,260.97235,261.07236,261.07236
259.97235,259.67236,259.37238,258.57236,258.27237,259.87238,252.87236,251.67236,250.47237,249.17236,248.77237,249.27237,249.47237,248.87236,247.97237,247.57236,247.27237,247.27237,247.27237,247.07236,246.87236,246.97237,246.87236,246.57236,246.37236,246.27237,246.07236,245.67236,245.37236,244.67236,243.87236,244.47237,245.87236,245.97237,255.47237,254.77237,257.27237,257.47235,257.27237,257.27237,257.87238,258.47235,258.67236,259.27237,259.97235,260.27237,260.37238,260.67236,260.97235,261.07236,261.27237,261.37238,261.47235,261.47235,261.67236,261.77237,261.97235,262.17236,262.27237,262.37238
260.37238,260.27237,260.57236,260.77237,260.77237,260.37238,258.27237,254.77237,252.77237,252.37236,251.17236,249.77237,248.07236,247.57236,247.27237,246.67236,246.77237,247.27237,246.87236,246.27237,246.57236,247.17236,246.87236,246.27237,246.57236,247.07236,247.77237,249.07236,250.37236,251.57236,250.77237,248.97237,246.67236,248.37236,253.07236,256.77237,257.17236,257.57236,257.87238,258.17236,258.57236,259.37238,260.17236,260.87238,260.67236,260.97235,261.27237,261.47235,261.67236,261.97235,262.17236,262.27237,262.47235,262.67236,262.97235,263.17236,263.37238,263.57236,263.87238,264.07236
261.67236,261.27237,260.97235,260.57236,260.67236,261.67236,259.67236,261.37238,252.57236,253.67236,253.37236,251.57236,250.07236,248.87236,247.77237,246.57236,245.87236,245.37236,244.57236,244.57236,244.47237,244.17236,244.47237,245.17236,245.77237,246.57236,246.57236,246.07236,245.87236,246.37236,248.07236,253.27237,253.57236,253.87236,255.97237,255.17236,257.87238,258.07236,258.47235,259.27237,259.97235,260.87238,261.57236,261.57236,261.47235,261.77237,262.07236,262.37238,262.67236,262.87238,263.17236,263.27237,263.47235,263.67236,263.87238,264.17236,264.37238,264.47235,264.67236,264.87238
262.77237,262.77237,262.87238,262.97235,263.07236,263.17236,263.17236,262.77237,262.47235,262.77237,262.17236,262.37238,260.77237,256.27237,253.27237,251.87236,250.57236,249.17236,247.77237,246.47237,245.47237,244.37236,243.77237,244.27237,245.37236,246.57236,247.87236,249.27237,250.27237,250.37236,250.27237,252.97237,255.27237,254.57236,258.77237,257.87238,258.17236,258.77237,259.67236,260.57236,261.47235,261.87238,261.67236,261.87238,262.57236,262.77237,263.17236,263.47235,263.57236,263.57236,263.77237,263.97235,264.37238,264.67236,265.07236,265.47235,265.87238,266.17236,266.47235,266.77237
264.47235,264.47235,264.47235,264.57236,264.87238,265.07236,264.97235,264.07236,264.67236,264.97235,264.87238,265.77237,264.07236,263.47235,261.77237,259.57236,258.17236,257.17236,255.97237,254.17236,252.37236,249.97237,247.47237,246.47237,247.07236,248.47237,249.77237,250.57236,250.27237,249.97237,250.97237,254.47237,255.37236,252.87236,250.97237,254.47237,257.47235,258.57236,259.87238,260.87238,261.67236,262.07236,261.87238,262.77237,263.17236,263.57236,263.77237,263.87238,263.97235,264.27237,264.57236,265.07236,265.67236,266.17236,266.87238,267.37238,267.87238,268.57236,269.27237,270.07236
265.07236,265.17236,265.27237,265.37238,265.57236,266.07236,266.77237,267.17236,267.27237,267.17236,267.27237,267.47235,264.57236,263.37238,261.07236,258.47235,257.37238,257.57236,257.87238,257.07236,255.87236,254.57236,252.27237,252.57236,253.27237,249.87236,247.27237,250.57236,252.37236,249.37236,249.77237,252.27237,253.87236,258.57236,261.27237,260.17236,259.87238,260.37238,261.47235,262.67236,262.87238,262.17236,261.97235,263.07236,263.67236,263.97235,264.17236,264.27237,264.57236,264.97235,265.57236,266.37238,267.07236,267.57236,268.27237,269.17236,270.27237,270.77237,270.37238,270.07236
266.67236,266.57236,266.57236,266.47235,266.37238,266.27237,266.67236,267.77237,268.47235,267.97235,268.07236,267.47235,266.97235,263.37238,260.67236,258.67236,257.87238,256.67236,255.47237,255.37236,255.57236,254.87236,253.97237,253.27237,252.87236,251.57236,252.37236,257.87238,258.37238,259.27237,259.87238,260.17236,260.47235,260.57236,260.17236,259.47235,259.67236,260.47235,260.97235,261.97235,263.17236,263.67236,262.17236,262.97235,263.67236,263.97235,264.17236,264.47235,264.87238,265.47235,266.37238,267.17236,267.67236,268.07236,268.67236,270.07236,271.07236,270.77237,270.47235,270.47235
267.87238,267.77237,267.57236,267.47235,267.37238,267.37238,267.17236,266.97235,268.47235,268.97235,268.97235,268.27237,267.97235,267.97235,266.67236,261.87238,258.07236,257.07236,256.07236,254.87236,254.97237,255.17236,256.37238,256.97235,255.97237,256.07236,258.77237,258.67236,258.97235,259.17236,259.47235,259.57236,259.57236,259.57236,259.67236,259.47235,259.67236,260.47235,260.67236,261.17236,261.47235,261.77237,262.87238,262.57236,263.47235,263.77237,263.97235,264.27237,264.77237,265.47235,266.37238,267.17236,267.77237,268.17236,268.37238,269.27237,270.57236,270.77237,270.67236,270.77237
268.77237,268.77237,268.37238,268.37238,268.07236,268.17236,268.47235,267.57236,267.47235,267.67236,268.07236,267.97235,268.07236,267.77237,267.37238,265.47235,261.37238,260.07236,255.77237,255.47237,257.07236,258.57236,259.47235,260.67236,260.57236,260.67236,260.37238,259.87238,259.87238,260.07236,259.77237,259.37238,259.27237,259.07236,258.87238,258.87238,258.57236,258.97235,259.67236,259.47235,260.17236,260.97235,262.17236,262.57236,263.17236,263.67236,263.97235,264.07236,264.47235,264.97235,265.67236,266.47235,267.27237,267.87238,268.07236,268.47235,268.97235,269.87238,270.67236,271.17236
267.87238,268.67236,268.67236,268.77237,269.07236,268.47235,267.97235,267.77237,267.97235,268.87238,270.37238,269.17236,268.57236,267.47235,266.17236,264.97235,264.57236,260.57236,256.07236,259.27237,261.17236,262.57236,262.37238,262.17236,262.07236,261.77237,261.07236,260.67236,260.37238,260.47235,260.57236,259.57236,258.67236,259.17236,259.37238,259.77237,260.27237,259.87238,259.87238,259.97235,260.87238,260.87238,261.87238,262.67236,263.07236,263.27237,264.17236,263.97235,264.27237,264.67236,265.27237,265.87238,266.57236,267.27237,267.77237,268.07236,268.57236,268.97235,269.27237,269.37238
