wind-weather/data/weather/current/current-temp-isobaric-70hPa-gfs-1.0.json
{"header": {"discipline":0,"disciplineName":"Meteorologicalproducts","gribEdition":2,"gribLength":26304,"center":7,"centerName":"USNationalWeatherService-NCEP(WMC)","subcenter":0,"refTime":"2017-11-24T12:00:00.000Z","significanceOfRT":0,"significanceOfRTName":"Analysis","productStatus":0,"productStatusName":"Operationalproducts","productType":0,"productTypeName":"Analysisproducts","productDefinitionTemplate":0,"productDefinitionTemplateName":"Analysis/forecastathorizontallevel/layeratapointintime","parameterCategory":0,"parameterCategoryName":"Temperature","parameterNumber":0,"parameterNumberName":"Temperature","parameterUnit":"K","genProcessType":0,"genProcessTypeName":"Analysis","forecastTime":0,"surface1Type":100,"surface1TypeName":"Isobaricsurface","surface1Value":7000.0,"surface2Type":255,"surface2TypeName":"Missing","surface2Value":0.0,"gridDefinitionTemplate":0,"gridDefinitionTemplateName":"Latitude_Longitude","numberPoints":65160,"shape":6,"shapeName":"Earthsphericalwithradiusof6,371,229.0m","gridUnits":"degrees","resolution":48,"winds":"true","scanMode":0,"nx":360,"ny":181,"basicAngle":0,"lo1":0.0,"la1":90.0,"lo2":359.0,"la2":-90.0,"dx":1.0,"dy":1.0}, "data":
[rows 0 to 33 of 181, columns 231 to 307 of 360]
201.9,201.9,201.9,201.9,201.9,201.9,201.9,201.9,201.9,201.9,201.9,201.9,201.9,201.9,201.9,201.9,201.9,201.9,201.9,201.9,201.9,201.9,201.9,201.9,201.9,201.9,201.9,201.9,201.9,201.9,201.9,201.9,201.9,201.9,201.9,201.9,201.9,201.9,201.9,201.9,201.9,201.9,201.9,201.9,201.9,201.9,201.9,201.9,201.9,201.9,201.9,201.9,201.9,201.9,201.9,201.9,201.9,201.9,201.9,201.9,201.9,201.9,201.9,201.9,201.9,201.9,201.9,201.9,201.9,201.9,201.9,201.9,201.9,201.9,201.9,201.9,201.9
202.2,202.2,202.2,202.1,202.1,202.1,202.1,202.1,202.1,202.1,202.1,202.1,202.0,202.0,202.0,202.0,202.0,202.0,202.0,202.0,202.0,201.9,201.9,201.9,201.9,201.9,201.9,201.9,201.9,201.8,201.8,201.8,201.8,201.8,201.8,201.8,201.8,201.7,201.7,201.7,201.7,201.7,201.7,201.7,201.7,201.7,201.6,201.6,201.6,201.6,201.6,201.6,201.6,201.6,201.5,201.5,201.5,201.5,201.5,201.5,201.5,201.5,201.5,201.5,201.4,201.4,201.4,201.4,201.4,201.4,201.4,201.4,201.4,201.4,201.4,201.3,201.3
202.5,202.5,202.5,202.4,202.4,202.4,202.4,202.3,202.3,202.3,202.3,202.3,202.2,202.2,202.2,202.2,202.2,202.1,202.1,202.1,202.1,202.0,202.0,202.0,202.0,201.9,201.9,201.9,201.9,201.8,201.8,201.8,201.8,201.7,201.7,201.7,201.7,201.6,201.6,201.6,201.6,201.6,201.5,201.5,201.5,201.5,201.4,201.4,201.4,201.4,201.3,201.3,201.3,201.3,201.3,201.2,201.2,201.2,201.2,201.2,201.1,201.1,201.1,201.1,201.1,201.0,201.0,201.0,201.0,201.0,201.0,200.9,200.9,200.9,200.9,200.9,200.9
202.9,202.9,202.9,202.8,202.8,202.7,202.7,202.7,202.6,202.6,202.6,202.5,202.5,202.5,202.4,202.4,202.4,202.3,202.3,202.2,202.2,202.2,202.1,202.1,202.1,202.0,202.0,201.9,201.9,201.9,201.8,201.8,201.8,201.7,201.7,201.6,201.6,201.6,201.5,201.5,201.5,201.4,201.4,201.3,201.3,201.3,201.2,201.2,201.2,201.1,201.1,201.1,201.0,201.0,201.0,200.9,200.9,200.9,200.8,200.8,200.8,200.7,200.7,200.7,200.7,200.6,200.6,200.6,200.6,200.5,200.5,200.5,200.5,200.5,200.4,200.4,200.4
203.4,203.3,203.3,203.2,203.2,203.1,203.1,203.0,203.0,202.9,202.9,202.8,202.8,202.7,202.7,202.6,202.6,202.6,202.5,202.5,202.4,202.4,202.3,202.2,202.2,202.1,202.1,202.0,202.0,201.9,201.9,201.8,201.8,201.7,201.7,201.6,201.6,201.5,201.5,201.4,201.4,201.3,201.3,201.2,201.2,201.1,201.1,201.0,201.0,201.0,200.9,200.9,200.8,200.8,200.7,200.7,200.7,200.6,200.6,200.6,200.5,200.5,200.5,200.4,200.4,200.4,200.3,200.3,200.3,200.3,200.2,200.2,200.2,200.2,200.1,200.1,200.1
203.9,203.9,203.8,203.7,203.7,203.6,203.6,203.5,203.4,203.4,203.3,203.3,203.2,203.1,203.1,203.0,202.9,202.9,202.8,202.7,202.7,202.6,202.5,202.5,202.4,202.3,202.3,202.2,202.1,202.1,202.0,201.9,201.9,201.8,201.8,201.7,201.6,201.6,201.5,201.4,201.4,201.3,201.2,201.2,201.1,201.1,201.0,200.9,200.9,200.8,200.8,200.7,200.7,200.6,200.6,200.5,200.5,200.4,200.4,200.3,200.3,200.2,200.2,200.1,200.1,200.1,200.0,200.0,199.9,199.9,199.9,199.8,199.8,199.8,199.7,199.7,199.7
204.5,204.4,204.3,204.3,204.2,204.1,204.1,204.0,203.9,203.8,203.8,203.7,203.6,203.5,203.5,203.4,203.3,203.2,203.1,203.1,203.0,202.9,202.8,202.7,202.7,202.6,202.5,202.4,202.3,202.3,202.2,202.1,202.0,201.9,201.9,201.8,201.7,201.6,201.5,201.4,201.4,201.3,201.2,201.1,201.1,201.0,200.9,200.8,200.8,200.7,200.6,200.6,200.5,200.4,200.4,200.3,200.2,200.2,200.1,200.1,200.0,199.9,199.9,199.8,199.8,199.8,199.7,199.7,199.6,199.6,199.5,199.5,199.5,199.5,199.4,199.4,199.4
205.2,205.1,205.0,204.9,204.8,204.7,204.7,204.6,204.5,204.4,204.3,204.2,204.1,204.0,203.9,203.8,203.7,203.7,203.6,203.5,203.4,203.3,203.2,203.1,203.0,202.9,202.8,202.7,202.6,202.5,202.4,202.3,202.2,202.1,202.0,201.9,201.8,201.7,201.6,201.5,201.4,201.3,201.2,201.1,201.0,200.9,200.8,200.7,200.6,200.5,200.4,200.4,200.3,200.2,200.1,200.1,200.0,199.9,199.9,199.8,199.8,199.7,199.7,199.7,199.6,199.6,199.6,199.5,199.5,199.5,199.5,199.4,199.4,199.4,199.4,199.4,199.4
205.9,205.8,205.7,205.6,205.5,205.4,205.3,205.2,205.1,205.0,204.9,204.8,204.7,204.6,204.5,204.4,204.3,204.1,204.0,203.9,203.8,203.7,203.6,203.5,203.4,203.2,203.1,203.0,202.9,202.7,202.6,202.5,202.3,202.2,202.1,202.0,201.8,201.7,201.6,201.5,201.3,201.2,201.1,201.0,200.9,200.8,200.7,200.6,200.5,200.4,200.4,200.3,200.2,200.2,200.1,200.0,200.0,199.9,199.9,199.8,199.8,199.8,199.7,199.7,199.7,199.7,199.6,199.6,199.6,199.6,199.5,199.5,199.5,199.5,199.5,199.5,199.4
206.6,206.5,206.4,206.3,206.2,206.1,205.9,205.8,205.7,205.6,205.5,205.4,205.2,205.1,205.0,204.9,204.7,204.6,204.5,204.4,204.2,204.1,204.0,203.9,203.7,203.6,203.4,203.3,203.1,203.0,202.8,202.6,202.5,202.3,202.2,202.0,201.9,201.8,201.6,201.5,201.4,201.3,201.1,201.0,200.9,200.8,200.7,200.7,200.6,200.5,200.4,200.3,200.3,200.2,200.2,200.1,200.1,200.0,200.0,200.0,199.9,199.9,199.9,199.8,199.8,199.8,199.7,199.7,199.7,199.7,199.7,199.7,199.6,199.6,199.6,199.6,199.6
207.4,207.3,207.1,207.0,206.9,206.8,206.7,206.6,206.4,206.3,206.1,206.0,205.9,205.7,205.6,205.5,205.3,205.2,205.1,204.9,204.8,204.6,204.5,204.3,204.1,204.0,203.8,203.6,203.4,203.2,203.0,202.9,202.7,202.5,202.3,202.2,202.1,201.9,201.8,201.7,201.5,201.4,201.3,201.2,201.0,200.9,200.8,200.7,200.7,200.6,200.5,200.4,200.4,200.3,200.3,200.2,200.2,200.1,200.1,200.1,200.0,200.0,200.0,200.0,200.0,199.9,199.9,199.9,199.9,199.9,199.8,199.8,199.8,199.8,199.8,199.8,199.7
208.1,208.0,207.8,207.7,207.6,207.5,207.4,207.2,207.1,206.9,206.8,206.6,206.5,206.3,206.2,206.0,205.9,205.7,205.6,205.4,205.3,205.1,204.9,204.8,204.5,204.4,204.1,203.9,203.7,203.5,203.3,203.1,203.0,202.8,202.6,202.5,202.3,202.1,202.0,201.8,201.7,201.6,201.4,201.3,201.2,201.1,201.0,200.9,200.8,200.7,200.7,200.6,200.5,200.5,200.4,200.4,200.3,200.3,200.2,200.2,200.1,200.1,200.1,200.1,200.1,200.1,200.1,200.0,200.0,200.0,199.9,199.9,199.9,199.9,199.9,199.9,199.9
208.9,208.7,208.6,208.5,208.3,208.2,208.1,208.0,207.8,207.7,207.5,207.3,207.2,207.0,206.8,206.7,206.5,206.3,206.2,206.0,205.8,205.7,205.5,205.2,205.0,204.8,204.6,204.3,204.1,203.9,203.7,203.5,203.3,203.2,203.0,202.8,202.6,202.4,202.3,202.1,202.0,201.9,201.7,201.6,201.5,201.4,201.3,201.2,201.1,201.0,200.9,200.8,200.7,200.6,200.6,200.5,200.5,200.5,200.5,200.4,200.3,200.3,200.2,200.1,200.0,199.9,200.0,200.1,200.2,200.3,200.3,200.2,200.0,200.0,199.9,199.9,200.0
209.5,209.4,209.3,209.1,209.0,208.9,208.7,208.6,208.5,208.3,208.2,208.0,207.8,207.6,207.4,207.2,207.1,206.9,206.7,206.6,206.4,206.2,206.0,205.8,205.5,205.3,205.0,204.8,204.5,204.3,204.1,203.9,203.7,203.5,203.3,203.1,203.0,202.8,202.6,202.5,202.3,202.2,202.1,202.0,201.8,201.7,201.6,201.5,201.4,201.3,201.2,201.1,200.9,200.8,200.7,200.6,200.6,200.6,200.5,200.5,200.4,200.4,200.5,200.5,200.5,200.2,200.0,199.9,200.0,200.1,200.2,200.3,200.3,200.3,200.3,200.2,200.2
210.3,210.2,210.0,209.9,209.7,209.6,209.4,209.3,209.1,209.0,208.8,208.7,208.5,208.3,208.1,207.9,207.7,207.5,207.3,207.2,207.0,206.8,206.6,206.3,206.1,205.8,205.6,205.3,205.1,204.8,204.6,204.4,204.2,203.9,203.7,203.5,203.4,203.2,203.0,202.9,202.7,202.5,202.4,202.3,202.1,202.0,201.8,201.7,201.6,201.5,201.4,201.3,201.2,201.1,201.0,200.9,200.8,200.8,200.7,200.7,200.6,200.5,200.5,200.5,200.5,200.6,200.5,200.5,200.4,200.4,200.4,200.4,200.5,200.5,200.5,200.5,200.5
211.0,210.9,210.7,210.5,210.4,210.2,210.1,209.9,209.7,209.6,209.4,209.3,209.1,209.0,208.8,208.6,208.3,208.1,207.9,207.8,207.6,207.4,207.1,206.9,206.7,206.4,206.1,205.9,205.6,205.3,205.1,204.8,204.6,204.3,204.1,203.9,203.7,203.5,203.3,203.1,203.0,202.9,202.7,202.5,202.4,202.2,202.1,201.9,201.8,201.7,201.6,201.5,201.4,201.3,201.2,201.1,201.0,201.0,200.9,200.8,200.7,200.7,200.6,200.6,200.6,200.5,200.5,200.5,200.6,200.6,200.6,200.6,200.6,200.6,200.6,200.6,200.6
211.9,211.7,211.5,211.3,211.1,211.0,210.8,210.6,210.4,210.3,210.1,209.9,209.8,209.6,209.5,209.3,209.1,208.9,208.6,208.4,208.2,208.0,207.8,207.6,207.3,207.1,206.8,206.5,206.3,205.9,205.7,205.3,205.1,204.8,204.6,204.4,204.1,203.9,203.7,203.5,203.4,203.2,203.1,202.9,202.7,202.5,202.3,202.2,202.1,201.9,201.8,201.7,201.6,201.5,201.4,201.3,201.3,201.2,201.1,201.0,201.0,200.9,200.9,200.9,200.8,200.8,200.8,200.7,200.7,200.6,200.6,200.6,200.6,200.6,200.6,200.6,200.6
212.7,212.5,212.3,212.1,211.9,211.7,211.5,211.3,211.1,210.9,210.7,210.6,210.4,210.2,210.1,209.9,209.7,209.5,209.3,209.1,208.8,208.6,208.4,208.2,207.9,207.7,207.4,207.2,206.9,206.6,206.3,206.0,205.6,205.3,205.1,204.9,204.6,204.4,204.2,204.0,203.8,203.6,203.5,203.3,203.1,202.9,202.7,202.5,202.4,202.2,202.1,202.0,201.8,201.7,201.7,201.6,201.5,201.4,201.3,201.2,201.1,201.1,201.0,201.0,200.9,200.9,200.9,200.8,200.8,200.8,200.8,200.8,200.7,200.7,200.7,200.7,200.7
213.5,213.3,213.1,212.9,212.7,212.5,212.3,212.1,211.9,211.7,211.5,211.3,211.1,210.9,210.7,210.5,210.3,210.2,210.0,209.8,209.5,209.3,209.1,208.8,208.6,208.4,208.1,207.8,207.6,207.3,207.1,206.7,206.4,206.0,205.7,205.4,205.2,204.9,204.7,204.5,204.2,204.0,203.8,203.7,203.5,203.3,203.1,203.0,202.8,202.7,202.4,202.3,202.1,202.0,201.9,201.8,201.7,201.6,201.6,201.5,201.4,201.4,201.3,201.2,201.2,201.1,201.1,201.1,201.0,201.0,201.0,200.9,200.9,200.9,200.9,200.9,200.9
214.2,214.0,213.8,213.7,213.4,213.3,213.0,212.8,212.6,212.4,212.2,212.0,211.8,211.5,211.3,211.1,210.9,210.7,210.5,210.3,210.2,209.9,209.7,209.5,209.2,209.0,208.8,208.5,208.2,208.0,207.7,207.4,207.1,206.7,206.4,206.1,205.7,205.4,205.2,204.9,204.7,204.4,204.1,203.9,203.7,203.5,203.3,203.2,203.1,203.0,202.8,202.6,202.4,202.3,202.2,202.1,202.0,201.9,201.8,201.8,201.7,201.6,201.6,201.5,201.4,201.3,201.3,201.2,201.2,201.1,201.1,201.0,201.0,201.0,201.0,200.9,200.9
215.1,214.9,214.7,214.5,214.3,214.1,213.9,213.6,213.4,213.2,213.0,212.7,212.5,212.3,212.0,211.8,211.6,211.3,211.1,210.9,210.7,210.5,210.3,210.1,209.9,209.7,209.4,209.2,208.9,208.6,208.4,208.0,207.7,207.4,207.0,206.7,206.3,206.0,205.8,205.5,205.2,204.9,204.7,204.4,204.1,203.9,203.7,203.5,203.4,203.2,203.0,202.9,202.7,202.7,202.6,202.5,202.4,202.4,202.3,202.1,202.0,201.9,201.9,201.8,201.7,201.6,201.5,201.4,201.4,201.3,201.2,201.2,201.1,201.1,201.0,201.0,201.0
215.9,215.8,215.6,215.4,215.2,215.0,214.7,214.5,214.3,214.1,213.8,213.5,213.3,213.0,212.8,212.5,212.3,212.0,211.8,211.5,211.3,211.1,210.9,210.7,210.5,210.2,210.0,209.8,209.6,209.4,209.1,208.8,208.4,208.1,207.7,207.3,206.9,206.6,206.3,206.0,205.7,205.4,205.2,204.9,204.6,204.3,204.1,204.0,203.8,203.6,203.5,203.3,203.2,203.1,203.0,202.8,202.8,202.7,202.6,202.5,202.3,202.2,202.1,202.0,201.9,201.8,201.7,201.6,201.4,201.3,201.2,201.1,201.1,201.0,201.0,200.9,200.9
216.8,216.6,216.4,216.2,216.0,215.7,215.5,215.3,215.1,214.8,214.6,214.3,214.1,213.8,213.5,213.3,213.0,212.7,212.4,212.1,211.8,211.6,211.3,211.1,210.9,210.7,210.5,210.3,210.1,209.9,209.7,209.4,209.1,208.8,208.4,208.0,207.6,207.2,206.9,206.5,206.1,205.8,205.5,205.3,205.0,204.8,204.6,204.4,204.2,204.1,203.9,203.8,203.6,203.5,203.3,203.2,203.1,203.0,202.8,202.7,202.6,202.4,202.3,202.2,202.1,201.9,201.8,201.6,201.5,201.3,201.2,201.1,201.1,201.0,200.9,200.8,200.8
217.7,217.5,217.3,217.1,216.9,216.7,216.4,216.2,215.9,215.7,215.4,215.1,214.9,214.6,214.3,214.0,213.8,213.5,213.2,212.8,212.5,212.2,211.9,211.7,211.4,211.2,211.0,210.8,210.6,210.4,210.2,210.0,209.8,209.5,209.1,208.8,208.3,207.9,207.5,207.2,206.8,206.5,206.1,205.8,205.5,205.2,205.0,204.8,204.7,204.5,204.4,204.2,204.0,203.9,203.7,203.6,203.5,203.3,203.2,203.1,202.9,202.8,202.6,202.5,202.3,202.1,201.9,201.7,201.6,201.4,201.3,201.2,201.1,201.0,200.9,200.9,200.9
218.6,218.4,218.2,217.9,217.7,217.4,217.2,216.9,216.6,216.4,216.1,215.9,215.6,215.3,215.0,214.8,214.4,214.2,213.8,213.6,213.2,212.9,212.5,212.2,211.9,211.7,211.4,211.2,211.0,210.8,210.6,210.4,210.2,210.0,209.7,209.4,209.0,208.6,208.2,207.8,207.4,207.0,206.7,206.3,206.0,205.7,205.5,205.3,205.1,204.9,204.8,204.6,204.4,204.3,204.1,204.0,203.9,203.7,203.5,203.4,203.2,203.0,202.9,202.7,202.5,202.3,202.2,202.0,201.8,201.6,201.5,201.4,201.3,201.2,201.2,201.1,201.0
219.3,219.0,218.8,218.6,218.3,218.1,217.8,217.6,217.3,217.1,216.8,216.6,216.3,216.0,215.8,215.5,215.2,214.9,214.6,214.2,213.9,213.6,213.3,212.9,212.6,212.2,211.9,211.6,211.4,211.2,211.0,210.8,210.6,210.4,210.2,210.0,209.6,209.3,208.8,208.4,208.0,207.7,207.3,206.9,206.5,206.2,206.0,205.7,205.6,205.4,205.2,205.0,204.9,204.7,204.6,204.4,204.3,204.1,203.9,203.7,203.6,203.4,203.2,203.1,202.9,202.7,202.5,202.3,202.1,201.9,201.7,201.7,201.6,201.5,201.3,201.2,201.2
219.8,219.5,219.3,219.0,218.8,218.5,218.3,218.1,217.9,217.6,217.3,217.0,216.8,216.5,216.3,216.0,215.7,215.5,215.2,214.9,214.6,214.3,213.9,213.6,213.2,212.9,212.5,212.2,211.8,211.5,211.3,211.0,210.8,210.6,210.5,210.3,210.1,209.8,209.5,209.1,208.7,208.2,207.9,207.4,207.0,206.7,206.4,206.2,205.9,205.8,205.6,205.4,205.2,205.1,205.0,204.8,204.6,204.5,204.3,204.1,204.0,203.7,203.6,203.4,203.2,203.0,202.9,202.7,202.5,202.3,202.0,201.8,201.8,201.9,202.0,201.9,201.7
220.1,219.8,219.6,219.3,219.0,218.7,218.5,218.3,218.1,217.9,217.6,217.5,217.2,217.0,216.7,216.5,216.2,216.0,215.7,215.4,215.1,214.8,214.5,214.1,213.8,213.4,213.1,212.7,212.4,212.0,211.7,211.4,211.2,211.0,210.8,210.6,210.4,210.2,210.0,209.7,209.2,208.9,208.4,208.0,207.6,207.2,206.9,206.6,206.4,206.1,206.0,205.8,205.6,205.5,205.4,205.2,205.0,204.9,204.7,204.5,204.4,204.2,204.0,203.8,203.5,203.4,203.2,203.1,203.0,202.9,202.6,202.3,201.9,201.8,201.9,202.1,202.3
220.1,219.8,219.6,219.3,219.1,218.8,218.5,218.4,218.1,217.8,217.6,217.6,217.4,217.2,217.0,216.8,216.5,216.3,216.0,215.7,215.4,215.1,214.8,214.6,214.2,213.9,213.5,213.2,212.8,212.5,212.2,211.9,211.6,211.3,211.2,211.0,210.8,210.6,210.4,210.1,209.8,209.4,209.0,208.5,208.1,207.7,207.3,207.0,206.7,206.5,206.3,206.1,205.9,205.8,205.7,205.6,205.4,205.3,205.1,204.9,204.7,204.5,204.4,204.3,204.1,203.8,203.6,203.4,203.3,203.2,203.1,202.9,202.6,202.1,201.8,201.8,202.0
219.9,219.6,219.3,219.1,218.9,218.6,218.4,218.2,218.0,217.7,217.5,217.5,217.4,217.2,217.0,216.8,216.6,216.4,216.2,215.9,215.6,215.3,215.0,214.7,214.5,214.2,213.9,213.6,213.2,212.9,212.6,212.3,212.0,211.8,211.6,211.3,211.1,210.9,210.8,210.6,210.3,210.0,209.6,209.2,208.7,208.3,207.8,207.5,207.1,206.9,206.7,206.5,206.3,206.2,206.0,205.9,205.8,205.7,205.5,205.4,205.2,205.0,204.7,204.4,204.2,204.1,204.0,203.8,203.5,203.3,203.2,203.1,203.0,202.8,202.4,202.1,202.0
219.6,219.3,219.0,218.8,218.7,218.5,218.3,218.1,217.8,217.5,217.3,217.2,217.1,217.0,216.8,216.6,216.4,216.3,216.1,215.9,215.7,215.4,215.1,214.8,214.5,214.3,214.0,213.8,213.6,213.3,213.0,212.7,212.5,212.3,212.0,211.7,211.5,211.2,211.0,210.7,210.6,210.4,210.1,209.7,209.3,208.9,208.4,208.0,207.6,207.3,207.0,206.8,206.6,206.5,206.4,206.3,206.1,206.0,205.9,205.7,205.6,205.5,205.4,205.2,204.9,204.6,204.4,204.2,204.0,203.7,203.4,203.2,203.1,203.0,202.8,202.7,202.6
219.4,219.0,218.7,218.4,218.1,218.1,218.0,217.8,217.5,217.3,217.1,216.9,216.7,216.5,216.3,216.2,216.1,216.0,216.0,215.8,215.5,215.2,214.9,214.7,214.4,214.2,214.0,213.9,213.7,213.5,213.4,213.1,212.9,212.7,212.4,212.2,211.9,211.5,211.2,210.9,210.7,210.6,210.4,210.2,209.8,209.5,209.0,208.6,208.2,207.8,207.5,207.2,207.0,206.9,206.7,206.6,206.5,206.4,206.3,206.1,206.0,205.8,205.6,205.5,205.3,204.9,204.6,204.4,204.4,204.2,203.9,203.6,203.4,203.2,203.2,203.1,203.0
218.9,218.7,218.4,218.1,217.7,217.7,217.5,217.2,217.1,217.1,217.0,216.7,216.4,216.1,215.8,215.8,216.0,216.0,215.6,215.2,215.1,215.0,214.8,214.6,214.5,214.3,214.1,213.9,213.8,213.7,213.5,213.4,213.2,213.0,212.8,212.5,212.3,212.0,211.7,211.3,211.1,210.8,210.6,210.4,210.2,209.9,209.5,209.1,208.8,208.4,208.0,207.7,207.4,207.2,207.0,206.9,206.8,206.7,206.6,206.5,206.4,206.2,206.0,205.9,205.8,205.7,205.4,205.0,204.7,204.6,204.5,204.2,203.9,203.6,203.5,203.5,203.4
218.8,218.5,218.0,217.5,217.1,216.8,217.0,216.8,216.5,216.4,216.4,216.4,216.2,215.9,215.7,215.8,216.0,215.8,215.3,215.4,215.3,215.0,214.8,214.7,214.5,214.3,214.2,214.0,213.9,213.7,213.6,213.4,213.3,213.2,213.0,212.9,212.7,212.4,212.1,211.7,211.4,211.2,210.9,210.6,210.4,210.3,210.1,209.8,209.4,209.0,208.6,208.3,208.0,207.7,207.4,207.3,207.1,207.0,206.9,206.8,206.7,206.6,206.4,206.2,206.0,205.9,205.8,205.5,205.1,204.8,204.6,204.5,204.4,204.3,204.1,203.9,203.8
