wind-weather/data/weather/current/current-wind-isobaric-1000hPa-gfs-1.0.json
{"header": {"discipline":0,"disciplineName":"Meteorologicalproducts","gribEdition":2,"gribLength":76050,"center":7,"centerName":"USNationalWeatherService-NCEP(WMC)","subcenter":0,"refTime":"2017-11-24T12:00:00.000Z","significanceOfRT":0,"significanceOfRTName":"Analysis","productStatus":0,"productStatusName":"Operationalproducts","productType":0,"productTypeName":"Analysisproducts","productDefinitionTemplate":0,"productDefinitionTemplateName":"Analysis/forecastathorizontallevel/layeratapointintime","parameterCategory":2,"parameterCategoryName":"Momentum","parameterNumber":3,"parameterNumberName":"V-component_of_wind","parameterUnit":"m.s-1","genProcessType":0,"genProcessTypeName":"Analysis","forecastTime":0,"surface1Type":100,"surface1TypeName":"Isobaricsurface","surface1Value":100000.0,"surface2Type":255,"surface2TypeName":"Missing","surface2Value":0.0,"gridDefinitionTemplate":0,"gridDefinitionTemplateName":"Latitude_Longitude","numberPoints":65160,"shape":6,"shapeName":"Earthsphericalwithradiusof6,371,229.0m","gridUnits":"degrees","resolution":48,"winds":"true","scanMode":0,"nx":360,"ny":181,"basicAngle":0,"lo1":0.0,"la1":90.0,"lo2":359.0,"la2":-90.0,"dx":1.0,"dy":1.0}, "data":
[rows 0 to 25 of 181, columns 290 to 347 of 360]
1.5663794,1.5163794,1.4563794,1.4063793,1.3463794,1.2863793,1.2363794,1.1763794,1.1163794,1.0563794,1.0063794,0.9463794,0.8863794,0.8263794,0.7663794,0.7063794,0.6463794,0.5863794,0.5263794,0.4663794,0.4063794,0.3463794,0.2863794,0.2263794,0.16637939,0.1063794,0.046379395,-0.013620606,-0.08362061,-0.14362061,-0.20362061,-0.26362062,-0.32362062,-0.38362062,-0.4436206,-0.5036206,-0.5636206,-0.6236206,-0.68362063,-0.74362063,-0.8036206,-0.8636206,-0.9236206,-0.9836206,-1.0336206,-1.0936207,-1.1536206,-1.2136207,-1.2636206,-1.3236206,-1.3836206,-1.4336206,-1.4936206,-1.5436206,-1.6036206,-1.6536206,-1.7036206,-1.7636206
0.036379393,-0.0736206,-0.1836206,-0.29362062,-0.4136206,-0.5236206,-0.6236206,-0.74362063,-0.8436206,-0.9436206,-1.0536206,-1.1536206,-1.2536206,-1.3536206,-1.4536206,-1.5436206,-1.6336206,-1.7236207,-1.8036206,-1.8936206,-1.9736207,-2.0636206,-2.1236205,-2.2036207,-2.2636206,-2.3436205,-2.3936205,-2.4536207,-2.5036206,-2.5636206,-2.6136205,-2.6436205,-2.6836207,-2.7236207,-2.7636206,-2.8036206,-2.8436205,-2.8736205,-2.9136207,-2.9336207,-2.9436207,-2.9636207,-2.9636207,-2.9836206,-2.9836206,-2.9836206,-2.9836206,-2.9936206,-2.9836206,-2.9736207,-2.9736207,-2.9636207,-2.9536207,-2.9236207,-2.9136207,-2.8936205,-2.8736205,-2.8636205
-1.4736207,-1.6236206,-1.7436206,-1.8836206,-2.0236206,-2.1636207,-2.3036206,-2.4336207,-2.5636206,-2.6936207,-2.8136206,-2.9336207,-3.0536206,-3.1736207,-3.2736206,-3.3836205,-3.4836206,-3.5836205,-3.6736207,-3.7636206,-3.8436205,-3.9236207,-3.9836206,-4.033621,-4.093621,-4.1436205,-4.2036204,-4.2336206,-4.2536206,-4.2636204,-4.283621,-4.303621,-4.303621,-4.2636204,-4.2236204,-4.2036204,-4.1836205,-4.1436205,-4.0636206,-3.9736207,-3.9036207,-3.8636205,-3.8236206,-3.7436206,-3.6636207,-3.5436206,-3.4136207,-3.3036206,-3.2136207,-3.1236205,-3.0036206,-2.8436205,-2.6736207,-2.5736206,-2.4736207,-2.3636205,-2.2036207,-2.0436206
-2.4636207,-2.5836205,-2.7036207,-2.8136206,-2.9336207,-3.0536206,-3.1636207,-3.2836206,-3.3836205,-3.5036206,-3.6236205,-3.7436206,-3.8536205,-3.9536207,-4.053621,-4.1736207,-4.2636204,-4.3536205,-4.4436207,-4.553621,-4.6136208,-4.6836205,-4.7536206,-4.823621,-4.8836207,-4.9136205,-4.9336205,-4.9436207,-4.9736204,-4.9436207,-4.9036207,-4.8736205,-4.8336205,-4.7636204,-4.6836205,-4.593621,-4.4936204,-4.3836207,-4.2236204,-4.053621,-3.8736205,-3.6936207,-3.4436207,-3.1936207,-2.9436207,-2.6836207,-2.3936205,-2.0836205,-1.7536206,-1.4536206,-1.1436206,-0.7936206,-0.4636206,-0.1936206,0.116379395,0.45637938,0.7263794,0.9463794
-2.2936206,-2.3236206,-2.3736205,-2.4236207,-2.5036206,-2.5836205,-2.6636207,-2.7636206,-2.8836205,-3.0036206,-3.1136205,-3.2636206,-3.4136207,-3.5436206,-3.6936207,-3.8636205,-3.9936206,-4.1136208,-4.2536206,-4.343621,-4.4236207,-4.533621,-4.6036205,-4.6236205,-4.6836205,-4.7436204,-4.7536206,-4.7536206,-4.783621,-4.7936206,-4.7736206,-4.7636204,-4.7336206,-4.6336207,-4.533621,-4.3836207,-4.1536207,-3.8636205,-3.5236206,-3.1136205,-2.6436205,-2.1436205,-1.6036206,-1.0336206,-0.4736206,0.116379395,0.6963794,1.2163794,1.7563794,2.2963793,2.7963793,3.2363794,3.6863794,4.176379,4.5563793,4.9563794,5.3563795,5.6263795
-2.1736207,-2.1336205,-2.1236205,-2.0836205,-2.0636206,-2.0636206,-2.0536206,-2.0136206,-2.0436206,-2.0136206,-2.0436206,-2.0536206,-2.0636206,-2.1436205,-2.2236207,-2.2336206,-2.3336205,-2.3636205,-2.4636207,-2.6036205,-2.7136207,-2.8336205,-3.0236206,-3.0736206,-3.2536206,-3.4436207,-3.5536206,-3.5936205,-3.6336205,-3.5236206,-3.4336207,-3.1936207,-2.8836205,-2.5036206,-2.0636206,-1.5636206,-1.0736206,-0.5636206,-0.0736206,0.4063794,0.8763794,1.3763794,1.9063793,2.5163794,3.2063794,3.9363794,4.7463794,5.5763793,6.3463793,7.1463795,7.7663794,8.216379,8.666379,9.006379,9.23638,9.48638,9.61638,9.74638
-0.8736206,-0.7836206,-0.7136206,-0.7036206,-0.6536206,-0.74362063,-0.8136206,-0.9136206,-1.0636206,-1.1936206,-1.3836206,-1.5036206,-1.6036206,-1.6636206,-1.6636206,-1.6936206,-1.6436206,-1.5436206,-1.5036206,-1.4036206,-1.3236206,-1.2336206,-1.0736206,-1.0036206,-0.8836206,-0.7936206,-0.7636206,-0.6536206,-0.6636206,-0.5636206,-0.4536206,-0.3136206,-0.063620605,0.1463794,0.4163794,0.6763794,0.8263794,0.9263794,1.0663794,1.0663794,1.4863794,2.1063795,3.2263794,4.7263794,6.3963795,7.9963794,9.3563795,10.306379,10.896379,11.306379,11.516379,11.82638,12.206379,12.52638,12.77638,12.90638,13.02638,13.07638
1.9763794,2.2063794,1.9763794,2.2063794,2.8463793,2.7363794,1.9263794,0.9363794,-0.1936206,-0.9836206,-1.4936206,-1.6636206,-1.6836206,-1.6236206,-1.4636207,-1.2936206,-0.9636206,-0.5636206,-0.013620606,0.6963794,1.5363793,2.2863793,2.9763794,3.4763794,2.3063793,1.3563794,1.4063793,2.3963795,1.2563794,1.0363793,1.2563794,1.8663794,2.0463793,1.3963794,1.1263794,1.5063794,2.1863794,2.8163793,4.9763794,4.9863796,3.4963794,3.4763794,3.9763794,4.6163793,5.3563795,6.0263796,9.896379,11.176379,11.82638,12.03638,12.44638,12.976379,13.516379,13.726379,13.706379,13.426379,13.056379,12.766379
-3.2736206,-2.2736206,-1.7236207,-2.0036206,-3.2736206,-4.9936204,-6.6636205,-7.6636205,-10.043621,-10.47362,-8.00362,-4.093621,-1.5836205,0.2663794,1.0663794,1.2563794,0.45637938,-0.1936206,-0.5736206,0.6063794,1.8763794,3.7763793,4.3563795,5.1263795,7.6663795,11.3563795,7.5763793,6.6163793,4.466379,2.2963793,1.6363794,1.7663794,2.7763793,3.9263794,4.9963794,4.3463793,3.1763794,1.4863794,0.3063794,1.0963794,4.8363795,5.7263794,7.2763796,8.626379,7.8663793,5.9763794,6.4963794,5.8063793,6.406379,8.086379,9.86638,10.52638,10.27638,9.6063795,9.806379,10.926379,12.52638,13.77638
-1.0836205,-3.4036207,-6.0436206,-7.0436206,-8.30362,-6.0236206,-4.073621,-2.7036207,-1.1736206,1.0363793,2.2963793,3.5263793,4.946379,5.4763794,7.6463795,10.53638,11.11638,10.186379,8.31638,6.8163795,6.0063796,6.4363794,8.226379,11.06638,12.836379,12.966379,11.386379,9.306379,7.5963793,6.8863792,6.3563795,5.3763795,4.3863792,3.6363795,3.4963794,3.6363795,4.3563795,5.5163794,6.7863793,7.5263796,7.4963794,6.946379,6.0163794,5.2363796,3.3363793,2.5263793,1.7863793,3.5163794,7.4763794,7.2363796,7.216379,7.0163794,5.9863796,8.516379,14.926379,16.14638,14.876379,12.686379
-10.743621,-11.073621,-8.43362,-4.283621,-0.8436206,1.0263793,0.42637938,0.9963794,2.6063795,4.9963794,7.2063794,8.226379,8.166379,7.8663793,7.6663795,7.4963794,7.4963794,7.5563793,7.4863796,7.466379,7.5563793,7.5963793,7.8763795,8.296379,8.806379,9.146379,8.6063795,7.6363792,7.1163793,6.7863793,6.8263793,7.5263796,8.516379,8.636379,7.8763795,7.2463794,5.3163795,3.6463795,1.4763794,-0.6736206,-1.3036206,-0.26362062,1.4463794,2.6163795,2.9163795,3.3363793,3.8863795,4.7563796,4.7363796,2.6763794,3.3263793,2.9863794,5.716379,8.90638,8.456379,7.716379,6.676379,5.7263794
-4.303621,-2.9536207,-1.7736206,0.6063794,4.0163794,7.6263795,9.6063795,9.016379,6.946379,6.0963793,7.1263795,9.53638,11.27638,11.586379,11.016379,10.206379,9.926379,10.256379,10.44638,10.006379,9.226379,8.666379,8.306379,7.9963794,7.696379,7.5563793,7.4863796,7.4863796,7.3063793,6.966379,6.5363793,6.0963793,5.696379,5.1263795,4.406379,3.9863794,3.8463793,3.8763795,4.0263796,4.2763796,4.696379,5.0563793,5.3263793,5.5463796,6.1063795,6.6263795,6.2263794,4.8063793,3.0163794,2.5863793,5.156379,6.0163794,5.0363793,4.2563796,3.1963794,2.2363794,1.4963794,0.9363794
1.1063794,2.2763793,2.8763795,2.3463793,2.1463795,3.0163794,3.8463793,4.0363793,4.5063796,5.1063795,5.2763796,4.8063793,4.3563795,4.216379,4.3163795,4.4163795,4.2463794,3.9863794,3.9863794,4.3963795,5.0463796,5.6663795,6.0063796,5.8463793,5.3763795,5.0063796,4.7663794,4.6463795,4.6363792,4.5863795,4.3963795,4.1463795,3.8663795,3.5863793,3.3963795,3.2463794,2.9963794,2.7663794,2.8663795,3.2163794,3.3563795,2.8163793,1.6063794,0.39637938,-0.6336206,-2.6036205,-5.0836205,-4.323621,-2.0136206,3.0663793,3.7663794,2.0763793,0.076379396,-1.2836206,-2.0536206,-2.4136207,-2.5736206,-2.8836205
0.36637938,-0.3136206,-0.7636206,1.2163794,4.3063793,6.0563793,3.6563795,2.2063794,2.1563795,1.4663794,0.1463794,-1.3836206,-2.5436206,-3.2136207,-2.9936206,-2.0636206,-1.2836206,-0.6736206,0.21637939,1.3763794,2.2863793,2.5463793,2.5163794,2.7263794,3.0863793,3.4963794,3.9363794,4.3363795,4.6663795,4.9363794,5.176379,5.3063793,5.1063795,4.5563793,3.9463794,3.5763793,3.6063795,3.7863793,3.6363795,2.9563794,2.3463793,2.4863794,3.1863794,3.5663793,2.5863793,0.5863794,-0.9536206,-2.5936205,-3.4036207,-3.2536206,-4.7136207,-6.5836205,-9.483621,-9.793621,-8.743621,-8.413621,-8.6436205,-8.84362
-0.7136206,-1.0436206,-2.9336207,-2.9636207,-2.5036206,-1.9236206,-2.2936206,-3.5636206,-5.4236207,-4.1736207,-1.9736207,-1.8436207,-0.3336206,1.4463794,2.5263793,3.5763793,4.8663793,6.176379,6.946379,6.7063794,6.4963794,6.8163795,6.9163795,6.9163795,7.426379,8.03638,8.28638,8.226379,8.016379,7.7063794,7.176379,6.676379,6.4163795,6.0863795,5.696379,5.5163794,5.5563793,5.656379,5.6663795,5.3763795,4.696379,2.9163795,0.21637939,-2.5836205,-3.3836205,-1.7336206,0.7463794,1.9163795,1.9363794,0.3463794,-5.2136207,-9.96362,-12.80362,-14.083621,-14.1436205,-13.773621,-13.483621,-12.8936205
-3.8236206,-3.1336205,-2.3136206,-1.6436206,-1.1436206,-0.6036206,0.16637939,0.9563794,1.5163794,1.8863794,2.5663793,3.3963795,3.2063794,1.6363794,2.3863795,2.8963795,4.426379,6.7663794,6.8463793,6.5163794,8.3563795,9.98638,10.176379,10.176379,10.23638,9.82638,8.966379,7.9763794,7.4163795,7.0963793,6.8963795,6.6863794,6.3963795,5.8263793,4.926379,3.4963794,1.8263794,0.5863794,-0.2736206,-0.8136206,-1.0136206,-1.1936206,-1.6836206,-2.5436206,-3.3036206,-4.0236206,-4.5436206,-3.3836205,-2.7336206,-2.3036206,-6.9936204,-14.353621,-17.86362,-18.143621,-17.91362,-17.08362,-15.733621,-15.26362
-1.7736206,-0.4436206,0.9363794,1.7163794,2.0863793,2.6663795,3.5163794,3.7063794,2.7263794,1.7763793,1.8663794,3.0963793,4.7363796,6.0563793,6.176379,10.69638,12.306379,12.386379,12.56638,11.846379,10.836379,11.06638,11.56638,11.03638,10.11638,9.24638,8.31638,8.1063795,8.176379,8.136379,7.926379,7.676379,7.446379,6.9863796,6.3563795,5.4363794,4.4963794,3.4563794,1.7963794,-0.2336206,-2.2536206,-2.7936206,-3.4236207,-4.0236206,-1.2336206,-2.8636205,-2.0736206,-1.3536206,-2.3836205,-9.113621,-15.953621,-18.98362,-19.563622,-19.08362,-19.293621,-19.76362,-19.25362,-17.45362
1.2263794,2.1863794,2.8863795,2.8463793,2.2163794,2.6563795,4.1863794,5.446379,5.8763795,5.716379,4.5163794,2.0463793,1.2063794,2.3663795,2.7263794,0.7663794,0.9363794,3.6763794,7.8663793,12.096379,13.296379,13.216379,12.676379,11.506379,11.31638,11.166379,11.006379,11.426379,11.49638,10.636379,9.966379,9.65638,8.936379,8.06638,7.2363796,6.2463794,4.5263796,3.1563795,1.8363794,0.2863794,-1.3736206,-2.6436205,-2.8536205,-1.2436206,-1.6836206,-2.5036206,-1.8536206,-3.6036205,-9.353621,-10.063621,-14.163621,-18.07362,-19.643621,-21.383621,-22.65362,-21.82362,-19.133621,-17.20362
0.4963794,0.3263794,0.1063794,0.036379393,0.5263794,1.3963794,2.1063795,2.4063795,2.7063794,4.2363796,6.6663795,6.446379,3.3663795,-0.17362061,-0.6936206,1.8263794,2.3463793,0.42637938,1.4763794,3.6063795,5.5563793,5.8663793,6.0763793,6.7263794,6.4763794,6.3363795,6.7663794,6.8663793,6.7963796,7.156379,7.1063795,6.716379,5.9863796,5.3563795,4.7263794,3.6063795,1.2963794,-0.9736206,-1.8936206,-3.3736205,-4.2336206,-2.3936205,-3.6136205,-2.2436206,-0.7036206,0.046379395,-1.1236206,-6.2036204,-11.50362,-14.68362,-17.543621,-19.65362,-22.10362,-24.42362,-24.35362,-21.69362,-20.623621,-20.95362
-0.7836206,-1.3736206,-2.0836205,-2.0336206,-1.2736206,-0.29362062,0.0663794,0.016379394,0.116379395,0.7763794,1.9163795,2.5363793,2.7163794,2.1563795,0.5163794,-2.1536207,-0.4236206,-1.2536206,-2.8436205,3.8963795,7.0963793,7.5563793,9.02638,8.556379,8.456379,8.28638,8.096379,8.046379,7.7363796,7.3363795,7.1163793,6.946379,6.4363794,5.946379,5.1063795,4.0363793,2.7763793,1.1563793,-1.1436206,-2.8736205,-5.1536207,-4.3636208,-3.3036206,-2.6136205,-2.0136206,-4.4136205,-3.4836206,-3.6036205,-5.7736206,-16.26362,-19.42362,-22.053621,-24.85362,-25.873621,-24.293621,-23.41362,-23.713621,-22.92362
-2.8436205,-1.6236206,-4.5036206,-7.5836205,-4.3636208,-2.2236207,-0.74362063,-0.033620607,0.1963794,0.18637939,0.076379396,-0.3336206,-1.6736206,-3.3336205,-2.8036206,0.56637937,3.2463794,2.6063795,-4.9636207,-3.5736206,5.4163795,10.07638,10.28638,9.65638,9.336379,8.546379,7.7063794,7.1263795,6.6063795,6.2463794,6.0463796,5.656379,5.5863795,5.3063793,4.3763795,2.8863795,0.9563794,-0.14362061,-0.4036206,1.6363794,3.1063795,1.8563794,-0.7336206,2.6763794,2.6263795,-4.9736204,-7.1436205,-10.18362,-15.59362,-16.67362,-21.32362,-24.44362,-26.51362,-26.16362,-24.60362,-24.373621,-23.01362,-22.25362
-2.9936206,-2.9736207,-8.403621,-11.17362,-2.8636205,-0.6436206,0.4463794,0.7863794,0.8463794,0.8763794,1.4263794,2.2763793,2.8863795,3.1163795,2.8363793,1.4763794,-2.4636207,-7.1036205,-5.6436205,2.4363794,8.23638,9.796379,9.126379,8.53638,9.61638,10.02638,9.676379,9.146379,8.24638,7.4563794,6.7563796,5.6663795,4.2963796,4.4763794,3.0863793,-3.2336206,-3.9236207,-4.1236205,-0.6936206,-3.1236205,-2.2636206,-2.5136206,-5.1536207,-3.8736205,-3.3336205,-8.88362,-6.0636206,-10.243621,-19.95362,-22.27362,-23.66362,-25.463621,-27.223621,-26.09362,-24.45362,-23.15362,-22.11362,-21.473621
-2.2436206,-3.8236206,-2.7636206,-1.8636206,-0.4436206,1.0963794,2.1863794,1.7763793,1.1463794,1.0963794,1.0563794,1.0863794,1.0663794,0.8863794,0.1963794,-0.9536206,-1.0036206,1.0763794,2.2363794,2.9763794,5.5763793,5.6863794,7.406379,8.61638,8.346379,9.256379,10.056379,10.166379,8.706379,7.7063794,7.3063793,5.906379,4.156379,1.4163795,-2.2036207,-1.9636207,-2.8536205,-2.1436205,-7.3136206,-5.9836206,-1.7936206,-0.93362063,-2.8036206,-3.4436207,-2.0136206,-3.7536206,-9.6436205,-14.413621,-18.303621,-20.053621,-22.10362,-24.963621,-26.44362,-25.473621,-23.86362,-23.03362,-21.44362,-22.59362
-1.0036206,-1.0436206,-1.6136206,-1.2636206,-1.3836206,-2.0636206,-1.5136206,-1.1436206,-0.11362061,0.6563794,1.0463794,2.1363795,3.8163793,5.1063795,5.0463796,3.8663795,0.5963794,-2.1336205,-3.4636207,0.016379394,6.446379,8.28638,7.5263796,6.8663793,5.6163793,6.3063793,8.8563795,9.716379,6.8963795,1.8263794,1.0863794,0.3863794,0.7063794,0.5563794,-0.093620606,-0.9736206,-0.6436206,0.16637939,-1.5236206,-3.9436207,-3.5636206,-2.5136206,-3.0736206,-5.7936206,-7.1936207,-7.1136208,-11.703621,-14.863621,-16.95362,-18.133621,-19.553621,-21.34362,-23.473621,-24.11362,-22.713621,-21.67362,-21.48362,-22.633621
0.2063794,-0.4436206,-0.8436206,-1.6436206,-2.1436205,-1.9436206,-3.2336206,-4.9336205,-4.2636204,-3.5436206,2.2563794,6.7563796,8.336379,9.86638,11.40638,11.31638,8.546379,2.5363793,2.5163794,4.8263793,6.926379,8.836379,9.78638,9.06638,9.86638,11.046379,11.546379,12.206379,2.5663793,-0.8336206,-0.3636206,-3.8936205,-4.8636208,-3.4836206,-3.7436206,-1.8436207,0.2063794,0.5963794,-0.7836206,-2.7436206,-3.7136207,-3.6936207,-4.7336206,-6.8936205,-8.743621,-10.67362,-11.773621,-7.1736207,-9.123621,-16.17362,-15.583621,-11.583621,-12.68362,-16.99362,-16.49362,-17.133621,-20.82362,-22.00362
-0.9236206,-0.6436206,-0.11362061,0.2063794,-1.3536206,-4.1336207,-3.1036205,-2.4136207,-3.5936205,-3.9436207,-3.8536205,-2.6736207,4.3663793,11.73638,11.77638,12.3563795,8.8563795,1.9363794,-0.9636206,0.2563794,5.7063794,8.52638,11.166379,12.676379,13.206379,9.376379,6.7363796,6.3963795,0.2863794,-4.2536206,-5.0136204,-7.9936204,-5.1836205,-1.1036206,6.5063796,8.976379,5.696379,2.8663795,-0.063620605,-2.3336205,-3.7236207,-4.1036205,-5.6736207,-8.363621,-9.983621,-13.353621,-14.09362,-11.833621,-8.71362,-6.5136204,-12.573621,-12.773621,-9.993621,-14.46362,-14.203621,-15.76362,-11.97362,-20.41362
