wind-weather/data/weather/current/current-wind-isobaric-500hPa-gfs-1.0.json
{"header": {"discipline":0,"disciplineName":"Meteorologicalproducts","gribEdition":2,"gribLength":45856,"center":7,"centerName":"USNationalWeatherService-NCEP(WMC)","subcenter":0,"refTime":"2017-11-24T12:00:00.000Z","significanceOfRT":0,"significanceOfRTName":"Analysis","productStatus":0,"productStatusName":"Operationalproducts","productType":0,"productTypeName":"Analysisproducts","productDefinitionTemplate":0,"productDefinitionTemplateName":"Analysis/forecastathorizontallevel/layeratapointintime","parameterCategory":2,"parameterCategoryName":"Momentum","parameterNumber":2,"parameterNumberName":"U-component_of_wind","parameterUnit":"m.s-1","genProcessType":0,"genProcessTypeName":"Analysis","forecastTime":0,"surface1Type":100,"surface1TypeName":"Isobaricsurface","surface1Value":50000.0,"surface2Type":255,"surface2TypeName":"Missing","surface2Value":0.0,"gridDefinitionTemplate":0,"gridDefinitionTemplateName":"Latitude_Longitude","numberPoints":65160,"shape":6,"shapeName":"Earthsphericalwithradiusof6,371,229.0m","gridUnits":"degrees","resolution":48,"winds":"true","scanMode":0,"nx":360,"ny":181,"basicAngle":0,"lo1":0.0,"la1":90.0,"lo2":359.0,"la2":-90.0,"dx":1.0,"dy":1.0}, "data":
[rows 52 to 77 of 181, columns 0 to 57 of 360]
11.504028,11.404028,12.204028,11.604029,10.204028,8.404028,6.8040285,4.5040283,1.7040284,0.0040283203,1.1040283,1.6040283,1.0040283,-0.19597168,-0.5959717,-0.7959717,-1.2959716,-1.9959717,-2.2959716,-1.4959717,-0.19597168,0.7040283,1.1040283,-0.19597168,-0.3959717,0.40402833,2.4040284,4.0040283,5.4040284,6.0040283,7.5040283,8.604029,10.204028,11.504028,12.404028,13.404028,15.504028,17.104029,19.20403,20.404028,21.70403,21.004028,19.504028,18.404028,18.004028,16.404028,11.3040285,13.404028,13.504028,16.70403,15.404028,12.004028,7.204028,4.8040285,8.3040285,9.3040285,9.604029,11.004028
11.504028,11.404028,11.004028,9.604029,8.604029,7.204028,6.104028,4.5040283,1.3040283,0.40402833,0.7040283,-0.5959717,-1.9959717,-2.2959716,-2.0959716,-1.1959717,-1.1959717,-0.69597167,-1.1959717,-1.5959717,-1.4959717,-0.9959717,-0.2959717,0.80402833,1.1040283,0.80402833,1.0040283,3.3040283,4.3040285,4.8040285,5.5040283,6.704028,8.104029,9.8040285,11.504028,11.404028,12.504028,14.704028,17.004028,19.604029,22.304028,23.70403,22.304028,21.804028,21.804028,18.20403,15.404028,19.004028,17.70403,19.404028,17.004028,13.004028,10.504028,7.704028,9.3040285,11.8040285,14.504028,14.904028
11.504028,11.204028,10.204028,9.504028,7.3040285,6.4040284,4.9040284,3.7040284,0.9040283,-0.09597168,-1.4959717,-2.3959718,-2.3959718,-1.8959717,-0.69597167,-0.19597168,0.30402833,-0.19597168,-0.09597168,0.30402833,-0.09597168,-0.49597168,-0.69597167,-0.09597168,1.0040283,1.9040283,2.1040282,1.8040283,3.5040283,4.5040283,4.0040283,5.104028,6.5040283,8.204028,9.404028,10.104029,10.604029,12.704028,14.904028,17.604029,21.404028,24.504028,26.004028,25.104029,25.304028,26.904028,29.104029,29.004028,22.104029,21.104029,17.404028,17.504028,16.404028,16.404028,17.104029,15.404028,15.104029,15.204028
11.404028,10.404028,9.604029,9.004028,7.604028,5.9040284,4.9040284,2.6040282,0.20402832,-1.5959717,-1.9959717,-1.9959717,-0.9959717,0.0040283203,0.20402832,0.0040283203,1.2040284,2.1040282,2.7040284,2.5040283,1.8040283,1.6040283,0.7040283,0.80402833,1.5040283,1.9040283,2.4040284,2.3040283,1.9040283,3.2040284,4.3040285,4.204028,5.5040283,6.604028,8.004028,9.704028,9.904028,11.604029,13.904028,15.904028,18.404028,22.004028,26.004028,29.104029,28.604029,27.804028,27.904028,27.804028,25.804028,23.404028,22.70403,22.104029,21.004028,19.504028,19.70403,17.504028,16.604029,15.404028
9.904028,9.8040285,9.8040285,8.8040285,7.5040283,5.9040284,4.5040283,3.0040283,0.30402833,-0.89597166,-0.49597168,-0.09597168,0.30402833,0.60402834,1.3040283,2.2040284,5.0040283,5.104028,4.8040285,5.4040284,4.4040284,2.3040283,1.2040284,1.7040284,1.8040283,1.7040284,2.1040282,2.5040283,2.2040284,2.0040283,3.4040284,5.204028,5.5040283,6.8040285,8.104029,9.704028,11.404028,11.604029,13.204028,14.704028,16.70403,19.004028,22.304028,25.804028,28.20403,29.004028,29.004028,26.904028,27.404028,25.404028,22.604029,21.904028,22.404028,20.004028,20.404028,18.20403,17.20403,13.904028
10.104029,9.604029,8.8040285,8.604029,7.5040283,5.9040284,4.5040283,3.0040283,1.5040283,0.60402834,0.5040283,1.2040284,1.9040283,1.4040283,1.3040283,1.1040283,0.30402833,3.6040282,5.0040283,6.5040283,5.0040283,4.4040284,3.5040283,2.7040284,2.6040282,2.6040282,3.2040284,3.4040284,3.4040284,3.1040282,3.1040282,4.104028,6.604028,8.3040285,9.704028,10.704028,12.104029,14.204028,14.104029,15.204028,16.20403,18.104029,20.104029,22.404028,25.20403,26.904028,27.20403,27.104029,25.70403,25.504028,23.804028,21.20403,21.904028,21.004028,20.404028,16.20403,16.304028,14.904028
9.004028,8.8040285,8.704028,7.8040285,7.4040284,6.204028,4.9040284,3.9040284,2.8040283,2.1040282,0.9040283,2.0040283,1.9040283,1.8040283,1.9040283,2.7040284,4.104028,2.8040283,3.0040283,5.4040284,6.5040283,5.704028,5.0040283,5.104028,4.4040284,4.4040284,4.4040284,4.604028,5.0040283,5.104028,5.0040283,4.9040284,6.0040283,8.504028,11.004028,12.3040285,14.3040285,14.904028,15.504028,16.604029,17.804028,18.804028,20.404028,22.004028,23.304028,24.104029,24.104029,24.20403,24.104029,22.404028,22.104029,22.304028,19.604029,21.304028,19.504028,16.804028,16.504028,16.20403
7.704028,7.8040285,7.9040284,7.8040285,7.204028,6.4040284,5.604028,4.9040284,4.104028,3.5040283,2.6040282,1.7040284,1.5040283,2.2040284,1.9040283,1.9040283,4.204028,5.5040283,6.4040284,6.5040283,7.4040284,6.8040285,7.104028,7.704028,6.8040285,6.8040285,6.5040283,6.4040284,6.204028,6.604028,7.0040283,6.604028,6.4040284,7.0040283,9.404028,12.404028,13.504028,14.604029,16.20403,16.70403,18.404028,20.104029,21.20403,21.904028,21.904028,21.504028,21.104029,21.104029,20.70403,19.904028,20.20403,22.20403,22.70403,20.70403,20.104029,19.004028,18.70403,17.904028
6.8040285,6.9040284,6.8040285,7.3040285,7.204028,7.0040283,6.104028,6.104028,5.8040285,5.204028,4.104028,1.2040284,1.3040283,3.6040282,3.6040282,2.9040284,0.60402834,3.0040283,2.3040283,5.604028,6.3040285,7.0040283,8.404028,9.004028,10.004028,11.104029,10.404028,9.3040285,8.404028,8.004028,7.9040284,7.704028,7.204028,6.9040284,7.5040283,9.8040285,11.704028,13.904028,15.3040285,16.904028,18.504028,19.304028,20.20403,20.504028,20.004028,19.20403,18.304028,17.70403,18.004028,17.904028,20.004028,22.70403,25.404028,25.104029,25.604029,23.004028,22.20403,19.104029
6.104028,5.9040284,6.204028,6.5040283,7.204028,7.104028,7.0040283,7.104028,7.604028,8.3040285,7.704028,6.8040285,5.5040283,5.9040284,7.104028,5.9040284,6.5040283,7.104028,7.5040283,8.904028,6.704028,7.704028,9.704028,11.8040285,14.104029,14.004028,13.004028,11.8040285,11.104029,10.104029,9.404028,8.904028,9.104029,8.504028,7.9040284,7.704028,8.704028,11.404028,13.8040285,15.704028,16.804028,18.104029,18.604029,18.504028,17.504028,16.804028,15.904028,15.404028,16.304028,19.904028,23.504028,25.604029,28.004028,28.604029,28.404028,25.504028,22.404028,22.804028
5.104028,5.4040284,5.5040283,6.104028,6.8040285,7.3040285,7.8040285,8.3040285,9.504028,11.004028,12.704028,12.8040285,11.504028,9.604029,9.8040285,8.704028,9.204028,10.104029,7.604028,8.204028,10.204028,11.504028,13.204028,13.904028,13.604029,13.504028,13.404028,13.204028,12.904028,12.204028,11.704028,10.604029,10.004028,9.404028,8.404028,7.604028,8.204028,8.8040285,11.204028,13.504028,15.004028,16.404028,16.904028,16.604029,16.304028,16.20403,16.804028,19.004028,23.504028,27.504028,31.004028,31.20403,29.20403,31.904028,29.404028,26.70403,23.404028,23.404028
5.104028,5.204028,5.604028,6.204028,6.9040284,7.4040284,8.104029,9.3040285,10.904028,13.004028,15.3040285,16.104029,14.3040285,13.204028,11.8040285,10.404028,11.004028,11.604029,11.3040285,11.104029,13.3040285,15.504028,13.904028,12.904028,12.904028,13.004028,13.004028,13.204028,13.204028,13.204028,13.004028,12.3040285,11.904028,11.504028,10.704028,9.8040285,9.104029,9.404028,9.904028,10.8040285,12.8040285,14.104029,15.104029,16.404028,17.604029,19.304028,21.70403,25.304028,29.304028,32.20403,34.104027,33.604027,32.304028,31.104029,29.404028,27.504028,25.804028,24.104029
5.104028,5.5040283,5.704028,6.204028,6.9040284,7.3040285,8.104029,9.504028,11.604029,14.204028,16.904028,18.104029,16.804028,15.904028,14.504028,14.604029,14.004028,13.904028,14.004028,16.504028,18.504028,13.504028,13.504028,12.504028,12.3040285,13.204028,13.8040285,14.104029,14.104029,13.904028,13.704028,13.404028,13.004028,12.504028,12.204028,12.004028,11.8040285,11.604029,11.204028,11.404028,11.8040285,13.104029,15.004028,17.404028,19.804028,22.504028,25.20403,27.604029,30.004028,32.00403,33.604027,33.70403,30.70403,28.304028,28.004028,27.604029,26.804028,23.904028
5.104028,5.5040283,6.0040283,6.0040283,6.5040283,6.8040285,7.9040284,9.404028,11.904028,14.004028,16.20403,18.804028,19.804028,18.304028,18.004028,17.70403,18.304028,18.804028,20.804028,22.404028,16.604029,13.604029,10.8040285,10.3040285,13.704028,14.404028,14.504028,14.404028,14.404028,14.504028,14.3040285,14.004028,13.8040285,13.3040285,12.904028,13.004028,13.104029,13.204028,13.604029,14.204028,14.504028,15.3040285,16.804028,18.604029,20.404028,22.604029,24.604029,26.504028,28.20403,29.404028,30.404028,29.804028,27.504028,27.70403,28.70403,27.004028,25.104029,23.604029
4.8040285,5.0040283,4.9040284,5.4040284,5.604028,6.0040283,6.9040284,8.904028,10.904028,12.904028,15.704028,18.304028,20.20403,20.70403,20.70403,21.104029,21.504028,22.70403,25.104029,20.70403,14.604029,14.004028,16.604029,18.604029,16.504028,15.504028,14.604029,14.104029,14.104029,14.104029,14.004028,14.004028,13.8040285,13.504028,13.504028,13.404028,13.004028,13.204028,13.3040285,14.104029,14.604029,15.904028,17.504028,19.004028,20.604029,22.004028,23.604029,24.904028,25.70403,26.604029,26.404028,25.70403,26.004028,26.104029,25.004028,23.604029,23.004028,23.404028
3.8040283,3.6040282,3.6040282,4.0040283,4.4040284,4.8040285,5.8040285,7.5040283,9.404028,11.404028,13.704028,16.104029,18.104029,20.004028,21.20403,22.304028,23.70403,23.804028,21.804028,18.70403,21.304028,21.104029,19.904028,18.20403,16.70403,15.504028,14.3040285,14.104029,14.004028,13.8040285,13.8040285,13.604029,13.204028,13.3040285,13.204028,13.3040285,13.104029,12.604029,12.904028,13.404028,14.104029,15.604029,16.70403,18.20403,19.404028,21.104029,22.604029,23.504028,23.604029,22.804028,22.70403,24.70403,23.604029,22.504028,22.404028,22.404028,21.904028,21.904028
2.1040282,2.0040283,2.1040282,2.4040284,3.1040282,3.7040284,4.704028,6.104028,8.204028,9.704028,11.504028,13.204028,15.604029,17.604029,19.804028,21.404028,22.004028,20.904028,21.604029,21.104029,20.104029,19.70403,18.604029,17.304028,16.104029,14.704028,14.904028,14.404028,13.904028,13.404028,13.004028,12.504028,12.604029,12.604029,12.404028,12.504028,12.8040285,12.704028,12.8040285,13.004028,13.904028,14.604029,15.8040285,17.404028,18.304028,19.504028,19.904028,20.004028,19.70403,20.904028,22.404028,20.604029,21.004028,21.604029,21.504028,21.004028,20.504028,19.804028
0.30402833,0.5040283,0.80402833,0.80402833,1.4040283,2.2040284,3.3040283,4.5040283,6.3040285,8.104029,9.8040285,11.604029,13.704028,15.904028,18.304028,20.604029,21.904028,19.504028,20.004028,18.804028,18.504028,17.70403,16.404028,15.3040285,14.504028,13.904028,13.404028,13.104029,13.004028,12.604029,12.204028,12.104029,11.504028,11.204028,10.8040285,11.004028,11.3040285,12.004028,12.3040285,12.404028,13.904028,15.404028,15.704028,16.404028,17.104029,17.304028,17.004028,17.70403,19.004028,18.904028,18.104029,19.104029,20.104029,20.004028,19.404028,18.70403,17.504028,16.20403
-0.69597167,-0.49597168,-0.7959717,-0.7959717,-0.19597168,0.9040283,2.2040284,3.9040284,5.5040283,7.4040284,9.504028,11.604029,14.104029,16.104029,18.504028,20.004028,19.304028,18.604029,17.804028,16.504028,15.3040285,14.504028,14.004028,13.604029,13.604029,12.904028,12.504028,12.3040285,11.904028,11.404028,11.3040285,11.3040285,10.904028,10.004028,9.404028,9.504028,9.704028,10.3040285,10.504028,11.004028,12.504028,13.104029,16.404028,14.404028,14.404028,14.704028,15.404028,15.8040285,15.504028,15.3040285,15.8040285,17.104029,17.104029,16.70403,15.8040285,14.204028,13.004028,11.904028
-1.5959717,-1.3959717,-1.4959717,-1.2959716,-0.69597167,0.30402833,1.5040283,3.2040284,5.4040284,8.404028,9.404028,11.404028,13.904028,16.404028,17.504028,17.104029,16.904028,16.20403,15.604029,14.504028,14.204028,13.8040285,13.3040285,13.104029,12.004028,11.504028,11.004028,10.504028,10.104029,9.704028,9.904028,10.504028,10.3040285,9.8040285,9.3040285,9.404028,8.904028,8.504028,8.3040285,9.704028,10.8040285,12.104029,12.504028,12.404028,11.104029,12.404028,11.904028,11.704028,12.404028,13.504028,14.004028,14.204028,13.604029,12.504028,11.004028,10.104029,9.404028,8.104029
-1.4959717,-1.3959717,-1.2959716,-0.9959717,-0.09597168,1.0040283,2.1040282,4.0040283,6.5040283,8.604029,9.904028,12.404028,14.204028,14.8040285,14.904028,14.8040285,14.104029,13.404028,12.904028,13.104029,12.704028,12.104029,11.604029,10.904028,10.204028,9.704028,9.404028,8.904028,8.3040285,7.9040284,8.104029,8.504028,9.004028,9.004028,8.8040285,8.904028,8.204028,7.704028,8.104029,8.3040285,9.504028,9.604029,9.204028,10.004028,8.104029,9.904028,8.904028,9.604029,10.3040285,10.8040285,10.504028,9.704028,8.904028,8.004028,7.0040283,6.5040283,5.9040284,4.704028
-1.5959717,-1.0959717,-0.49597168,0.20402832,1.0040283,2.2040284,3.7040284,5.704028,7.604028,9.3040285,11.004028,11.8040285,12.204028,12.604029,12.004028,11.3040285,11.604029,12.004028,11.8040285,11.3040285,11.104029,10.404028,9.404028,8.704028,7.8040285,7.9040284,7.3040285,7.0040283,6.604028,5.9040284,5.8040285,6.3040285,6.604028,7.3040285,7.3040285,7.0040283,6.5040283,6.704028,7.4040284,6.604028,7.604028,7.5040283,7.8040285,6.5040283,6.5040283,5.4040284,5.204028,6.4040284,6.704028,6.8040285,6.5040283,5.8040285,5.104028,4.104028,3.8040283,3.4040284,2.1040282,1.2040284
-1.9959717,-1.0959717,-0.3959717,0.60402834,2.1040282,3.6040282,5.0040283,6.604028,7.9040284,8.604029,9.104029,9.504028,9.004028,8.504028,9.004028,9.8040285,9.904028,9.504028,9.104029,8.8040285,7.8040285,7.5040283,6.8040285,6.104028,5.8040285,5.604028,5.104028,4.5040283,4.0040283,3.2040284,3.3040283,3.3040283,3.7040284,4.4040284,4.5040283,4.3040285,4.4040284,4.8040285,5.204028,4.604028,5.9040284,4.204028,4.104028,3.4040284,3.9040284,3.7040284,2.9040284,3.5040283,3.3040283,3.4040284,2.9040284,1.8040283,1.4040283,0.7040283,0.40402833,-0.5959717,-0.89597166,-1.4959717
-1.8959717,-0.7959717,0.10402832,1.4040283,2.6040282,3.8040283,4.8040285,5.5040283,5.9040284,6.5040283,6.5040283,6.104028,6.8040285,7.5040283,7.9040284,7.3040285,6.604028,6.104028,5.5040283,5.0040283,4.8040285,4.204028,3.8040283,3.0040283,2.9040284,2.5040283,2.0040283,1.8040283,1.2040284,0.60402834,0.5040283,0.7040283,1.0040283,1.4040283,2.0040283,2.6040282,3.0040283,3.1040282,3.5040283,2.7040284,3.6040282,2.3040283,2.9040284,1.8040283,2.3040283,0.9040283,0.20402832,-0.19597168,-0.09597168,-0.49597168,0.30402833,-0.9959717,-1.7959716,-2.4959717,-2.8959718,-3.0959716,-2.9959717,-4.0959716
-1.2959716,-0.19597168,0.30402833,1.2040284,1.9040283,2.3040283,3.0040283,3.7040284,4.0040283,4.204028,4.704028,5.4040284,5.704028,5.5040283,4.604028,4.204028,3.4040284,2.3040283,2.1040282,1.9040283,1.5040283,1.0040283,-0.09597168,-0.2959717,-0.3959717,-0.89597166,-0.89597166,-0.9959717,-1.5959717,-1.6959717,-1.9959717,-1.6959717,-1.4959717,-0.89597166,0.20402832,0.9040283,1.3040283,1.1040283,1.6040283,0.9040283,0.9040283,-0.19597168,-0.7959717,-2.0959716,-1.8959717,-2.7959716,-2.7959716,-2.5959716,-2.3959718,-3.3959718,-3.3959718,-3.6959717,-4.6959715,-4.5959716,-5.0959716,-4.795972,-4.895972,-5.0959716
-1.5959717,-0.5959717,0.10402832,0.20402832,0.7040283,0.40402833,0.9040283,2.1040282,3.2040284,3.7040284,3.3040283,3.0040283,2.5040283,1.9040283,2.3040283,1.6040283,0.5040283,-0.49597168,-0.7959717,-1.2959716,-1.9959717,-2.6959717,-3.4959717,-3.7959716,-4.1959715,-3.9959717,-3.5959716,-3.5959716,-3.8959718,-4.0959716,-4.395972,-4.4959717,-3.7959716,-2.6959717,-1.9959717,-1.4959717,-1.4959717,-1.5959717,-1.1959717,-1.5959717,-2.9959717,-3.1959717,-4.895972,-4.795972,-5.395972,-5.295972,-4.795972,-4.395972,-4.9959717,-5.9959717,-5.9959717,-5.6959715,-6.4959717,-7.0959716,-6.9959717,-6.295972,-5.395972,-4.6959715
