wind-weather/data/weather/current/current-wind-isobaric-500hPa-gfs-1.0.json
{"header": {"discipline":0,"disciplineName":"Meteorologicalproducts","gribEdition":2,"gribLength":46921,"center":7,"centerName":"USNationalWeatherService-NCEP(WMC)","subcenter":0,"refTime":"2017-11-24T12:00:00.000Z","significanceOfRT":0,"significanceOfRTName":"Analysis","productStatus":0,"productStatusName":"Operationalproducts","productType":0,"productTypeName":"Analysisproducts","productDefinitionTemplate":0,"productDefinitionTemplateName":"Analysis/forecastathorizontallevel/layeratapointintime","parameterCategory":2,"parameterCategoryName":"Momentum","parameterNumber":3,"parameterNumberName":"V-component_of_wind","parameterUnit":"m.s-1","genProcessType":0,"genProcessTypeName":"Analysis","forecastTime":0,"surface1Type":100,"surface1TypeName":"Isobaricsurface","surface1Value":50000.0,"surface2Type":255,"surface2TypeName":"Missing","surface2Value":0.0,"gridDefinitionTemplate":0,"gridDefinitionTemplateName":"Latitude_Longitude","numberPoints":65160,"shape":6,"shapeName":"Earthsphericalwithradiusof6,371,229.0m","gridUnits":"degrees","resolution":48,"winds":"true","scanMode":0,"nx":360,"ny":181,"basicAngle":0,"lo1":0.0,"la1":90.0,"lo2":359.0,"la2":-90.0,"dx":1.0,"dy":1.0}, "data":
[rows 54 to 80 of 181, columns 118 to 176 of 360]
-7.126123,-6.626123,-6.326123,-6.626123,-6.726123,-6.326123,-5.726123,-4.926123,-4.726123,-3.526123,-2.4261231,-2.026123,-3.526123,-3.4261231,-3.626123,-3.826123,-3.9261231,-2.9261231,-3.226123,-2.126123,-1.426123,-1.326123,0.17387696,1.673877,5.173877,7.573877,9.873877,12.873877,16.873877,19.273876,18.673878,18.973877,19.673878,19.873877,19.573877,21.873877,22.273876,21.073877,21.073877,20.373877,18.473877,17.173878,15.873877,13.273877,11.573877,9.973877,9.573877,10.373877,7.373877,2.773877,-2.226123,-6.526123,-6.226123,-0.026123047,3.873877,6.073877,7.673877,6.173877,4.273877
-4.626123,-4.726123,-4.626123,-4.526123,-4.526123,-4.326123,-3.9261231,-3.4261231,-2.526123,-1.326123,-1.2261231,-1.826123,-2.526123,-3.026123,-3.826123,-2.126123,-0.82612306,-1.326123,-2.526123,-0.6261231,2.773877,4.073877,4.373877,4.873877,5.573877,9.273877,15.073877,17.673878,17.773876,17.573877,17.273876,17.073877,17.373877,18.173878,19.173878,20.873877,20.173878,19.273876,17.673878,15.573877,14.473877,13.173877,10.273877,8.073877,7.073877,6.373877,7.973877,6.773877,2.373877,-2.326123,-7.526123,-6.526123,0.37387696,2.373877,3.873877,5.173877,5.773877,5.873877,5.473877
-4.126123,-1.826123,-0.026123047,0.8738769,0.573877,-0.52612305,-1.026123,-0.72612303,-0.32612306,0.47387695,0.073876955,-0.22612305,-0.82612306,-1.2261231,0.073876955,0.47387695,2.273877,1.7738769,2.873877,2.473877,4.673877,5.273877,4.373877,6.573877,10.373877,12.873877,13.573877,14.473877,15.273877,15.373877,16.073877,16.673878,17.773876,17.873877,16.773876,16.173878,15.073877,12.673877,11.973877,10.973877,10.273877,8.173877,6.073877,4.173877,3.5738769,4.573877,4.673877,2.0738769,-2.4261231,-8.126123,-7.926123,-1.1261231,2.873877,5.773877,5.773877,4.773877,3.773877,4.573877,5.673877
1.073877,1.573877,1.3738769,1.7738769,2.173877,2.473877,2.473877,2.773877,3.5738769,3.873877,3.873877,3.373877,2.373877,1.2738769,2.473877,3.0738769,2.273877,1.973877,1.7738769,1.173877,2.273877,4.573877,6.573877,7.673877,9.173877,11.273877,12.973877,13.773877,15.173877,16.373877,15.973877,14.373877,12.873877,12.373877,12.073877,10.873877,9.873877,9.373877,8.373877,7.873877,6.373877,4.473877,2.373877,1.073877,1.173877,2.673877,0.47387695,-2.9261231,-8.926123,-9.926123,-2.726123,1.7738769,5.373877,5.573877,4.173877,3.473877,3.873877,3.5738769,6.473877
2.773877,3.5738769,4.173877,5.073877,5.773877,5.773877,4.873877,4.373877,3.973877,3.5738769,2.973877,2.0738769,1.473877,2.0738769,0.17387696,0.27387697,0.17387696,0.573877,1.473877,2.873877,4.273877,6.473877,7.373877,8.873877,11.073877,13.173877,14.273877,14.073877,12.973877,11.373877,10.573877,10.673877,9.973877,8.973877,8.173877,7.673877,7.273877,6.473877,6.073877,5.273877,3.173877,0.97387695,-0.72612303,-1.2261231,-0.026123047,-0.82612306,-3.826123,-8.726123,-14.326123,-5.326123,0.67387694,4.773877,4.673877,4.373877,4.473877,2.673877,4.573877,0.77387697,7.073877
4.073877,4.373877,5.273877,5.273877,5.273877,5.773877,5.073877,3.973877,3.273877,2.773877,1.973877,1.573877,1.473877,0.8738769,0.073876955,0.17387696,1.2738769,2.873877,4.673877,6.773877,7.873877,8.673877,11.073877,11.573877,10.473877,8.873877,8.473877,8.573877,8.973877,9.673877,9.673877,9.073877,7.673877,7.073877,6.773877,6.673877,5.673877,5.273877,4.173877,2.0738769,-0.026123047,-2.026123,-3.326123,-3.026123,-1.926123,-5.026123,-9.126123,-15.526123,-11.326123,-2.4261231,3.973877,8.073877,4.573877,6.173877,3.973877,4.273877,2.5738769,-0.6261231,8.373877
6.273877,6.273877,6.473877,6.173877,5.173877,4.173877,3.473877,2.873877,2.373877,1.973877,1.573877,1.3738769,1.673877,1.673877,1.8738769,3.473877,5.473877,7.573877,8.773877,8.673877,8.473877,7.573877,6.473877,5.673877,5.873877,6.173877,7.173877,8.273877,8.873877,8.873877,8.173877,7.273877,7.073877,6.573877,5.573877,4.973877,4.473877,3.273877,1.473877,-0.52612305,-2.826123,-4.626123,-5.626123,-4.826123,-5.626123,-9.726123,-15.426123,-18.426123,-8.026123,-0.026123047,11.973877,9.473877,8.973877,6.773877,5.173877,3.473877,1.7738769,2.773877,5.073877
2.273877,0.573877,2.973877,2.973877,2.673877,2.173877,1.8738769,1.573877,1.473877,1.473877,1.8738769,2.873877,4.073877,5.173877,5.773877,6.473877,6.773877,6.273877,5.673877,5.573877,5.773877,6.173877,5.973877,5.173877,5.173877,6.373877,7.773877,8.273877,7.673877,7.573877,6.973877,6.573877,5.373877,5.073877,4.873877,4.073877,2.773877,1.073877,-1.026123,-3.226123,-5.226123,-6.926123,-7.726123,-7.326123,-10.326123,-15.326123,-21.426123,-16.226124,-7.226123,6.873877,13.973877,9.273877,10.873877,6.373877,5.473877,2.673877,0.47387695,2.173877,4.273877
2.273877,2.173877,1.573877,2.373877,2.373877,1.973877,1.573877,1.473877,1.973877,2.873877,3.773877,4.573877,3.873877,3.773877,4.873877,5.473877,5.273877,5.473877,6.173877,7.173877,6.873877,5.473877,4.373877,4.873877,5.673877,6.673877,7.173877,7.273877,7.073877,6.273877,5.773877,5.073877,4.973877,4.273877,3.173877,1.8738769,0.77387697,-1.026123,-3.326123,-5.526123,-7.426123,-9.126123,-9.826123,-10.426123,-15.126123,-21.026123,-24.526123,-15.226123,-6.226123,11.373877,13.873877,11.673877,11.573877,8.273877,6.873877,1.3738769,0.27387697,2.0738769,3.5738769
11.673877,8.573877,7.473877,6.173877,4.973877,3.773877,3.373877,4.073877,5.073877,5.373877,4.973877,4.573877,5.173877,6.073877,6.473877,4.573877,4.773877,6.473877,6.873877,6.273877,5.473877,5.073877,5.273877,5.473877,5.773877,6.873877,6.673877,5.873877,6.173877,6.073877,5.273877,4.573877,3.373877,2.273877,1.473877,0.37387696,-1.026123,-2.9261231,-5.126123,-7.326123,-9.226123,-11.026123,-12.026123,-14.126123,-19.526123,-26.326122,-23.826122,-15.726123,-5.526123,12.773877,16.973877,12.873877,12.873877,8.773877,5.973877,0.47387695,1.073877,2.473877,2.873877
14.973877,13.173877,9.873877,7.873877,5.773877,4.573877,5.373877,7.073877,7.473877,7.173877,7.073877,6.373877,6.073877,5.073877,4.273877,6.273877,6.473877,6.073877,5.973877,6.073877,5.773877,5.773877,6.173877,6.673877,6.573877,5.973877,5.673877,6.173877,5.173877,4.373877,3.373877,2.5738769,1.973877,1.3738769,0.073876955,-1.426123,-2.9261231,-4.726123,-6.726123,-8.826123,-10.926123,-12.826123,-14.126123,-17.726124,-23.326122,-30.126123,-23.426123,-17.526123,-3.026123,14.973877,20.173878,14.073877,14.273877,9.473877,3.873877,5.373877,2.173877,2.673877,2.373877
7.373877,6.173877,4.073877,5.173877,4.173877,5.273877,6.873877,8.273877,7.673877,6.573877,5.973877,5.473877,5.173877,5.873877,6.173877,5.873877,5.973877,6.373877,5.973877,5.573877,5.973877,5.973877,5.573877,5.773877,6.473877,6.073877,5.373877,3.973877,3.0738769,1.973877,1.673877,1.3738769,0.97387695,-0.12612304,-1.7261231,-3.126123,-4.626123,-6.226123,-8.126123,-10.126123,-12.326123,-14.226123,-16.026123,-20.526123,-26.126123,-31.226124,-23.026123,-17.426123,-1.426123,17.473877,22.073877,17.773876,14.273877,10.573877,4.973877,6.173877,2.0738769,2.973877,1.973877
5.873877,6.673877,6.373877,4.873877,5.373877,5.473877,7.273877,6.373877,6.973877,6.973877,6.973877,6.873877,6.173877,5.773877,5.573877,5.673877,5.673877,5.773877,5.473877,4.973877,4.473877,4.673877,5.673877,6.273877,5.073877,4.573877,3.773877,2.473877,1.7738769,1.173877,0.67387694,-0.12612304,-0.926123,-1.926123,-2.726123,-3.9261231,-5.526123,-7.326123,-9.226123,-11.226123,-13.526123,-15.426123,-17.026123,-22.126123,-28.026123,-31.026123,-22.426123,-15.426123,0.17387696,19.373877,25.173878,12.873877,13.773877,10.573877,4.673877,3.773877,2.0738769,2.773877,1.973877
6.873877,7.273877,4.973877,4.173877,6.573877,6.873877,5.273877,3.873877,4.473877,5.473877,5.173877,4.373877,4.273877,4.673877,4.773877,5.073877,4.473877,4.073877,3.973877,4.273877,4.473877,4.773877,4.573877,4.673877,4.473877,2.773877,1.8738769,1.073877,0.77387697,0.47387695,-0.6261231,-1.826123,-2.4261231,-3.026123,-3.726123,-4.926123,-6.126123,-7.826123,-9.926123,-12.126123,-14.026123,-15.826123,-17.326122,-22.426123,-28.126123,-30.226124,-20.926123,-11.726123,2.173877,19.473877,25.073877,13.773877,14.373877,8.273877,5.673877,3.873877,2.0738769,1.8738769,1.3738769
6.773877,6.673877,5.273877,5.873877,6.573877,6.473877,5.773877,4.273877,3.273877,2.773877,2.673877,2.673877,2.873877,3.273877,3.5738769,3.273877,3.473877,3.5738769,3.773877,3.373877,2.773877,2.473877,2.973877,1.573877,1.673877,1.573877,0.573877,0.27387697,-0.026123047,-0.926123,-1.826123,-2.526123,-3.026123,-3.526123,-4.526123,-5.526123,-6.926123,-8.626123,-10.426123,-12.126123,-13.526123,-14.826123,-16.526123,-21.126123,-26.526123,-29.326122,-19.526123,-8.226123,5.073877,17.373877,19.173878,14.273877,12.273877,5.073877,6.373877,3.273877,0.77387697,-0.026123047,0.573877
6.273877,6.173877,6.573877,6.373877,6.773877,5.373877,3.773877,3.873877,2.973877,2.473877,2.173877,1.573877,1.673877,2.173877,2.0738769,2.273877,2.473877,2.873877,2.273877,1.7738769,1.573877,1.073877,1.173877,0.8738769,0.97387695,-0.12612304,-0.6261231,-0.6261231,-1.326123,-2.126123,-2.526123,-3.226123,-3.726123,-4.526123,-5.526123,-6.426123,-7.526123,-8.926123,-10.226123,-11.126123,-11.826123,-12.826123,-14.426123,-18.026123,-22.326122,-27.026123,-18.626123,-6.126123,7.173877,15.273877,15.573877,11.073877,8.973877,4.973877,3.5738769,1.7738769,-0.32612306,-1.2261231,-0.6261231
6.373877,5.673877,5.473877,5.073877,3.773877,3.0738769,3.173877,3.173877,2.373877,1.7738769,1.073877,0.67387694,0.8738769,0.8738769,0.97387695,1.573877,2.0738769,1.573877,0.573877,0.17387696,0.573877,-0.026123047,0.17387696,0.573877,-0.82612306,-1.2261231,-1.2261231,-1.326123,-2.126123,-3.226123,-3.4261231,-3.9261231,-4.626123,-5.826123,-6.526123,-7.326123,-8.026123,-8.426123,-8.826123,-9.426123,-9.926123,-10.726123,-11.826123,-14.026123,-17.226124,-21.026123,-15.926123,-5.226123,6.073877,12.373877,12.473877,10.773877,7.273877,5.373877,3.173877,1.573877,-0.6261231,-1.926123,-2.026123
5.273877,5.073877,4.973877,4.173877,3.473877,3.673877,3.273877,2.773877,1.973877,1.2738769,0.573877,0.37387696,0.073876955,0.073876955,0.573877,0.573877,0.37387696,-0.026123047,-0.32612306,-0.6261231,-0.026123047,-0.12612304,-0.82612306,-0.926123,-1.426123,-1.6261231,-1.426123,-1.826123,-3.026123,-4.026123,-4.426123,-4.726123,-5.826123,-6.826123,-7.126123,-7.326123,-7.226123,-7.026123,-7.026123,-7.726123,-8.226123,-8.826123,-9.826123,-11.526123,-13.726123,-15.126123,-13.826123,-6.926123,2.0738769,7.473877,8.373877,5.573877,4.273877,5.673877,3.0738769,0.47387695,-0.6261231,-2.726123,-3.526123
5.373877,5.173877,3.873877,3.673877,3.173877,2.873877,3.273877,2.973877,1.7738769,0.97387695,0.27387697,-0.22612305,-0.32612306,-0.22612305,-0.22612305,-0.026123047,-0.026123047,-0.026123047,-0.42612305,-0.82612306,-0.82612306,-1.026123,-1.2261231,-1.6261231,-2.026123,-1.926123,-2.026123,-2.9261231,-4.126123,-5.026123,-5.326123,-5.926123,-7.526123,-8.126123,-7.926123,-7.126123,-6.026123,-5.126123,-5.426123,-6.426123,-7.026123,-7.226123,-8.926123,-10.726123,-12.126123,-12.526123,-11.626123,-7.226123,-3.4261231,2.973877,4.773877,1.973877,2.973877,4.973877,-0.42612305,-1.526123,-1.326123,-3.126123,-4.526123
4.573877,3.773877,4.073877,4.473877,3.473877,3.0738769,3.173877,2.673877,1.8738769,0.67387694,-0.22612305,-0.12612304,0.17387696,0.17387696,-0.12612304,-0.12612304,-0.52612305,-0.82612306,-1.1261231,-1.026123,-1.1261231,-1.426123,-1.6261231,-1.7261231,-1.826123,-2.226123,-3.126123,-4.126123,-5.226123,-5.926123,-6.126123,-7.226123,-8.526123,-8.826123,-7.726123,-6.126123,-5.026123,-4.526123,-4.726123,-5.726123,-6.126123,-6.926123,-8.826123,-10.226123,-10.426123,-9.726123,-7.926123,-6.726123,-2.326123,0.37387696,3.0738769,2.973877,1.8738769,4.073877,-0.6261231,-2.126123,-2.126123,-3.626123,-5.126123
3.973877,4.073877,4.173877,3.373877,2.373877,2.673877,2.873877,2.173877,1.073877,0.37387696,0.573877,0.77387697,0.77387697,0.573877,-0.12612304,-1.026123,-1.326123,-1.326123,-1.1261231,-1.526123,-1.926123,-2.326123,-2.126123,-2.026123,-2.326123,-3.226123,-4.126123,-5.026123,-6.026123,-6.726123,-7.226123,-8.126123,-8.926123,-8.326123,-6.826123,-5.326123,-4.426123,-4.326123,-4.426123,-5.126123,-6.126123,-7.026123,-7.826123,-8.226123,-7.726123,-7.726123,-7.426123,-6.526123,-3.4261231,-1.026123,1.473877,2.0738769,1.2738769,-0.42612305,-0.22612305,-2.826123,-3.026123,-3.626123,-6.026123
3.5738769,4.473877,3.173877,2.673877,2.0738769,1.8738769,1.3738769,1.073877,0.97387695,0.67387694,0.573877,0.8738769,0.573877,-0.12612304,-1.026123,-1.7261231,-1.926123,-1.426123,-1.326123,-1.826123,-2.326123,-2.226123,-2.026123,-2.4261231,-3.026123,-4.126123,-4.826123,-5.526123,-6.326123,-7.126123,-7.726123,-8.426123,-8.526123,-7.426123,-6.026123,-4.826123,-4.326123,-4.426123,-4.726123,-5.426123,-6.026123,-6.426123,-6.526123,-6.826123,-7.426123,-7.126123,-6.926123,-6.726123,-4.426123,-1.426123,1.3738769,1.473877,1.973877,-0.32612306,-1.326123,-2.9261231,-4.526123,-5.026123,-6.526123
4.273877,2.973877,2.873877,2.673877,1.8738769,1.673877,1.573877,1.173877,0.77387697,0.8738769,0.8738769,0.37387696,-0.12612304,-0.52612305,-0.926123,-0.926123,-0.6261231,-0.82612306,-1.326123,-1.926123,-2.026123,-1.826123,-1.526123,-2.326123,-3.226123,-4.126123,-4.726123,-5.426123,-6.026123,-6.626123,-7.226123,-7.526123,-6.726123,-5.526123,-4.426123,-3.826123,-3.9261231,-4.226123,-4.726123,-5.226123,-5.726123,-6.126123,-6.526123,-6.826123,-6.626123,-6.726123,-6.526123,-6.026123,-4.526123,-1.1261231,0.77387697,1.2738769,-0.12612304,-0.42612305,-1.826123,-3.526123,-5.226123,-5.826123,-7.126123
3.0738769,3.773877,2.173877,2.273877,2.5738769,1.673877,0.8738769,0.8738769,1.073877,0.8738769,0.573877,0.073876955,-0.22612305,-0.22612305,-0.32612306,-0.6261231,-0.82612306,-1.2261231,-1.426123,-1.2261231,-1.2261231,-1.526123,-2.126123,-2.526123,-2.726123,-3.126123,-3.826123,-4.026123,-4.026123,-4.326123,-4.126123,-3.9261231,-3.726123,-3.526123,-3.326123,-3.4261231,-3.4261231,-3.626123,-3.9261231,-4.226123,-4.726123,-5.226123,-5.826123,-6.426123,-6.726123,-6.226123,-6.426123,-5.726123,-4.226123,-1.526123,0.17387696,-0.22612305,0.073876955,-0.926123,-1.826123,-3.226123,-4.626123,-5.426123,-5.826123
2.173877,2.373877,1.173877,0.8738769,1.473877,1.173877,0.97387695,0.77387697,0.77387697,0.8738769,0.47387695,-0.026123047,-0.42612305,-0.926123,-0.72612303,-0.926123,-1.326123,-1.6261231,-1.6261231,-1.1261231,-0.72612303,-0.6261231,-0.72612303,-1.1261231,-2.126123,-2.126123,-2.026123,-2.126123,-2.126123,-1.526123,-2.026123,-2.026123,-1.926123,-2.026123,-2.4261231,-2.826123,-3.026123,-3.226123,-3.626123,-4.326123,-5.026123,-5.826123,-6.026123,-5.826123,-5.726123,-6.226123,-5.726123,-4.726123,-2.326123,-0.42612305,-0.22612305,0.27387697,-0.6261231,-0.82612306,-1.826123,-2.726123,-3.726123,-4.626123,-5.126123
1.473877,1.073877,1.8738769,1.2738769,0.77387697,0.8738769,0.573877,1.173877,1.173877,0.77387697,0.17387696,-0.026123047,-0.12612304,-0.6261231,-1.2261231,-1.826123,-2.226123,-2.4261231,-2.126123,-1.826123,-1.6261231,-1.326123,-1.1261231,-1.1261231,-1.2261231,-1.526123,-1.7261231,-1.6261231,-1.1261231,-0.6261231,-0.72612303,-1.326123,-1.6261231,-1.926123,-2.326123,-2.826123,-3.526123,-4.326123,-4.926123,-5.226123,-5.126123,-4.826123,-4.826123,-5.126123,-5.226123,-5.126123,-4.126123,-3.126123,-1.7261231,-1.7261231,-1.426123,-1.526123,-1.426123,-1.926123,-2.226123,-1.7261231,-1.926123,-3.126123,-4.326123
1.673877,1.7738769,1.7738769,0.8738769,0.573877,0.77387697,0.97387695,0.17387696,0.47387695,-0.026123047,-0.32612306,-0.32612306,-0.42612305,-0.72612303,-1.026123,-1.2261231,-1.7261231,-2.226123,-2.4261231,-2.226123,-1.7261231,-1.326123,-1.2261231,-1.2261231,-1.426123,-1.926123,-2.326123,-2.4261231,-2.626123,-2.9261231,-3.126123,-3.4261231,-3.726123,-3.826123,-3.826123,-3.726123,-3.526123,-3.226123,-3.126123,-3.226123,-3.326123,-3.826123,-4.026123,-4.126123,-4.226123,-3.626123,-2.9261231,-2.4261231,-2.326123,-2.4261231,-2.4261231,-2.826123,-3.126123,-2.126123,-2.226123,-2.226123,-2.126123,-2.026123,-2.9261231
