wind-weather/data/weather/current/current-temp-isobaric-700hPa-gfs-1.0.json
{"header": {"discipline":0,"disciplineName":"Meteorologicalproducts","gribEdition":2,"gribLength":36642,"center":7,"centerName":"USNationalWeatherService-NCEP(WMC)","subcenter":0,"refTime":"2017-11-24T12:00:00.000Z","significanceOfRT":0,"significanceOfRTName":"Analysis","productStatus":0,"productStatusName":"Operationalproducts","productType":0,"productTypeName":"Analysisproducts","productDefinitionTemplate":0,"productDefinitionTemplateName":"Analysis/forecastathorizontallevel/layeratapointintime","parameterCategory":0,"parameterCategoryName":"Temperature","parameterNumber":0,"parameterNumberName":"Temperature","parameterUnit":"K","genProcessType":0,"genProcessTypeName":"Analysis","forecastTime":0,"surface1Type":100,"surface1TypeName":"Isobaricsurface","surface1Value":70000.0,"surface2Type":255,"surface2TypeName":"Missing","surface2Value":0.0,"gridDefinitionTemplate":0,"gridDefinitionTemplateName":"Latitude_Longitude","numberPoints":65160,"shape":6,"shapeName":"Earthsphericalwithradiusof6,371,229.0m","gridUnits":"degrees","resolution":48,"winds":"true","scanMode":0,"nx":360,"ny":181,"basicAngle":0,"lo1":0.0,"la1":90.0,"lo2":359.0,"la2":-90.0,"dx":1.0,"dy":1.0}, "data":
[rows 52 to 77 of 181, columns 0 to 59 of 360]
272.88486,272.78485,273.08487,272.88486,272.38486,272.38486,272.28485,272.28485,272.58487,272.48486,272.38486,271.98486,271.08487,271.18488,271.58487,271.68488,272.08487,272.08487,272.08487,272.18488,272.78485,273.08487,273.18488,272.88486,272.48486,272.18488,272.18488,272.18488,271.88486,272.08487,272.08487,271.58487,270.68488,269.98486,268.78485,266.88486,264.28485,263.98486,263.88486,262.48486,261.28485,261.18488,260.18488,259.88486,261.38486,261.18488,261.08487,261.78485,261.88486,262.38486,263.28485,263.78485,264.08487,264.78485,265.88486,266.58487,267.88486,268.28485,269.28485,269.98486
273.58487,273.48486,273.38486,272.88486,272.88486,272.88486,272.78485,272.68488,272.58487,272.38486,271.88486,271.58487,271.38486,270.98486,271.08487,271.48486,271.58487,271.78485,271.78485,271.58487,271.98486,272.58487,272.68488,272.78485,272.48486,272.18488,272.08487,272.38486,272.48486,272.58487,272.38486,272.38486,270.98486,270.98486,269.08487,269.48486,268.08487,266.58487,265.68488,264.38486,263.38486,262.48486,262.18488,260.88486,260.68488,261.28485,261.68488,261.98486,262.58487,263.68488,264.28485,265.48486,265.38486,265.28485,265.98486,266.78485,267.78485,268.08487,270.08487,270.28485
274.28485,274.08487,273.88486,273.68488,273.58487,273.48486,273.18488,272.68488,272.48486,271.68488,271.48486,270.98486,270.98486,270.98486,270.98486,271.08487,271.18488,271.18488,270.98486,271.38486,271.48486,271.98486,272.38486,272.38486,272.38486,272.18488,272.28485,272.58487,272.78485,273.18488,273.28485,272.88486,272.78485,272.48486,271.38486,270.98486,269.48486,268.38486,267.48486,266.28485,264.98486,264.28485,263.88486,263.28485,262.08487,261.28485,261.68488,262.58487,263.88486,264.98486,264.58487,265.08487,267.38486,265.58487,267.48486,267.98486,268.48486,268.88486,269.78485,269.98486
275.18488,274.88486,274.58487,274.48486,274.18488,273.68488,273.38486,272.38486,271.68488,271.08487,270.88486,270.68488,270.68488,270.78485,270.78485,270.68488,270.88486,270.88486,270.58487,270.88486,271.28485,271.68488,272.08487,272.28485,272.48486,272.58487,272.58487,272.78485,272.98486,273.08487,273.48486,273.58487,273.08487,271.68488,272.38486,270.98486,269.98486,268.28485,267.28485,266.68488,266.68488,266.18488,265.38486,264.88486,264.18488,263.58487,262.08487,263.78485,264.88486,265.48486,265.68488,265.28485,266.08487,266.58487,267.38486,267.98486,267.88486,269.48486,270.68488,271.58487
275.68488,275.48486,275.18488,274.78485,274.38486,273.88486,273.48486,272.48486,271.78485,271.38486,270.98486,270.88486,270.58487,270.78485,270.88486,271.08487,270.88486,270.68488,270.68488,270.78485,270.78485,271.18488,271.88486,272.18488,272.38486,272.68488,272.68488,272.88486,273.08487,273.08487,273.18488,273.38486,273.48486,273.38486,272.38486,271.48486,269.28485,269.38486,268.58487,268.08487,267.88486,267.58487,267.08487,266.38486,265.98486,265.48486,264.28485,265.08487,264.68488,266.38486,267.08487,268.18488,268.38486,267.58487,268.68488,268.98486,269.18488,270.98486,271.58487,273.18488
276.38486,276.08487,275.88486,275.28485,274.48486,274.28485,273.58487,272.78485,272.18488,271.28485,270.58487,271.38486,271.68488,271.68488,271.58487,271.18488,270.88486,270.58487,270.68488,270.68488,270.88486,270.98486,271.58487,271.98486,272.18488,272.28485,272.58487,272.88486,273.18488,273.38486,273.28485,273.28485,273.48486,273.48486,273.38486,272.38486,271.48486,270.98486,270.28485,269.18488,268.68488,268.68488,268.18488,267.48486,266.98486,266.38486,265.98486,265.68488,265.48486,264.28485,267.38486,270.78485,269.18488,270.18488,271.08487,271.68488,271.28485,271.38486,272.58487,273.88486
276.88486,276.68488,276.18488,275.58487,274.88486,274.78485,273.78485,273.48486,272.58487,271.28485,271.18488,271.48486,272.28485,271.98486,271.68488,271.48486,271.18488,270.88486,270.68488,270.98486,270.98486,271.08487,271.58487,271.78485,271.58487,271.58487,272.38486,272.98486,273.18488,273.48486,273.48486,273.48486,273.58487,273.78485,273.78485,273.78485,271.88486,271.88486,271.58487,270.68488,270.08487,269.68488,269.48486,268.78485,268.18488,267.08487,266.68488,266.68488,266.28485,264.68488,266.18488,270.08487,272.08487,272.08487,271.88486,273.48486,273.98486,273.88486,273.98486,273.68488
277.58487,277.18488,276.68488,276.08487,275.48486,275.18488,274.08487,273.88486,272.78485,271.48486,271.18488,271.58487,272.18488,272.18488,271.98486,271.88486,271.38486,271.18488,270.78485,270.98486,271.28485,271.28485,271.28485,271.78485,271.88486,272.38486,272.58487,272.88486,273.08487,273.38486,273.68488,273.88486,274.08487,274.08487,274.08487,273.38486,272.78485,272.78485,272.58487,271.78485,271.08487,270.58487,270.58487,270.28485,269.98486,269.18488,268.48486,268.08487,267.28485,266.68488,267.68488,268.28485,271.28485,272.68488,273.48486,273.48486,274.38486,276.08487,275.38486,275.58487
277.98486,277.78485,277.38486,276.78485,276.18488,275.58487,274.68488,273.98486,273.38486,272.08487,271.58487,271.68488,272.28485,272.38486,272.08487,272.18488,271.68488,270.58487,270.48486,270.78485,271.38486,271.48486,271.48486,271.88486,272.28485,272.68488,273.18488,272.88486,273.18488,273.38486,273.78485,274.18488,274.58487,274.58487,274.68488,274.88486,274.08487,273.18488,273.18488,272.68488,272.18488,271.68488,271.58487,271.08487,271.08487,270.58487,269.98486,269.48486,268.88486,268.38486,269.08487,268.88486,268.28485,270.88486,272.58487,272.98486,274.38486,275.58487,275.88486,276.58487
278.38486,278.18488,277.88486,277.48486,276.78485,275.88486,275.28485,274.48486,273.88486,272.98486,272.08487,272.08487,272.48486,272.58487,272.48486,272.18488,271.78485,270.88486,271.08487,271.78485,271.98486,272.08487,272.28485,272.38486,272.68488,272.98486,273.18488,273.48486,273.58487,273.88486,274.18488,274.68488,274.98486,275.48486,275.28485,275.18488,274.88486,274.38486,273.68488,272.88486,272.38486,272.18488,271.88486,271.58487,271.28485,270.98486,270.38486,269.58487,269.28485,269.38486,269.98486,269.88486,269.98486,271.58487,270.78485,272.48486,273.38486,273.28485,275.28485,278.08487
278.68488,278.48486,278.18488,277.88486,277.28485,276.58487,275.78485,274.88486,274.08487,273.58487,273.08487,272.98486,273.08487,272.88486,272.68488,272.38486,272.38486,271.78485,270.98486,272.08487,272.68488,272.98486,273.08487,273.08487,273.18488,273.48486,274.08487,274.38486,274.38486,274.58487,274.88486,275.48486,275.78485,275.98486,275.98486,276.08487,275.48486,275.38486,274.88486,274.18488,273.88486,272.88486,272.28485,271.38486,270.68488,270.48486,270.28485,270.08487,269.78485,270.18488,270.28485,271.78485,272.58487,271.18488,272.68488,272.78485,273.18488,273.38486,274.68488,276.78485
279.08487,278.88486,278.58487,278.18488,277.48486,276.78485,276.18488,275.58487,274.88486,274.28485,273.88486,273.58487,273.28485,273.58487,273.78485,273.28485,273.18488,272.18488,271.08487,272.38486,273.28485,273.48486,273.58487,273.78485,273.78485,274.18488,274.78485,275.18488,275.28485,275.48486,275.88486,276.18488,276.58487,276.58487,276.68488,276.78485,276.58487,276.18488,275.78485,275.38486,273.48486,272.38486,272.38486,272.78485,272.18488,271.28485,271.08487,270.98486,270.98486,271.58487,272.28485,273.88486,272.88486,272.88486,273.58487,273.58487,274.08487,274.28485,275.58487,275.28485
279.48486,279.08487,278.78485,278.48486,277.98486,277.38486,276.68488,275.98486,275.38486,274.98486,274.58487,274.38486,274.58487,274.48486,274.38486,274.18488,274.08487,273.38486,273.88486,273.88486,274.18488,274.28485,274.38486,274.48486,274.68488,274.98486,275.58487,276.08487,276.48486,276.48486,276.78485,277.08487,277.48486,277.58487,277.68488,277.68488,277.68488,277.08487,276.08487,274.48486,273.08487,274.78485,274.28485,274.08487,273.58487,273.18488,273.28485,273.98486,273.98486,273.88486,273.58487,274.08487,275.18488,274.58487,274.28485,274.78485,275.18488,275.88486,276.58487,277.38486
279.58487,279.38486,279.08487,278.58487,277.98486,277.38486,276.78485,276.38486,275.78485,275.18488,275.48486,275.28485,275.08487,275.18488,275.08487,275.28485,275.38486,274.88486,274.98486,275.18488,275.58487,275.38486,275.28485,275.28485,275.38486,275.68488,276.08487,276.58487,277.18488,277.58487,277.98486,278.38486,278.68488,278.68488,278.68488,278.68488,278.58487,278.18488,276.98486,276.98486,275.58487,274.98486,275.08487,275.18488,274.58487,274.68488,274.68488,274.58487,274.78485,274.98486,274.88486,275.58487,275.78485,275.28485,275.58487,275.88486,276.28485,277.38486,277.58487,278.28485
279.48486,279.08487,278.78485,278.48486,278.08487,277.58487,276.48486,277.18488,276.28485,276.08487,275.68488,274.98486,275.88486,276.18488,276.28485,276.08487,276.18488,276.28485,276.18488,276.38486,276.28485,276.38486,276.18488,276.38486,276.48486,276.68488,276.98486,277.48486,278.08487,278.58487,279.28485,279.48486,279.78485,279.68488,279.58487,279.88486,279.68488,279.58487,278.98486,278.28485,275.68488,275.18488,274.78485,275.28485,275.78485,276.48486,276.28485,276.48486,276.78485,277.08487,276.98486,276.68488,276.28485,276.38486,276.88486,277.38486,277.98486,278.18488,278.48486,279.18488
279.18488,278.98486,278.68488,278.48486,278.18488,277.58487,277.78485,277.38486,276.78485,277.08487,276.88486,276.68488,276.58487,276.78485,276.98486,276.88486,277.08487,277.18488,277.58487,276.98486,276.98486,277.38486,277.18488,277.28485,277.58487,277.78485,278.28485,278.68488,279.08487,279.58487,280.08487,280.28485,280.48486,280.48486,280.28485,280.38486,280.38486,280.38486,280.08487,279.58487,276.58487,276.98486,276.38486,275.68488,276.68488,277.98486,277.88486,278.38486,277.98486,277.48486,277.28485,277.18488,277.08487,277.28485,278.08487,279.18488,279.48486,279.48486,279.18488,279.98486
279.08487,279.08487,278.88486,278.48486,278.28485,278.38486,278.28485,278.28485,278.18488,278.08487,277.98486,277.68488,277.38486,277.28485,277.58487,277.88486,278.18488,278.38486,278.18488,277.38486,278.18488,277.98486,278.28485,278.48486,278.58487,278.88486,279.08487,279.58487,279.88486,280.18488,280.48486,280.78485,280.98486,281.08487,280.98486,280.98486,281.18488,281.08487,280.78485,280.78485,279.88486,278.28485,277.28485,278.18488,278.98486,279.78485,279.78485,279.68488,279.08487,278.88486,278.48486,278.58487,278.58487,278.78485,279.58487,280.08487,280.58487,280.78485,281.08487,281.08487
279.28485,279.08487,278.78485,278.68488,278.88486,278.78485,278.68488,278.78485,278.98486,279.18488,279.08487,278.68488,278.68488,278.58487,278.68488,279.08487,279.38486,279.18488,278.58487,278.78485,279.08487,278.98486,279.18488,279.38486,279.58487,279.78485,280.08487,280.38486,280.68488,280.88486,281.28485,281.48486,281.48486,281.48486,281.58487,281.58487,281.38486,281.68488,281.58487,281.58487,280.68488,280.28485,278.58487,280.38486,280.18488,280.78485,280.78485,280.38486,280.28485,280.28485,280.08487,279.78485,279.68488,280.18488,280.68488,280.88486,281.48486,281.68488,282.08487,282.18488
279.28485,279.18488,279.18488,279.38486,279.68488,279.68488,279.68488,279.78485,279.88486,279.68488,279.68488,279.78485,279.68488,279.88486,280.18488,280.18488,280.38486,280.28485,279.88486,279.78485,279.98486,280.18488,280.18488,280.38486,280.58487,280.88486,281.18488,281.38486,281.58487,281.98486,282.08487,282.08487,282.18488,282.18488,282.18488,282.08487,281.88486,282.28485,282.28485,281.78485,281.18488,280.68488,281.18488,279.08487,281.28485,281.38486,281.68488,281.28485,281.08487,280.98486,280.88486,280.88486,281.08487,281.18488,281.48486,281.78485,281.98486,282.28485,282.08487,282.38486
279.58487,279.68488,279.88486,280.18488,280.38486,280.48486,280.48486,280.58487,280.38486,280.18488,280.38486,280.58487,280.68488,280.78485,280.88486,280.98486,281.08487,281.18488,280.98486,280.68488,280.98486,281.28485,281.28485,281.38486,281.48486,281.98486,282.08487,282.38486,282.38486,282.88486,283.08487,283.08487,282.98486,282.98486,282.78485,282.48486,282.18488,282.68488,282.28485,282.28485,281.78485,281.08487,281.18488,282.88486,282.08487,281.78485,282.08487,281.78485,281.78485,281.68488,281.68488,281.58487,281.58487,281.98486,282.18488,282.18488,281.68488,281.18488,281.08487,281.38486
280.18488,280.48486,280.98486,281.28485,281.18488,280.88486,280.78485,280.88486,280.88486,280.88486,281.08487,281.28485,281.28485,281.28485,281.58487,281.88486,281.88486,281.68488,281.68488,281.78485,281.98486,281.88486,281.88486,282.58487,282.48486,282.98486,283.08487,283.38486,283.48486,283.48486,283.28485,283.18488,283.08487,283.08487,282.98486,282.88486,283.08487,283.28485,283.08487,282.68488,281.98486,281.38486,281.38486,281.88486,282.28485,282.38486,281.68488,282.18488,282.28485,282.38486,282.38486,282.28485,282.58487,282.68488,282.58487,281.78485,281.78485,281.68488,281.18488,281.48486
281.18488,281.78485,281.48486,281.58487,281.58487,281.48486,281.48486,281.38486,281.48486,281.38486,281.58487,281.68488,281.88486,282.08487,282.38486,282.38486,282.38486,282.48486,282.48486,282.68488,282.98486,282.78485,282.28485,282.98486,283.08487,283.28485,283.48486,283.48486,283.58487,283.48486,283.48486,283.48486,283.48486,283.38486,283.28485,283.38486,283.08487,283.58487,282.48486,282.08487,281.78485,281.88486,281.68488,282.38486,283.78485,282.28485,281.58487,281.58487,281.88486,282.88486,283.08487,283.48486,283.38486,281.98486,282.98486,283.08487,282.98486,282.88486,282.98486,282.68488
282.18488,281.88486,281.78485,281.88486,281.98486,281.78485,281.88486,281.88486,281.68488,281.78485,282.18488,282.08487,282.48486,282.48486,282.88486,282.78485,282.78485,282.88486,283.18488,283.28485,283.38486,283.48486,283.28485,283.08487,283.58487,283.68488,283.38486,283.38486,283.58487,283.68488,283.68488,283.78485,283.68488,283.48486,283.18488,282.98486,282.88486,283.28485,281.88486,282.28485,282.08487,282.48486,282.08487,282.58487,282.68488,282.28485,282.38486,283.18488,283.18488,282.98486,283.68488,283.58487,283.78485,283.98486,284.08487,283.48486,282.88486,282.78485,282.28485,282.38486
282.18488,281.88486,281.88486,282.08487,282.08487,281.88486,282.28485,282.08487,281.88486,282.08487,282.38486,282.68488,282.88486,282.68488,282.78485,282.98486,283.18488,283.28485,283.68488,283.68488,283.38486,283.48486,282.98486,283.78485,283.58487,283.78485,283.58487,283.68488,283.78485,283.78485,283.88486,283.68488,283.48486,283.28485,282.98486,283.08487,283.38486,281.98486,282.18488,282.58487,282.48486,282.08487,282.18488,282.78485,282.28485,284.18488,282.28485,282.58487,282.28485,283.58487,283.68488,284.08487,284.38486,284.38486,284.28485,283.58487,282.78485,282.68488,282.68488,282.68488
282.28485,282.08487,282.08487,282.08487,281.98486,282.08487,282.18488,281.98486,282.08487,282.28485,282.48486,282.68488,282.88486,282.98486,282.98486,283.28485,283.68488,283.88486,283.98486,283.98486,283.78485,283.48486,283.48486,283.58487,283.58487,283.58487,283.78485,283.88486,283.78485,283.78485,283.58487,283.38486,283.18488,283.18488,283.18488,283.08487,283.08487,282.88486,283.38486,284.28485,281.78485,281.98486,282.28485,282.98486,281.88486,282.58487,284.28485,283.58487,283.58487,283.98486,284.08487,284.08487,284.28485,284.48486,284.28485,283.38486,282.78485,282.78485,282.78485,282.98486
281.98486,282.08487,282.28485,282.08487,281.88486,282.18488,282.18488,282.38486,282.58487,282.38486,282.58487,282.78485,282.88486,282.88486,282.98486,283.28485,283.48486,283.68488,283.78485,283.78485,283.68488,283.48486,283.38486,283.28485,282.18488,283.68488,283.78485,283.78485,283.78485,283.28485,282.88486,282.88486,282.98486,283.18488,283.08487,282.98486,282.38486,283.68488,284.58487,283.68488,281.98486,281.58487,282.48486,282.88486,283.18488,283.68488,283.78485,283.78485,283.78485,283.98486,284.08487,284.08487,284.38486,284.28485,284.18488,283.08487,282.78485,282.88486,282.78485,283.18488
