wind-weather/data/weather/current/current-mean_sea_level_pressure-gfs-1.0.json
{"header": {"discipline":0,"disciplineName":"Meteorologicalproducts","gribEdition":2,"gribLength":79545,"center":7,"centerName":"USNationalWeatherService-NCEP(WMC)","subcenter":0,"refTime":"2017-11-24T12:00:00.000Z","significanceOfRT":0,"significanceOfRTName":"Analysis","productStatus":0,"productStatusName":"Operationalproducts","productType":0,"productTypeName":"Analysisproducts","productDefinitionTemplate":0,"productDefinitionTemplateName":"Analysis/forecastathorizontallevel/layeratapointintime","parameterCategory":3,"parameterCategoryName":"Mass","parameterNumber":192,"parameterNumberName":"MSLP_Eta_Reduction","parameterUnit":"Pa","genProcessType":0,"genProcessTypeName":"Analysis","forecastTime":0,"surface1Type":101,"surface1TypeName":"Meansealevel","surface1Value":0.0,"surface2Type":255,"surface2TypeName":"Missing","surface2Value":0.0,"gridDefinitionTemplate":0,"gridDefinitionTemplateName":"Latitude_Longitude","numberPoints":65160,"shape":6,"shapeName":"Earthsphericalwithradiusof6,371,229.0m","gridUnits":"degrees","resolution":48,"winds":"true","scanMode":0,"nx":360,"ny":181,"basicAngle":0,"lo1":0.0,"la1":90.0,"lo2":359.0,"la2":-90.0,"dx":1.0,"dy":1.0}, "data":
[rows 0 to 25 of 181, columns 60 to 119 of 360]
102224.23,102224.23,102224.23,102224.23,102224.23,102224.23,102224.23,102224.23,102224.23,102224.23,102224.23,102224.23,102224.23,102224.23,102224.23,102224.23,102224.23,102224.23,102224.23,102224.23,102224.23,102224.23,102224.23,102224.23,102224.23,102224.23,102224.23,102224.23,102224.23,102224.23,102224.23,102224.23,102224.23,102224.23,102224.23,102224.23,102224.23,102224.23,102224.23,102224.23,102224.23,102224.23,102224.23,102224.23,102224.23,102224.23,102224.23,102224.23,102224.23,102224.23,102224.23,102224.23,102224.23,102224.23,102224.23,102224.23,102224.23,102224.23,102224.23,102224.23
102198.79,102197.99,102197.03,102196.07,102195.27,102194.47,102193.51,102192.39,102191.43,102190.31,102189.35,102188.23,102187.27,102186.15,102185.19,102184.07,102182.95,102181.83,102180.39,102179.11,102177.67,102176.39,102175.11,102173.83,102172.71,102171.59,102170.31,102169.03,102167.75,102166.47,102165.35,102164.07,102162.79,102161.51,102160.39,102158.95,102157.67,102156.23,102154.95,102153.51,102151.91,102150.31,102148.55,102146.95,102145.51,102144.07,102142.63,102141.35,102139.91,102138.47,102137.19,102135.75,102134.47,102132.87,102131.59,102130.15,102128.87,102127.59,102126.31,102125.03
102163.43,102161.35,102159.11,102157.03,102154.79,102153.03,102151.27,102149.51,102147.11,102144.71,102142.63,102140.87,102139.11,102136.39,102133.67,102131.11,102129.51,102127.91,102125.35,102122.47,102119.75,102117.99,102116.39,102113.83,102110.95,102108.07,102106.15,102104.39,102101.67,102098.63,102095.43,102092.55,102089.51,102086.95,102084.71,102082.47,102079.27,102075.75,102072.87,102070.47,102068.23,102065.03,102061.67,102058.47,102055.91,102053.35,102050.15,102046.47,102043.11,102040.39,102037.51,102034.15,102030.31,102026.63,102023.43,102020.07,102017.03,102013.67,102010.15,102006.79
102149.51,102144.55,102139.43,102134.63,102129.67,102125.03,102120.07,102115.27,102110.47,102105.67,102101.03,102096.23,102091.43,102086.47,102081.67,102076.87,102071.91,102066.95,102061.99,102057.35,102052.71,102047.59,102042.63,102038.31,102033.83,102029.19,102024.07,102019.11,102015.11,102011.11,102006.31,102001.51,101997.99,101994.31,101989.67,101984.87,101980.23,101976.39,101972.87,101968.23,101963.43,101960.23,101956.71,101951.75,101947.11,101943.59,101939.27,101934.31,101929.03,101923.59,101919.43,101915.27,101909.83,101904.71,101900.23,101895.27,101889.99,101884.55,101879.43,101874.15
102201.19,102191.43,102181.51,102171.11,102161.03,102150.95,102140.39,102129.67,102119.27,102108.87,102098.31,102087.59,102077.35,102067.27,102057.03,102047.27,102037.67,102027.91,102018.79,102009.67,102000.71,101991.75,101983.11,101974.63,101966.15,101957.99,101949.83,101941.51,101933.99,101926.47,101918.95,101911.91,101904.71,101897.67,101890.95,101884.23,101877.83,101872.07,101865.51,101859.59,101854.31,101848.39,101842.31,101836.71,101832.07,101826.15,101820.55,101815.59,101809.35,101803.75,101798.47,101791.59,101785.03,101778.47,101772.71,101765.99,101759.27,101752.87,101745.67,101738.63
102314.95,102297.35,102280.71,102263.59,102246.63,102229.35,102211.91,102194.95,102178.63,102161.67,102146.15,102130.47,102115.11,102100.39,102086.15,102071.59,102057.99,102044.07,102030.15,102016.87,102003.59,101990.95,101978.63,101965.99,101953.83,101941.67,101929.83,101917.83,101905.99,101894.47,101882.47,101871.27,101860.39,101849.03,101837.35,101826.31,101814.95,101803.59,101793.51,101782.15,101771.43,101761.03,101750.63,101740.55,101731.43,101721.83,101713.03,101704.55,101696.07,101687.91,101680.07,101671.91,101664.71,101657.19,101649.51,101641.67,101633.99,101626.47,101619.27,101611.27
102465.99,102444.23,102421.99,102400.39,102378.79,102356.87,102334.15,102312.39,102290.31,102268.39,102245.51,102222.15,102199.59,102176.23,102154.47,102131.91,102111.11,102092.07,102073.19,102056.71,102040.07,102025.03,102010.95,101996.39,101982.15,101967.59,101953.51,101939.27,101924.87,101910.79,101896.07,101881.19,101866.63,101851.91,101837.03,101822.31,101807.91,101792.87,101778.47,101763.27,101748.87,101734.63,101719.59,101705.67,101690.63,101677.03,101663.43,101649.35,101636.23,101622.95,101611.43,101600.23,101589.19,101579.27,101568.87,101560.23,101550.95,101541.67,101533.19,101523.43
102653.19,102629.99,102605.19,102579.59,102551.43,102524.87,102498.47,102472.39,102442.79,102413.19,102386.47,102356.23,102328.07,102302.31,102273.03,102246.15,102219.59,102193.51,102167.43,102142.47,102116.71,102091.59,102068.39,102048.07,102025.67,102007.59,101990.47,101974.47,101960.23,101946.63,101931.27,101917.35,101902.47,101887.75,101872.23,101856.87,101839.75,101824.39,101808.55,101792.39,101775.59,101760.23,101743.27,101726.79,101710.79,101695.27,101679.59,101664.87,101649.19,101633.67,101619.43,101605.83,101592.87,101581.19,101569.51,101559.59,101549.83,101541.67,101532.23,101523.27
102850.95,102823.91,102796.07,102767.91,102738.31,102709.51,102680.39,102651.91,102621.99,102593.67,102562.79,102531.59,102500.87,102468.55,102438.31,102404.87,102373.67,102341.35,102310.31,102278.15,102247.59,102218.47,102190.15,102164.07,102138.63,102115.27,102092.07,102069.51,102047.43,102025.51,102003.75,101982.79,101962.63,101943.27,101923.75,101905.99,101887.75,101869.99,101853.51,101836.87,101820.71,101805.03,101789.83,101773.99,101757.03,101741.03,101723.75,101706.15,101687.91,101670.95,101654.15,101637.35,101621.35,101606.47,101591.27,101577.51,101563.91,101552.07,101539.11,101527.11
103064.71,103063.75,102998.31,102971.43,102961.67,102920.23,102866.95,102840.39,102811.43,102777.35,102743.27,102708.71,102673.83,102638.31,102604.07,102569.67,102537.19,102504.71,102474.95,102444.23,102415.91,102386.63,102360.71,102333.35,102306.15,102280.87,102256.71,102233.03,102211.91,102187.75,102159.27,102139.91,102129.51,102114.31,102093.67,102064.07,102027.59,101997.99,101977.99,101955.59,101930.15,101904.87,101881.51,101858.47,101837.03,101813.83,101792.87,101772.07,101751.59,101730.79,101711.59,101693.35,101674.95,101656.07,101639.75,101621.03,101604.71,101587.43,101571.27,101556.55
103197.99,103179.11,103157.03,103135.43,103113.83,103089.51,103066.15,103041.03,103013.03,102984.71,102954.95,102923.59,102890.31,102856.07,102821.35,102787.91,102755.59,102723.75,102691.75,102658.31,102627.11,102596.71,102566.63,102537.83,102512.07,102486.47,102462.79,102439.75,102418.95,102401.03,102383.11,102368.23,102368.71,102370.15,102357.19,102363.91,102340.87,102381.51,102250.31,102178.79,102138.15,102123.27,102101.83,102073.35,102040.07,102008.07,101979.91,101951.43,101922.95,101895.27,101868.71,101845.19,101819.43,101797.83,101775.11,101751.75,101730.95,101710.31,101689.35,101669.99
103218.79,103203.91,103189.19,103173.83,103157.99,103140.87,103124.71,103108.23,103095.91,103080.23,103066.95,103051.43,103032.23,103012.23,102990.15,102965.35,102940.39,102915.27,102893.19,102870.47,102847.91,102825.51,102802.47,102779.27,102756.23,102734.15,102710.31,102689.99,102669.83,102649.99,102631.59,102614.47,102599.43,102590.79,102576.39,102524.71,102488.39,102487.91,102513.19,102536.55,102335.59,102313.51,102357.03,102285.03,102268.87,102199.27,102190.95,102173.35,102147.91,102120.07,102091.27,102062.95,102035.11,102005.99,101976.71,101948.39,101920.71,101893.67,101865.99,101839.11
103124.71,103112.39,103101.19,103092.39,103085.83,103081.83,103079.91,103078.95,103079.27,103079.91,103079.59,103079.11,103079.75,103079.11,103077.19,103072.55,103067.75,103060.07,103051.11,103041.03,103029.35,103015.75,103001.35,102986.15,102969.67,102951.75,102935.11,102916.39,102900.23,102881.19,102864.07,102845.03,102823.11,102800.55,102776.87,102753.03,102729.83,102703.27,102672.39,102640.87,102610.15,102574.63,102549.83,102522.95,102478.47,102423.59,102376.71,102342.15,102318.31,102297.83,102276.55,102255.11,102230.79,102206.31,102178.79,102147.75,102117.67,102087.75,102057.51,102025.99
103045.35,103040.71,103037.99,103037.83,103040.07,103043.11,103035.27,103019.27,103037.03,103064.87,103110.47,103139.43,103155.11,103161.67,103165.35,103166.15,103165.99,103164.71,103162.63,103159.59,103155.59,103149.35,103142.47,103135.59,103129.03,103122.15,103113.99,103103.11,103088.55,103073.03,103059.27,103047.27,103033.83,103015.59,102992.39,102968.55,102946.47,102923.75,102902.31,102879.91,102857.03,102840.39,102821.67,102792.23,102736.07,102717.03,102688.39,102644.39,102620.55,102603.91,102572.07,102535.59,102498.63,102461.35,102426.47,102390.95,102353.99,102317.03,102279.11,102238.95
103023.91,103041.35,103095.91,103089.99,103158.63,103193.19,103185.35,103184.23,103183.27,103178.47,103177.35,103178.95,103184.07,103188.39,103193.67,103199.11,103204.87,103209.67,103214.63,103219.43,103225.83,103235.75,103245.51,103252.55,103256.71,103258.31,103256.55,103251.59,103243.43,103234.31,103225.51,103218.47,103217.99,103215.75,103210.95,103233.03,103149.67,103131.27,103140.23,103111.59,103078.63,103077.51,103095.59,103093.51,103105.67,103060.39,103013.35,103037.67,103034.15,102918.15,102821.51,102726.47,102689.03,102685.99,102658.95,102625.99,102585.83,102542.63,102495.91,102447.11
103211.27,103165.19,103149.99,103115.91,103096.23,103087.91,103088.71,103091.59,103095.91,103098.79,103103.75,103108.55,103115.27,103123.11,103130.31,103140.71,103151.59,103164.71,103179.27,103194.95,103212.55,103230.47,103248.23,103264.39,103279.91,103295.27,103308.23,103318.79,103316.07,103337.19,103320.23,103335.59,103334.47,103292.39,103306.63,103315.59,103316.23,103316.07,103338.63,103308.07,103268.87,103285.35,103241.83,103188.71,103107.59,103142.31,103099.91,103043.75,102944.87,102831.11,102733.35,102722.47,102730.47,102738.15,102746.31,102744.55,102730.63,102704.71,102664.71,102618.63
102922.63,102876.55,102859.91,102848.55,102841.67,102845.67,102855.11,102871.91,102890.63,102900.23,102910.95,102924.87,102939.75,102954.31,102970.63,102986.79,103005.35,103026.31,103047.11,103069.51,103091.27,103120.23,103155.91,103196.23,103232.23,103260.39,103284.07,103307.59,103296.07,103325.83,103325.51,103346.47,103311.27,103323.59,103322.79,103317.03,103336.87,103276.07,103313.99,103345.35,103326.79,103294.63,103287.91,103257.83,103224.55,103201.03,103122.15,103103.91,103053.19,102965.19,102924.23,102887.91,102866.47,102862.15,102871.75,102873.67,102865.51,102844.23,102807.27,102757.51
102578.95,102552.71,102534.79,102527.75,102526.79,102531.27,102544.71,102564.23,102594.47,102619.27,102641.99,102656.55,102677.83,102706.63,102739.43,102772.07,102805.51,102844.23,102882.15,102926.47,102951.43,102925.35,103040.87,103163.27,103204.71,103203.75,103235.59,103239.11,103243.27,103294.79,103300.07,103289.19,103310.63,103334.31,103375.59,103349.67,103375.27,103381.83,103367.11,103401.51,103384.71,103386.47,103368.71,103377.19,103343.59,103336.39,103305.99,103296.55,103261.67,103212.87,103185.99,103158.95,103133.51,103121.35,103093.19,103078.79,103058.47,103021.03,102969.51,102903.59
102202.15,102170.79,102151.91,102142.47,102141.19,102145.03,102157.67,102175.91,102197.51,102217.83,102243.43,102264.87,102301.51,102332.07,102368.39,102428.07,102467.75,102526.95,102573.03,102634.31,102695.75,102763.75,102829.03,102902.31,102961.35,102998.47,103052.87,103069.67,103102.63,103131.59,103145.83,103181.03,103193.99,103235.75,103268.55,103310.31,103301.51,103350.47,103363.59,103379.11,103407.11,103424.87,103422.15,103441.03,103478.15,103416.23,103488.87,103461.51,103442.47,103399.11,103382.63,103337.03,103352.55,103306.63,103254.63,103234.15,103186.47,103146.31,103081.83,103021.03
101784.23,101731.27,101696.87,101676.23,101667.11,101674.79,101683.91,101689.19,101688.23,101692.55,101713.19,101753.67,101769.83,101788.23,101845.19,101932.07,101996.71,102070.47,102145.19,102237.19,102323.91,102431.27,102513.67,102558.63,102685.19,102775.11,102836.07,102897.19,102941.99,102974.63,102971.11,103005.99,103026.95,103046.95,103067.59,103112.55,103163.43,103207.59,103232.87,103272.23,103296.55,103306.47,103408.07,103493.67,103593.51,103631.75,103604.71,103560.87,103558.31,103519.59,103474.95,103415.91,103380.23,103379.91,103309.03,103294.47,103247.91,103219.91,103183.43,103083.43
101449.19,101370.63,101308.71,101261.67,101224.71,101202.79,101177.99,101141.83,101125.83,101119.75,101133.35,101159.11,101208.23,101231.75,101271.75,101379.27,101456.07,101549.35,101671.43,101777.19,101887.43,102023.27,102133.19,102243.11,102357.03,102472.23,102570.15,102680.07,102729.67,102731.27,102850.15,102927.75,103000.87,103089.83,103209.51,103132.39,103157.03,103271.59,103291.27,103395.59,103436.23,103501.51,103663.27,103677.67,103742.63,103678.47,103702.47,103660.87,103631.43,103596.87,103525.19,103439.27,103415.27,103418.31,103372.23,103339.27,103253.83,103198.95,103141.19,103083.91
101169.19,101056.71,100941.19,100850.31,100790.31,100718.79,100676.87,100636.87,100603.27,100578.15,100563.75,100581.03,100611.43,100650.31,100720.23,100806.47,100915.59,101058.31,101157.19,101310.63,101466.79,101602.47,101751.11,101918.31,102057.99,102196.87,102313.83,102378.15,102636.39,102762.47,102932.39,103011.75,103233.19,103429.67,103496.87,103564.07,103582.63,103633.35,103673.19,103528.55,103577.51,103649.19,103719.43,103791.75,103808.55,103804.23,103766.31,103689.99,103654.63,103622.31,103579.75,103533.83,103464.39,103388.23,103353.03,103326.95,103242.31,103163.75,103064.23,102985.83
101015.11,100834.31,100669.99,100519.59,100412.07,100329.83,100351.59,100340.23,100262.95,100186.15,100119.27,100107.43,100117.83,100164.39,100218.15,100313.99,100432.07,100582.15,100725.99,100857.67,101046.15,101223.91,101419.11,101607.43,101774.31,101971.91,102171.27,102320.23,102469.51,102552.55,102846.47,103117.99,103273.03,103504.07,103686.31,103850.47,103825.83,103851.75,103863.11,103810.63,103789.67,103786.47,103882.15,103920.23,103897.83,103902.79,103888.07,103848.39,103846.79,103805.51,103764.23,103692.55,103548.71,103448.55,103345.03,103278.63,103176.07,103086.95,102993.83,102862.47
101041.35,100879.75,100734.31,100549.19,100323.91,100262.15,100205.35,100184.39,100096.39,99939.27,99777.19,99671.43,99646.31,99670.15,99762.47,99905.35,100045.99,100199.91,100344.55,100526.15,100714.47,100883.75,101101.67,101313.19,101546.63,101745.51,101982.95,102144.55,102356.07,102644.55,102822.31,103106.15,103333.51,103541.19,103703.11,103818.79,103822.15,103952.07,103913.67,103959.11,103959.75,103957.19,103962.79,103981.99,103997.35,103990.63,103986.31,103963.59,103927.43,103841.51,103752.71,103659.75,103552.23,103408.71,103316.71,103191.27,103073.99,102971.91,102864.55,102734.15
101293.99,101127.75,100946.47,100580.39,100458.31,100374.95,100313.51,100286.31,100249.35,100140.71,100014.15,99894.47,99797.03,99741.03,99700.39,99692.87,99763.43,99912.71,100063.91,100258.79,100469.19,100655.27,100863.11,101101.83,101343.75,101564.07,101785.99,101981.99,102123.11,102366.15,102832.39,103045.67,103235.59,103410.79,103683.59,103829.35,103833.67,104044.39,104000.07,104067.27,104037.83,104067.59,104087.75,104057.51,104033.99,104037.67,103992.87,103944.39,103874.15,103795.11,103769.99,103698.63,103539.75,103429.03,103242.63,103090.95,102969.03,102843.91,102717.19,102583.75
101229.51,100888.23,100884.07,100937.67,100811.27,100765.35,100692.87,100623.11,100511.59,100423.27,100329.99,100205.51,100118.15,100031.75,99974.31,99934.47,99939.43,99972.23,100032.23,100158.31,100334.47,100534.15,100739.59,100966.79,101194.15,101441.35,101678.15,101883.75,102022.47,102319.27,102646.63,102970.15,103311.27,103419.59,103517.83,103704.87,103854.31,103971.91,104114.79,104032.39,104125.83,104165.67,104097.67,104032.87,104040.39,103981.67,103971.27,103877.03,103849.99,103727.59,103607.75,103555.27,103402.15,103282.15,103107.75,102988.23,102859.11,102720.55,102603.91,102493.35
