wind-weather/data/weather/current/current-temp-isobaric-10hPa-gfs-1.0.json
{"header": {"discipline":0,"disciplineName":"Meteorologicalproducts","gribEdition":2,"gribLength":19481,"center":7,"centerName":"USNationalWeatherService-NCEP(WMC)","subcenter":0,"refTime":"2017-11-24T12:00:00.000Z","significanceOfRT":0,"significanceOfRTName":"Analysis","productStatus":0,"productStatusName":"Operationalproducts","productType":0,"productTypeName":"Analysisproducts","productDefinitionTemplate":0,"productDefinitionTemplateName":"Analysis/forecastathorizontallevel/layeratapointintime","parameterCategory":0,"parameterCategoryName":"Temperature","parameterNumber":0,"parameterNumberName":"Temperature","parameterUnit":"K","genProcessType":0,"genProcessTypeName":"Analysis","forecastTime":0,"surface1Type":100,"surface1TypeName":"Isobaricsurface","surface1Value":1000.0,"surface2Type":255,"surface2TypeName":"Missing","surface2Value":0.0,"gridDefinitionTemplate":0,"gridDefinitionTemplateName":"Latitude_Longitude","numberPoints":65160,"shape":6,"shapeName":"Earthsphericalwithradiusof6,371,229.0m","gridUnits":"degrees","resolution":48,"winds":"true","scanMode":0,"nx":360,"ny":181,"basicAngle":0,"lo1":0.0,"la1":90.0,"lo2":359.0,"la2":-90.0,"dx":1.0,"dy":1.0}, "data":
[rows 0 to 33 of 181, columns 0 to 76 of 360]
198.19998,198.19998,198.19998,198.19998,198.19998,198.19998,198.19998,198.19998,198.19998,198.19998,198.19998,198.19998,198.19998,198.19998,198.19998,198.19998,198.19998,198.19998,198.19998,198.19998,198.19998,198.19998,198.19998,198.19998,198.19998,198.19998,198.19998,198.19998,198.19998,198.19998,198.19998,198.19998,198.19998,198.19998,198.19998,198.19998,198.19998,198.19998,198.19998,198.19998,198.19998,198.19998,198.19998,198.19998,198.19998,198.19998,198.19998,198.19998,198.19998,198.19998,198.19998,198.19998,198.19998,198.19998,198.19998,198.19998,198.19998,198.19998,198.19998,198.19998,198.19998,198.19998,198.19998,198.19998,198.19998,198.19998,198.19998,198.19998,198.19998,198.19998,198.19998,198.19998,198.19998,198.19998,198.19998,198.19998,198.19998
197.29999,197.29999,197.29999,197.29999,197.29999,197.29999,197.29999,197.4,197.4,197.4,197.4,197.4,197.4,197.4,197.4,197.4,197.49998,197.49998,197.49998,197.49998,197.49998,197.49998,197.49998,197.59999,197.59999,197.59999,197.59999,197.59999,197.59999,197.59999,197.69998,197.69998,197.69998,197.69998,197.69998,197.69998,197.79999,197.79999,197.79999,197.79999,197.79999,197.79999,197.9,197.9,197.9,197.9,197.9,197.9,197.99998,197.99998,197.99998,197.99998,197.99998,197.99998,198.09999,198.09999,198.09999,198.09999,198.09999,198.19998,198.19998,198.19998,198.19998,198.19998,198.29999,198.29999,198.29999,198.29999,198.29999,198.4,198.4,198.4,198.4,198.4,198.4,198.49998,198.49998
196.59999,196.59999,196.59999,196.59999,196.59999,196.59999,196.69998,196.69998,196.69998,196.69998,196.69998,196.79999,196.79999,196.79999,196.79999,196.79999,196.9,196.9,196.9,196.9,196.99998,196.99998,196.99998,196.99998,197.09999,197.09999,197.09999,197.09999,197.19998,197.19998,197.19998,197.19998,197.29999,197.29999,197.29999,197.4,197.4,197.4,197.49998,197.49998,197.49998,197.49998,197.59999,197.59999,197.59999,197.69998,197.69998,197.69998,197.79999,197.79999,197.79999,197.9,197.9,197.9,197.99998,197.99998,198.09999,198.09999,198.09999,198.19998,198.19998,198.19998,198.29999,198.29999,198.29999,198.4,198.4,198.4,198.49998,198.49998,198.59999,198.59999,198.59999,198.69998,198.69998,198.69998,198.79999
195.9,195.9,195.9,195.9,195.9,195.99998,195.99998,195.99998,195.99998,196.09999,196.09999,196.09999,196.19998,196.19998,196.19998,196.29999,196.29999,196.29999,196.4,196.4,196.4,196.49998,196.49998,196.49998,196.59999,196.59999,196.59999,196.69998,196.69998,196.79999,196.79999,196.9,196.9,196.9,196.99998,196.99998,197.09999,197.09999,197.19998,197.19998,197.29999,197.29999,197.29999,197.4,197.4,197.49998,197.49998,197.59999,197.59999,197.69998,197.69998,197.79999,197.79999,197.9,197.9,197.99998,197.99998,198.09999,198.19998,198.19998,198.29999,198.29999,198.4,198.4,198.49998,198.49998,198.59999,198.69998,198.69998,198.79999,198.79999,198.9,198.9,198.99998,198.99998,199.09999,199.19998
195.4,195.49998,195.49998,195.49998,195.49998,195.59999,195.59999,195.59999,195.59999,195.69998,195.69998,195.69998,195.79999,195.79999,195.79999,195.9,195.9,195.9,195.99998,195.99998,196.09999,196.09999,196.09999,196.19998,196.19998,196.29999,196.29999,196.4,196.4,196.49998,196.49998,196.59999,196.59999,196.69998,196.69998,196.79999,196.79999,196.9,196.99998,196.99998,197.09999,197.09999,197.19998,197.29999,197.29999,197.4,197.4,197.49998,197.59999,197.59999,197.69998,197.79999,197.79999,197.9,197.99998,197.99998,198.09999,198.19998,198.19998,198.29999,198.4,198.4,198.49998,198.59999,198.59999,198.69998,198.79999,198.9,198.9,198.99998,199.09999,199.19998,199.19998,199.29999,199.4,199.49998,199.49998
194.99998,195.09999,195.09999,195.09999,195.19998,195.19998,195.19998,195.29999,195.29999,195.4,195.4,195.4,195.49998,195.49998,195.59999,195.59999,195.59999,195.69998,195.69998,195.79999,195.79999,195.9,195.9,195.9,195.99998,195.99998,196.09999,196.09999,196.19998,196.19998,196.29999,196.4,196.4,196.49998,196.49998,196.59999,196.69998,196.69998,196.79999,196.9,196.99998,196.99998,197.09999,197.19998,197.29999,197.29999,197.4,197.49998,197.59999,197.59999,197.69998,197.79999,197.9,197.99998,197.99998,198.09999,198.19998,198.29999,198.4,198.4,198.49998,198.59999,198.69998,198.79999,198.9,198.99998,199.09999,199.09999,199.19998,199.29999,199.4,199.49998,199.59999,199.69998,199.79999,199.9,199.99998
194.69998,194.69998,194.79999,194.79999,194.9,194.9,194.9,194.99998,194.99998,195.09999,195.09999,195.19998,195.19998,195.29999,195.29999,195.4,195.4,195.49998,195.49998,195.59999,195.59999,195.69998,195.69998,195.79999,195.79999,195.9,195.9,195.99998,196.09999,196.09999,196.19998,196.19998,196.29999,196.4,196.4,196.49998,196.59999,196.59999,196.69998,196.79999,196.9,196.99998,197.09999,197.09999,197.19998,197.29999,197.4,197.49998,197.59999,197.69998,197.79999,197.9,197.99998,198.09999,198.09999,198.19998,198.29999,198.4,198.49998,198.59999,198.69998,198.79999,198.9,198.99998,199.09999,199.19998,199.29999,199.4,199.49998,199.59999,199.79999,199.9,199.99998,200.09999,200.19998,200.29999,200.4
194.4,194.49998,194.49998,194.49998,194.59999,194.59999,194.69998,194.69998,194.69998,194.79999,194.9,194.9,194.99998,194.99998,195.09999,195.09999,195.19998,195.19998,195.29999,195.4,195.4,195.49998,195.49998,195.59999,195.69998,195.69998,195.79999,195.79999,195.9,195.99998,195.99998,196.09999,196.19998,196.29999,196.29999,196.4,196.49998,196.59999,196.69998,196.79999,196.9,196.99998,197.09999,197.19998,197.29999,197.4,197.49998,197.59999,197.69998,197.79999,197.9,197.99998,198.09999,198.19998,198.29999,198.4,198.49998,198.59999,198.69998,198.79999,198.99998,199.09999,199.19998,199.29999,199.4,199.59999,199.69998,199.79999,199.9,200.09999,200.19998,200.29999,200.4,200.59999,200.69998,200.79999,200.99998
194.19998,194.19998,194.19998,194.29999,194.29999,194.29999,194.4,194.4,194.49998,194.59999,194.59999,194.69998,194.69998,194.79999,194.79999,194.9,194.99998,194.99998,195.09999,195.09999,195.19998,195.29999,195.29999,195.4,195.49998,195.49998,195.59999,195.69998,195.79999,195.9,195.9,195.99998,196.09999,196.19998,196.29999,196.4,196.49998,196.59999,196.69998,196.79999,196.9,196.99998,197.09999,197.19998,197.29999,197.4,197.49998,197.69998,197.79999,197.9,197.99998,198.09999,198.19998,198.4,198.49998,198.59999,198.69998,198.9,198.99998,199.09999,199.19998,199.4,199.49998,199.59999,199.79999,199.9,200.09999,200.19998,200.4,200.49998,200.69998,200.79999,200.99998,201.09999,201.29999,201.49998,201.59999
193.99998,193.99998,193.99998,194.09999,194.09999,194.19998,194.19998,194.29999,194.29999,194.4,194.4,194.49998,194.59999,194.59999,194.69998,194.69998,194.79999,194.9,194.9,194.99998,194.99998,195.09999,195.19998,195.29999,195.29999,195.4,195.49998,195.59999,195.69998,195.79999,195.9,195.99998,196.09999,196.19998,196.29999,196.4,196.49998,196.59999,196.69998,196.79999,196.9,196.99998,197.19998,197.29999,197.4,197.49998,197.69998,197.79999,197.9,197.99998,198.19998,198.29999,198.4,198.59999,198.69998,198.79999,198.99998,199.09999,199.29999,199.4,199.59999,199.69998,199.9,199.99998,200.19998,200.4,200.49998,200.69998,200.79999,200.99998,201.19998,201.4,201.49998,201.69998,201.9,202.09999,202.19998
193.79999,193.79999,193.79999,193.9,193.9,193.99998,193.99998,194.09999,194.09999,194.19998,194.29999,194.29999,194.4,194.4,194.49998,194.59999,194.69998,194.69998,194.79999,194.9,194.9,194.99998,195.09999,195.19998,195.29999,195.4,195.49998,195.59999,195.69998,195.69998,195.9,195.99998,196.09999,196.19998,196.29999,196.4,196.49998,196.59999,196.69998,196.9,196.99998,197.09999,197.19998,197.4,197.49998,197.59999,197.79999,197.9,197.99998,198.19998,198.29999,198.49998,198.59999,198.79999,198.9,199.09999,199.29999,199.4,199.59999,199.79999,199.9,200.09999,200.29999,200.49998,200.69998,200.79999,200.99998,201.19998,201.4,201.59999,201.79999,201.99998,202.19998,202.4,202.49998,202.69998,202.9
193.59999,193.59999,193.59999,193.69998,193.69998,193.79999,193.79999,193.9,193.99998,193.99998,194.09999,194.19998,194.19998,194.29999,194.4,194.49998,194.59999,194.69998,194.79999,194.79999,194.9,194.99998,195.09999,195.09999,195.19998,195.29999,195.4,195.49998,195.59999,195.69998,195.79999,195.9,195.99998,196.19998,196.29999,196.4,196.49998,196.59999,196.79999,196.9,196.99998,197.19998,197.29999,197.4,197.59999,197.69998,197.9,197.99998,198.19998,198.29999,198.49998,198.69998,198.79999,198.99998,199.19998,199.4,199.49998,199.69998,199.9,200.09999,200.29999,200.49998,200.69998,200.9,201.09999,201.29999,201.4,201.69998,201.9,202.09999,202.29999,202.49998,202.69998,202.9,203.19998,203.29999,203.59999
193.4,193.4,193.4,193.49998,193.59999,193.59999,193.69998,193.79999,193.79999,193.9,193.99998,194.09999,194.09999,194.19998,194.29999,194.4,194.4,194.49998,194.59999,194.69998,194.79999,194.9,194.99998,194.99998,195.09999,195.19998,195.29999,195.4,195.59999,195.69998,195.79999,195.9,195.99998,196.09999,196.29999,196.4,196.49998,196.69998,196.79999,196.99998,197.09999,197.29999,197.4,197.59999,197.69998,197.9,197.99998,198.19998,198.4,198.49998,198.69998,198.9,199.09999,199.29999,199.49998,199.59999,199.79999,199.99998,200.19998,200.4,200.59999,200.79999,201.09999,201.29999,201.49998,201.69998,201.9,202.19998,202.4,202.59999,202.9,203.09999,203.29999,203.59999,203.79999,203.99998,204.29999
193.29999,193.29999,193.4,193.4,193.49998,193.59999,193.59999,193.69998,193.69998,193.79999,193.9,193.99998,193.99998,194.09999,194.19998,194.29999,194.4,194.4,194.49998,194.59999,194.69998,194.79999,194.9,194.99998,195.09999,195.19998,195.29999,195.49998,195.59999,195.69998,195.79999,195.99998,196.09999,196.19998,196.4,196.49998,196.59999,196.79999,196.9,197.09999,197.19998,197.4,197.59999,197.69998,197.9,198.09999,198.19998,198.4,198.59999,198.79999,198.99998,199.09999,199.29999,199.49998,199.69998,199.9,200.09999,200.29999,200.49998,200.79999,200.99998,201.19998,201.4,201.69998,201.9,202.19998,202.4,202.69998,202.9,203.19998,203.4,203.69998,203.9,204.19998,204.4,204.69998,204.9
193.29999,193.29999,193.4,193.4,193.49998,193.49998,193.59999,193.69998,193.69998,193.79999,193.9,193.9,193.99998,194.09999,194.19998,194.19998,194.29999,194.4,194.49998,194.59999,194.69998,194.79999,194.99998,195.09999,195.19998,195.29999,195.49998,195.59999,195.69998,195.79999,195.99998,196.09999,196.29999,196.4,196.49998,196.69998,196.79999,196.99998,197.09999,197.29999,197.4,197.59999,197.79999,197.9,198.09999,198.29999,198.49998,198.59999,198.79999,198.99998,199.19998,199.4,199.59999,199.79999,199.99998,200.19998,200.49998,200.69998,200.9,201.19998,201.4,201.69998,201.9,202.19998,202.4,202.69998,202.99998,203.29999,203.49998,203.79999,204.09999,204.29999,204.59999,204.9,205.1,205.4,205.7
193.29999,193.4,193.4,193.49998,193.49998,193.59999,193.59999,193.69998,193.79999,193.79999,193.9,193.99998,193.99998,194.09999,194.19998,194.29999,194.4,194.4,194.49998,194.59999,194.79999,194.9,194.99998,195.09999,195.29999,195.4,195.59999,195.69998,195.79999,195.99998,196.09999,196.29999,196.4,196.59999,196.69998,196.9,196.99998,197.09999,197.29999,197.4,197.59999,197.79999,197.99998,198.09999,198.29999,198.49998,198.69998,198.9,199.09999,199.29999,199.49998,199.69998,199.99998,200.19998,200.4,200.59999,200.9,201.09999,201.4,201.59999,201.9,202.09999,202.4,202.69998,202.9,203.19998,203.49998,203.79999,204.09999,204.4,204.69998,204.9,205.2,205.5,205.8,206.1,206.4
193.4,193.4,193.4,193.49998,193.59999,193.59999,193.69998,193.69998,193.79999,193.9,193.9,193.99998,194.09999,194.09999,194.19998,194.29999,194.4,194.4,194.49998,194.59999,194.69998,194.79999,194.99998,195.09999,195.29999,195.49998,195.59999,195.79999,195.99998,196.09999,196.29999,196.49998,196.59999,196.79999,196.9,197.09999,197.19998,197.29999,197.49998,197.59999,197.79999,197.99998,198.09999,198.4,198.59999,198.79999,198.99998,199.19998,199.4,199.69998,199.9,200.09999,200.4,200.59999,200.9,201.09999,201.29999,201.59999,201.9,202.09999,202.4,202.59999,202.9,203.19998,203.49998,203.79999,204.09999,204.4,204.69998,205.0,205.3,205.6,205.9,206.3,206.6,206.9,207.2
193.49998,193.49998,193.49998,193.59999,193.59999,193.69998,193.69998,193.79999,193.9,193.9,193.99998,193.99998,194.09999,194.09999,194.19998,194.29999,194.29999,194.4,194.49998,194.59999,194.69998,194.9,194.99998,195.19998,195.4,195.59999,195.79999,195.9,196.09999,196.29999,196.49998,196.69998,196.79999,196.99998,197.09999,197.29999,197.4,197.59999,197.69998,197.9,198.09999,198.19998,198.4,198.59999,198.79999,199.09999,199.29999,199.49998,199.79999,199.99998,200.29999,200.49998,200.69998,200.99998,201.19998,201.49998,201.79999,201.99998,202.29999,202.59999,202.9,203.19998,203.4,203.79999,203.99998,204.4,204.69998,205.0,205.3,205.6,206.0,206.3,206.6,206.9,207.3,207.6,207.9
193.59999,193.69998,193.69998,193.69998,193.79999,193.79999,193.79999,193.9,193.9,193.9,193.99998,193.99998,194.09999,194.09999,194.19998,194.19998,194.29999,194.4,194.49998,194.59999,194.69998,194.9,195.09999,195.19998,195.4,195.59999,195.79999,195.99998,196.29999,196.4,196.59999,196.79999,196.99998,197.19998,197.4,197.59999,197.69998,197.9,198.09999,198.29999,198.4,198.59999,198.79999,198.99998,199.19998,199.4,199.59999,199.9,200.09999,200.29999,200.59999,200.79999,201.09999,201.29999,201.59999,201.9,202.19998,202.49998,202.79999,203.09999,203.4,203.69998,203.99998,204.29999,204.59999,205.0,205.3,205.6,205.9,206.3,206.6,206.9,207.3,207.6,208.0,208.3,208.6
193.79999,193.79999,193.79999,193.9,193.9,193.9,193.9,193.9,193.99998,193.99998,193.99998,194.09999,194.09999,194.09999,194.09999,194.19998,194.19998,194.29999,194.4,194.49998,194.69998,194.9,195.09999,195.29999,195.49998,195.69998,195.9,196.09999,196.29999,196.49998,196.69998,196.9,197.09999,197.29999,197.59999,197.79999,197.99998,198.19998,198.4,198.59999,198.79999,198.99998,199.19998,199.4,199.59999,199.79999,199.99998,200.19998,200.49998,200.69998,200.9,201.19998,201.4,201.69998,201.99998,202.29999,202.59999,202.99998,203.29999,203.59999,203.9,204.19998,204.49998,204.79999,205.1,205.4,205.8,206.1,206.5,206.8,207.2,207.5,207.9,208.2,208.6,208.9,209.2
193.99998,193.99998,193.99998,193.99998,193.99998,193.99998,193.99998,193.99998,193.99998,193.99998,193.99998,193.99998,194.09999,194.09999,194.09999,194.19998,194.29999,194.4,194.59999,194.69998,194.9,195.09999,195.29999,195.49998,195.59999,195.79999,195.99998,196.19998,196.4,196.59999,196.79999,197.09999,197.29999,197.59999,197.79999,197.99998,198.29999,198.49998,198.69998,198.99998,199.19998,199.4,199.59999,199.79999,199.99998,200.19998,200.4,200.59999,200.79999,200.99998,201.29999,201.49998,201.79999,202.09999,202.4,202.79999,203.09999,203.49998,203.79999,204.09999,204.4,204.79999,205.0,205.3,205.6,205.9,206.2,206.6,206.9,207.3,207.7,208.0,208.4,208.7,209.0,209.4,209.8
194.19998,194.19998,194.19998,194.19998,194.19998,194.19998,194.19998,194.19998,194.19998,194.19998,194.19998,194.19998,194.19998,194.29999,194.29999,194.29999,194.4,194.59999,194.69998,194.79999,194.99998,195.09999,195.29999,195.49998,195.69998,195.79999,195.99998,196.19998,196.4,196.69998,196.99998,197.29999,197.59999,197.79999,198.09999,198.29999,198.49998,198.79999,198.99998,199.19998,199.49998,199.69998,199.9,200.09999,200.29999,200.49998,200.59999,200.9,201.09999,201.29999,201.59999,201.9,202.19998,202.49998,202.9,203.29999,203.59999,203.99998,204.4,204.69998,205.0,205.3,205.6,205.8,206.2,206.5,206.8,207.1,207.5,207.8,208.2,208.5,208.9,209.2,209.6,210.0,210.3
194.4,194.49998,194.49998,194.49998,194.49998,194.49998,194.49998,194.49998,194.4,194.4,194.4,194.4,194.4,194.49998,194.59999,194.59999,194.69998,194.79999,194.9,194.99998,195.19998,195.4,195.49998,195.59999,195.79999,195.9,196.09999,196.29999,196.49998,196.79999,197.09999,197.4,197.79999,198.09999,198.4,198.59999,198.79999,198.99998,199.19998,199.49998,199.69998,199.9,200.09999,200.29999,200.49998,200.69998,200.9,201.09999,201.29999,201.59999,201.9,202.19998,202.59999,202.99998,203.4,203.69998,204.19998,204.59999,204.9,205.2,205.5,205.8,206.0,206.3,206.6,206.9,207.2,207.6,208.0,208.3,208.7,209.0,209.3,209.7,210.1,210.5,210.8
194.69998,194.69998,194.69998,194.79999,194.79999,194.79999,194.79999,194.79999,194.69998,194.59999,194.49998,194.49998,194.59999,194.59999,194.69998,194.79999,194.9,194.99998,195.09999,195.4,195.59999,195.9,195.99998,196.09999,196.19998,196.29999,196.4,196.59999,196.79999,196.99998,197.29999,197.59999,197.9,198.19998,198.49998,198.79999,199.09999,199.29999,199.59999,199.79999,199.99998,200.19998,200.4,200.59999,200.79999,200.9,201.09999,201.4,201.59999,201.9,202.29999,202.69998,202.99998,203.4,203.79999,204.29999,204.69998,205.1,205.5,205.8,206.1,206.3,206.5,206.7,207.0,207.4,207.8,208.1,208.5,208.8,209.1,209.5,209.8,210.2,210.5,210.9,211.2
194.9,194.9,194.9,194.9,194.99998,195.09999,195.09999,195.09999,194.99998,194.9,194.79999,194.79999,194.79999,194.9,194.9,194.99998,194.99998,195.19998,195.29999,195.49998,195.79999,195.99998,196.29999,196.59999,196.69998,196.9,196.99998,197.09999,197.29999,197.49998,197.69998,197.9,198.09999,198.4,198.59999,198.9,199.29999,199.59999,199.9,200.09999,200.29999,200.49998,200.69998,200.79999,200.99998,201.19998,201.4,201.59999,201.99998,202.29999,202.69998,203.09999,203.49998,203.79999,204.19998,204.59999,205.1,205.5,206.0,206.3,206.5,206.6,206.8,207.2,207.5,207.9,208.2,208.6,208.9,209.2,209.5,209.9,210.2,210.6,211.0,211.3,211.7
195.19998,195.09999,194.99998,194.9,194.99998,195.09999,195.19998,195.29999,195.29999,195.29999,195.29999,195.29999,195.29999,195.29999,195.29999,195.29999,195.29999,195.29999,195.4,195.59999,195.9,196.19998,196.49998,196.79999,197.09999,197.29999,197.49998,197.69998,197.9,197.99998,198.09999,198.29999,198.4,198.59999,198.9,199.19998,199.49998,199.79999,200.19998,200.4,200.59999,200.79999,200.99998,201.09999,201.29999,201.49998,201.69998,202.09999,202.4,202.79999,203.09999,203.49998,203.9,204.29999,204.69998,205.1,205.6,206.0,206.4,206.6,206.5,206.8,207.4,207.8,208.0,208.2,208.6,209.0,209.3,209.7,210.0,210.3,210.7,211.0,211.4,211.7,211.9
195.49998,195.4,195.29999,195.19998,195.19998,195.4,195.49998,195.59999,195.59999,195.59999,195.79999,195.99998,195.99998,195.99998,195.9,195.79999,195.69998,195.59999,195.49998,195.59999,195.79999,196.09999,196.49998,196.9,197.29999,197.59999,197.9,198.19998,198.4,198.49998,198.59999,198.69998,198.9,199.09999,199.29999,199.49998,199.79999,200.09999,200.29999,200.59999,200.79999,200.99998,201.29999,201.4,201.69998,201.9,202.19998,202.49998,202.9,203.29999,203.69998,204.09999,204.49998,204.79999,205.2,205.6,206.0,206.3,206.5,206.5,206.8,207.4,207.8,208.0,208.2,208.5,208.9,209.3,209.6,210.0,210.3,210.6,210.9,211.3,211.5,211.8,212.1
195.99998,195.9,195.79999,195.79999,195.79999,195.9,196.19998,196.29999,196.19998,196.19998,196.4,196.59999,196.79999,196.99998,196.99998,196.9,196.69998,196.4,196.09999,195.9,195.9,196.09999,196.49998,196.9,197.4,197.79999,198.19998,198.49998,198.69998,198.9,199.09999,199.29999,199.49998,199.69998,199.79999,199.99998,200.09999,200.29999,200.59999,200.9,201.09999,201.4,201.69998,201.99998,202.19998,202.49998,202.79999,203.19998,203.59999,203.99998,204.29999,204.69998,205.1,205.4,205.7,206.0,206.3,206.5,206.6,206.8,207.3,207.9,208.3,208.3,208.4,208.7,209.1,209.5,209.8,210.1,210.4,210.8,211.1,211.4,211.6,211.9,212.2
196.4,196.29999,196.19998,196.19998,196.19998,196.29999,196.49998,196.79999,196.99998,196.99998,197.09999,197.19998,197.49998,197.79999,197.99998,198.09999,197.79999,197.4,196.99998,196.69998,196.49998,196.4,196.59999,196.99998,197.4,197.79999,198.19998,198.59999,198.99998,199.29999,199.59999,199.79999,199.99998,200.09999,200.19998,200.4,200.49998,200.69998,200.99998,201.29999,201.69998,201.99998,202.29999,202.59999,202.9,203.19998,203.59999,203.9,204.19998,204.49998,204.9,205.2,205.5,205.8,206.2,206.4,206.6,206.8,206.9,207.3,207.8,208.4,208.5,208.6,208.8,209.1,209.3,209.7,209.9,210.3,210.6,210.9,211.3,211.6,211.9,212.1,212.4
196.9,196.79999,196.79999,196.79999,196.9,196.9,196.99998,197.19998,197.4,197.69998,197.79999,197.99998,198.19998,198.69998,198.99998,198.99998,198.69998,198.29999,197.99998,197.69998,197.49998,197.29999,197.19998,197.29999,197.49998,197.79999,198.29999,198.69998,199.19998,199.59999,199.99998,200.19998,200.4,200.59999,200.69998,200.79999,200.99998,201.29999,201.59999,201.99998,202.4,202.69998,202.99998,203.4,203.59999,203.99998,204.19998,204.49998,204.79999,205.1,205.4,205.7,206.1,206.4,206.6,206.9,207.0,207.2,207.5,207.8,208.2,208.5,208.8,209.1,209.3,209.5,209.7,210.0,210.3,210.6,210.9,211.3,211.6,212.0,212.3,212.6,212.9
197.4,197.29999,197.29999,197.4,197.49998,197.49998,197.49998,197.49998,197.59999,197.9,198.29999,198.59999,198.9,199.29999,199.49998,199.49998,199.19998,198.9,198.79999,198.69998,198.49998,198.29999,198.09999,198.09999,198.09999,198.29999,198.69998,199.19998,199.69998,200.09999,200.4,200.69998,200.9,201.09999,201.29999,201.49998,201.79999,202.09999,202.4,202.69998,203.09999,203.4,203.69998,203.99998,204.29999,204.59999,204.79999,205.1,205.4,205.6,205.9,206.2,206.5,206.9,207.1,207.3,207.5,207.8,208.0,208.3,208.6,208.9,209.2,209.5,209.8,210.1,210.3,210.6,210.9,211.1,211.5,211.8,212.2,212.5,212.8,213.1,213.4
198.09999,197.9,197.9,197.99998,198.09999,198.19998,198.19998,198.19998,198.19998,198.4,198.69998,199.09999,199.4,199.59999,199.79999,199.9,199.79999,199.69998,199.59999,199.59999,199.59999,199.4,199.29999,199.29999,199.4,199.49998,199.79999,200.09999,200.49998,200.79999,201.19998,201.4,201.69998,201.99998,202.19998,202.49998,202.79999,202.99998,203.19998,203.59999,203.9,204.19998,204.49998,204.9,205.1,205.4,205.6,205.8,206.0,206.2,206.5,206.8,207.1,207.4,207.7,208.0,208.2,208.5,208.7,208.9,209.2,209.5,209.8,210.1,210.4,210.7,210.9,211.2,211.5,211.8,212.1,212.4,212.7,213.1,213.4,213.7,213.9
198.99998,198.9,198.9,198.79999,198.9,198.9,198.99998,198.99998,198.99998,199.09999,199.4,199.59999,199.9,200.09999,200.29999,200.4,200.4,200.4,200.4,200.49998,200.49998,200.49998,200.49998,200.59999,200.69998,200.79999,200.99998,201.29999,201.59999,201.9,202.09999,202.49998,202.69998,202.99998,203.29999,203.49998,203.79999,203.99998,204.29999,204.59999,204.9,205.2,205.5,205.7,206.0,206.2,206.4,206.6,206.7,206.9,207.1,207.4,207.7,208.1,208.4,208.7,208.9,209.2,209.4,209.6,209.9,210.2,210.4,210.7,211.0,211.2,211.5,211.8,212.0,212.3,212.6,212.9,213.3,213.6,213.9,214.1,214.4
200.19998,200.09999,199.99998,199.9,199.9,199.9,199.9,199.9,199.9,199.99998,200.19998,200.4,200.59999,200.79999,200.9,201.09999,201.29999,201.29999,201.4,201.4,201.49998,201.59999,201.69998,201.79999,201.99998,202.09999,202.29999,202.59999,202.79999,203.09999,203.4,203.69998,203.99998,204.19998,204.49998,204.69998,204.9,205.2,205.5,205.8,206.0,206.3,206.5,206.8,207.0,207.2,207.4,207.5,207.7,207.9,208.1,208.3,208.6,208.9,209.2,209.5,209.8,210.0,210.2,210.4,210.7,210.9,211.1,211.4,211.6,211.9,212.1,212.4,212.6,212.9,213.2,213.5,213.8,214.1,214.4,214.6,214.9
