wind-weather/data/weather/current/current-mean_sea_level_pressure-gfs-1.0.json
{"header": {"discipline":0,"disciplineName":"Meteorologicalproducts","gribEdition":2,"gribLength":79545,"center":7,"centerName":"USNationalWeatherService-NCEP(WMC)","subcenter":0,"refTime":"2017-11-24T12:00:00.000Z","significanceOfRT":0,"significanceOfRTName":"Analysis","productStatus":0,"productStatusName":"Operationalproducts","productType":0,"productTypeName":"Analysisproducts","productDefinitionTemplate":0,"productDefinitionTemplateName":"Analysis/forecastathorizontallevel/layeratapointintime","parameterCategory":3,"parameterCategoryName":"Mass","parameterNumber":192,"parameterNumberName":"MSLP_Eta_Reduction","parameterUnit":"Pa","genProcessType":0,"genProcessTypeName":"Analysis","forecastTime":0,"surface1Type":101,"surface1TypeName":"Meansealevel","surface1Value":0.0,"surface2Type":255,"surface2TypeName":"Missing","surface2Value":0.0,"gridDefinitionTemplate":0,"gridDefinitionTemplateName":"Latitude_Longitude","numberPoints":65160,"shape":6,"shapeName":"Earthsphericalwithradiusof6,371,229.0m","gridUnits":"degrees","resolution":48,"winds":"true","scanMode":0,"nx":360,"ny":181,"basicAngle":0,"lo1":0.0,"la1":90.0,"lo2":359.0,"la2":-90.0,"dx":1.0,"dy":1.0}, "data":
[rows 0 to 25 of 181, columns 120 to 179 of 360]
102224.23,102224.23,102224.23,102224.23,102224.23,102224.23,102224.23,102224.23,102224.23,102224.23,102224.23,102224.23,102224.23,102224.23,102224.23,102224.23,102224.23,102224.23,102224.23,102224.23,102224.23,102224.23,102224.23,102224.23,102224.23,102224.23,102224.23,102224.23,102224.23,102224.23,102224.23,102224.23,102224.23,102224.23,102224.23,102224.23,102224.23,102224.23,102224.23,102224.23,102224.23,102224.23,102224.23,102224.23,102224.23,102224.23,102224.23,102224.23,102224.23,102224.23,102224.23,102224.23,102224.23,102224.23,102224.23,102224.23,102224.23,102224.23,102224.23,102224.23
102123.75,102122.47,102121.35,102120.23,102118.95,102117.83,102116.71,102115.75,102114.95,102113.99,102113.19,102112.39,102111.75,102110.95,102110.15,102109.51,102109.03,102108.39,102107.91,102107.27,102106.79,102106.47,102106.15,102105.67,102105.35,102105.19,102105.19,102105.03,102105.03,102105.03,102105.03,102105.19,102105.19,102105.35,102105.51,102105.67,102105.99,102106.15,102106.63,102106.95,102107.43,102107.91,102108.55,102109.03,102109.67,102110.31,102110.95,102111.59,102112.55,102113.19,102113.99,102114.95,102115.91,102116.87,102117.83,102118.79,102119.91,102121.03,102122.15,102123.11
102003.43,102000.39,101997.35,101994.15,101991.11,101988.23,101985.35,101982.63,101980.07,101977.67,101975.43,101973.03,101970.63,101968.55,101966.63,101965.03,101963.75,101962.15,101960.71,101959.11,101958.15,101957.19,101956.23,101955.59,101954.63,101954.47,101954.31,101954.31,101953.99,101953.83,101954.15,101954.79,101955.43,101956.23,101957.03,101957.67,101958.63,101959.59,101961.19,101962.63,101964.07,101965.35,101966.63,101968.23,101969.99,101971.59,101973.19,101974.79,101976.71,101978.79,101981.03,101982.95,101985.03,101987.27,101989.67,101992.07,101994.63,101997.03,101999.91,102003.11
101868.87,101863.91,101858.79,101853.67,101848.55,101843.75,101838.47,101833.19,101828.23,101823.75,101818.63,101813.51,101809.35,101805.19,101801.19,101796.71,101792.07,101788.39,101785.19,101781.35,101777.51,101775.27,101773.03,101770.31,101768.07,101766.47,101765.51,101764.55,101763.59,101762.79,101762.95,101762.95,101762.95,101763.27,101764.39,101765.51,101766.95,101768.23,101769.67,101771.75,101773.67,101775.59,101777.83,101780.71,101783.27,101785.83,101788.87,101792.23,101795.75,101799.43,101802.95,101806.63,101810.95,101815.11,101818.95,101823.11,101827.59,101832.07,101836.87,101841.67
101731.43,101723.91,101716.39,101708.55,101700.87,101693.51,101685.83,101677.83,101670.63,101662.95,101655.27,101648.71,101641.83,101634.15,101628.07,101622.47,101615.91,101609.83,101605.19,101599.91,101594.79,101591.11,101587.43,101583.11,101580.71,101578.79,101576.71,101575.11,101574.79,101574.31,101574.47,101575.75,101576.87,101577.99,101579.91,101581.83,101583.59,101585.83,101587.91,101589.83,101592.23,101594.95,101597.67,101600.23,101603.43,101606.79,101610.31,101613.99,101617.99,101622.31,101626.63,101631.27,101636.07,101641.03,101646.15,101651.75,101657.51,101663.43,101669.67,101676.23
101604.07,101596.07,101588.07,101580.71,101573.03,101563.59,101555.59,101545.99,101537.03,101528.55,101519.27,101509.67,101501.99,101490.79,101482.63,101475.27,101466.79,101457.83,101450.63,101441.67,101435.59,101428.23,101421.67,101416.39,101411.11,101405.19,101401.19,101396.39,101393.03,101390.15,101387.43,101385.03,101383.59,101382.31,101382.15,101382.31,101383.11,101384.23,101385.67,101387.43,101389.67,101391.59,101393.99,101396.71,101399.43,101402.15,101405.19,101408.71,101412.07,101415.59,101420.23,101425.67,101431.11,101437.83,101445.51,101453.51,101462.31,101471.27,101480.39,101490.63
101515.59,101505.67,101495.91,101485.99,101475.59,101466.79,101456.55,101445.99,101436.39,101426.47,101416.87,101407.75,101397.03,101388.23,101378.63,101368.23,101359.75,101348.39,101340.23,101330.15,101320.55,101311.91,101301.19,101293.35,101282.95,101275.11,101266.47,101258.47,101251.91,101244.07,101238.47,101232.07,101226.63,101221.51,101216.23,101211.75,101207.75,101204.23,101201.67,101200.23,101199.11,101199.11,101200.07,101201.83,101204.55,101208.23,101212.07,101216.87,101222.63,101229.03,101235.43,101242.15,101250.31,101257.83,101266.79,101275.59,101284.39,101294.47,101304.07,101314.95
101512.39,101503.91,101492.71,101482.95,101471.43,101461.51,101447.11,101437.35,101425.99,101413.67,101400.87,101389.83,101378.31,101366.47,101355.91,101343.75,101332.07,101322.31,101310.95,101301.19,101291.43,101280.55,101270.15,101260.23,101251.43,101240.07,101230.47,101220.23,101210.95,101201.03,101192.71,101183.59,101175.27,101166.79,101158.79,101150.47,101142.31,101133.67,101125.83,101117.83,101110.31,101102.63,101096.23,101090.15,101084.23,101079.43,101075.59,101073.83,101072.23,101075.27,101077.83,101083.91,101091.27,101101.19,101110.63,101121.03,101131.43,101142.15,101152.71,101164.87
101516.55,101506.15,101496.07,101485.03,101477.03,101467.43,101458.95,101447.91,101439.59,101429.03,101419.43,101409.03,101401.03,101390.47,101381.19,101372.55,101364.39,101355.59,101345.03,101337.99,101328.39,101320.23,101308.71,101300.23,101288.87,101278.63,101267.11,101257.67,101245.99,101235.11,101224.55,101214.15,101202.95,101192.07,101181.99,101171.91,101161.83,101151.91,101142.31,101133.03,101123.75,101114.95,101105.99,101098.47,101091.43,101084.39,101078.15,101072.87,101069.67,101064.07,101061.03,101057.51,101057.99,101056.23,101058.63,101061.67,101067.43,101073.67,101083.11,101092.55
101542.15,101530.15,101518.79,101509.67,101500.71,101493.51,101486.63,101479.75,101474.15,101466.95,101461.19,101454.63,101447.43,101440.23,101430.79,101421.67,101414.63,101405.19,101398.15,101390.15,101382.47,101375.43,101365.99,101359.11,101349.51,101339.75,101329.83,101317.99,101306.31,101295.43,101281.83,101269.99,101256.71,101244.23,101230.95,101217.51,101206.15,101194.63,101184.07,101173.83,101164.23,101154.31,101146.31,101138.47,101130.79,101126.31,101120.71,101116.71,101114.79,101110.95,101111.11,101109.99,101110.79,101112.71,101115.27,101119.43,101125.19,101129.03,101136.55,101142.79
101650.95,101632.71,101615.91,101600.55,101586.95,101575.75,101566.47,101558.47,101551.91,101545.51,101539.11,101533.03,101526.63,101519.43,101512.39,101505.03,101497.19,101490.15,101482.79,101474.63,101467.27,101458.95,101448.39,101441.03,101429.83,101418.15,101407.27,101397.35,101383.59,101373.51,101359.11,101344.23,101330.47,101313.99,101298.15,101284.87,101269.99,101255.75,101242.47,101229.51,101218.31,101208.23,101198.31,101190.79,101183.43,101177.99,101174.63,101169.51,101169.19,101169.99,101166.63,101169.51,101173.83,101174.31,101181.03,101185.83,101191.27,101197.03,101203.59,101209.51
101813.67,101789.35,101766.15,101744.39,101723.11,101702.47,101683.11,101664.55,101647.91,101633.19,101621.35,101611.11,101602.31,101594.95,101587.43,101580.07,101574.31,101567.91,101562.79,101557.03,101550.63,101545.19,101538.15,101530.15,101521.35,101510.31,101499.59,101487.75,101476.07,101461.51,101445.35,101429.19,101412.71,101395.11,101377.51,101360.87,101344.23,101328.07,101313.83,101300.71,101288.87,101277.51,101266.31,101257.51,101249.67,101242.79,101237.51,101235.27,101233.67,101232.39,101233.67,101237.67,101239.59,101243.75,101250.95,101256.07,101261.67,101269.99,101275.75,101282.95
101997.19,101966.95,101935.91,101905.35,101876.23,101847.59,101819.59,101793.99,101770.31,101746.15,101722.31,101702.79,101685.51,101672.39,101662.95,101653.99,101646.63,101641.51,101637.03,101632.87,101628.87,101624.23,101618.95,101613.67,101607.27,101598.95,101590.15,101580.55,101568.71,101554.47,101539.91,101524.55,101506.47,101488.23,101468.39,101449.67,101432.71,101414.95,101398.31,101383.43,101370.63,101358.15,101346.47,101336.23,101328.55,101321.35,101317.03,101316.23,101315.91,101314.31,101315.75,101319.75,101322.95,101325.35,101329.83,101334.63,101340.39,101347.27,101352.71,101356.71
102196.39,102153.83,102107.91,102065.19,102026.95,101991.75,101957.83,101923.75,101892.55,101861.99,101831.75,101803.43,101777.99,101757.35,101741.83,101729.51,101722.95,101717.67,101712.39,101707.43,101701.03,101695.11,101689.83,101685.67,101683.11,101679.27,101674.95,101668.07,101661.03,101652.55,101643.59,101629.51,101614.79,101597.83,101579.43,101560.71,101542.31,101524.39,101506.31,101489.35,101472.87,101457.99,101445.51,101436.71,101428.07,101422.31,101417.83,101414.15,101411.75,101409.67,101408.71,101409.03,101408.87,101410.31,101411.27,101410.47,101410.95,101411.75,101413.19,101415.11
102398.63,102350.95,102302.31,102251.75,102196.87,102146.31,102098.15,102055.11,102014.79,101975.27,101939.43,101907.27,101878.31,101854.47,101835.27,101819.75,101807.91,101799.59,101793.03,101794.79,101766.95,101766.63,101759.91,101754.63,101752.23,101749.51,101745.99,101743.91,101738.95,101736.55,101731.27,101725.83,101718.79,101708.23,101697.51,101684.23,101669.35,101653.67,101638.31,101622.79,101609.03,101595.43,101581.99,101568.87,101556.39,101544.87,101535.27,101527.11,101519.59,101514.47,101510.47,101507.59,101505.03,101502.31,101498.47,101493.19,101486.79,101480.07,101473.03,101464.87
102567.11,102514.15,102459.59,102401.51,102341.51,102281.67,102223.75,102173.03,102124.55,102082.63,102042.15,102005.83,101973.19,101944.23,101918.95,101895.75,101878.31,101867.59,101862.15,101872.87,101847.11,101846.47,101835.11,101833.67,101824.71,101815.27,101807.75,101809.83,101819.11,101819.43,101813.03,101800.87,101791.59,101784.71,101776.55,101768.23,101760.23,101752.55,101743.91,101735.27,101725.83,101716.23,101705.19,101693.83,101681.83,101670.31,101659.43,101649.35,101640.39,101631.59,101622.79,101614.63,101606.79,101598.47,101587.75,101574.95,101561.51,101547.27,101532.23,101516.07
102701.35,102641.35,102582.79,102523.75,102463.91,102401.19,102335.59,102273.35,102217.99,102168.55,102122.63,102078.79,102038.79,102001.35,101967.59,101932.55,101903.11,101884.07,101878.79,101876.87,101875.75,101872.23,101867.59,101861.03,101853.51,101840.23,101827.75,101823.11,101824.71,101827.59,101827.11,101822.47,101817.67,101814.47,101811.27,101806.63,101801.67,101796.39,101790.95,101786.31,101781.51,101778.31,101775.11,101773.19,101771.59,101769.19,101765.67,101760.39,101753.19,101744.23,101734.15,101723.27,101708.71,101690.47,101664.87,101627.59,101580.55,101537.99,101506.47,101486.79
102839.59,102773.03,102706.63,102625.35,102567.91,102501.19,102435.91,102364.39,102301.99,102237.83,102174.15,102122.47,102080.55,102040.23,101999.27,101960.23,101926.79,101900.71,101884.71,101877.19,101880.23,101884.71,101889.67,101886.95,101886.31,101878.31,101873.83,101866.95,101859.43,101854.79,101850.95,101849.67,101847.59,101844.87,101843.11,101841.67,101841.51,101841.67,101841.99,101841.03,101838.95,101835.43,101834.15,101832.39,101830.63,101829.83,101831.11,101827.91,101817.35,101803.75,101784.07,101758.31,101727.59,101693.67,101660.55,101629.19,101595.11,101557.83,101519.43,101484.39
102954.31,102875.91,102797.51,102751.91,102675.75,102623.91,102543.75,102473.03,102425.35,102313.03,102270.47,102192.07,102125.51,102074.15,102038.47,102011.43,101980.87,101951.43,101923.91,101904.23,101895.91,101898.79,101908.87,101914.63,101916.71,101921.83,101917.51,101926.31,101929.67,101920.07,101910.47,101900.55,101891.27,101883.43,101879.59,101883.27,101896.39,101909.35,101921.19,101928.71,101933.03,101932.87,101927.59,101921.99,101921.19,101927.43,101936.07,101942.47,101941.35,101934.31,101924.71,101908.55,101887.11,101858.47,101822.63,101779.11,101726.95,101669.67,101610.79,101555.43
103006.63,102944.23,102898.15,102804.07,102665.35,102591.91,102601.19,102528.23,102475.75,102410.31,102374.15,102305.51,102252.87,102186.79,102137.99,102086.47,102059.91,102033.67,102015.43,102002.63,101993.19,101985.83,101974.95,101966.95,101965.67,101971.75,101980.55,101985.19,102006.63,102006.15,102001.03,101987.75,101961.83,101940.39,101936.87,101953.35,101976.23,101990.79,102003.75,102018.47,102031.59,102038.47,102050.15,102063.91,102080.71,102096.39,102111.75,102126.79,102139.75,102149.03,102148.23,102136.71,102120.71,102099.59,102074.63,102044.39,102006.79,101963.11,101914.95,101872.55
102981.19,102841.03,102740.71,102640.23,102578.15,102477.83,102435.75,102378.79,102355.59,102365.99,102330.79,102304.23,102309.51,102308.71,102256.23,102197.03,102161.67,102162.15,102161.19,102156.87,102162.15,102114.15,102092.07,102079.11,102082.79,102061.03,102056.87,102054.63,102097.99,102088.71,102045.99,102016.23,101992.07,102016.71,101987.59,101986.15,101997.35,102013.99,102025.99,102038.63,102055.59,102065.83,102091.43,102126.47,102158.79,102183.27,102214.15,102247.59,102272.39,102289.51,102291.43,102342.47,102183.59,102274.95,102275.91,102261.67,102248.23,102211.91,102160.07,102110.31
102858.79,102715.27,102593.19,102505.99,102370.15,102272.07,102160.87,102092.87,102078.95,102228.23,102227.75,102295.59,102312.71,102252.23,102214.31,102158.15,102148.55,102079.75,102125.19,102074.63,102161.99,102109.03,102120.39,102122.31,102113.99,102078.79,102083.91,102081.83,102048.87,102007.27,101979.27,101963.11,101953.19,101928.23,101916.07,101919.43,101922.15,101944.87,101956.07,101969.03,101965.83,101956.55,101919.75,102063.75,102031.43,102145.35,102170.47,102229.19,102245.03,102301.03,102304.07,102306.47,102335.75,102327.43,102414.31,102309.19,102437.19,102310.95,102348.71,102247.59
102735.59,102616.07,102488.39,102326.15,102255.59,102168.55,101993.51,102013.03,102024.55,102128.71,102124.55,102186.31,102160.39,102160.71,102055.75,102061.51,101974.79,102032.07,101916.87,102162.63,102141.19,102028.39,102102.15,102124.23,102108.71,102100.23,102092.71,102071.59,102053.03,101990.31,101985.35,101907.27,101860.07,101824.87,101791.11,101783.27,101789.03,101780.87,101733.83,101779.43,101799.27,101869.51,101799.43,101787.11,101960.71,101827.11,101958.31,102049.83,102142.31,102305.83,102262.63,102303.75,102261.67,102382.15,102342.31,102502.63,102422.79,102387.11,102427.91,102399.27
102580.55,102432.39,102313.19,102218.15,102127.59,102058.31,101950.79,101953.51,102067.11,102106.95,102100.23,102106.95,102046.95,102034.95,102053.99,102091.75,102049.19,102110.63,101987.11,101922.15,102133.83,102055.59,102050.95,102041.67,102158.79,102116.55,102074.31,102033.67,101882.47,101878.15,101860.23,101798.15,101734.95,101693.35,101657.03,101601.83,101564.87,101504.23,101473.83,101517.19,101481.67,101548.87,101623.43,101524.23,101597.35,101581.51,101609.51,101934.15,102100.87,102126.31,102152.23,102248.55,102311.59,102337.35,102297.19,102288.39,102369.83,102320.07,102334.63,102293.99
102461.03,102355.27,102258.47,102140.39,102037.19,101968.07,101875.75,101966.31,102116.71,102167.59,102123.75,102048.87,102044.87,102035.75,102098.79,102041.03,102183.75,102005.99,101980.87,101853.35,102122.95,102153.51,102051.27,102217.19,102161.67,102020.55,101893.99,101958.95,101931.27,101868.55,101764.23,101656.39,101538.15,101400.23,101267.43,101206.63,101155.11,101218.95,101133.19,101018.95,101133.67,101094.31,101312.87,101424.07,101347.27,101359.75,101582.15,101669.19,101983.91,102048.87,102001.99,102015.59,102107.91,102217.99,102096.55,102273.83,102241.35,102172.23,102199.11,102150.31
102387.91,102288.87,102192.23,102068.55,101950.95,101843.59,101760.55,101746.15,101858.63,102023.11,102049.99,102033.51,102089.51,102085.19,102139.11,102091.75,102058.63,102069.19,101895.75,101879.75,101841.51,101797.83,101974.95,101904.07,101984.39,101714.95,101575.91,101423.11,101607.43,101433.83,101437.67,101394.79,101205.19,101066.95,100889.51,100740.07,100532.23,100556.39,100530.15,100666.63,100725.99,100713.03,100588.39,100982.79,101100.71,101167.75,101463.75,101602.63,101796.23,101763.91,101821.03,101782.79,101774.15,101959.27,101968.39,102060.55,102101.19,102100.55,102038.15,102095.59
