wind-weather/data/weather/current/current-wind-isobaric-70hPa-gfs-1.0.json
{"header": {"discipline":0,"disciplineName":"Meteorologicalproducts","gribEdition":2,"gribLength":52786,"center":7,"centerName":"USNationalWeatherService-NCEP(WMC)","subcenter":0,"refTime":"2017-11-24T12:00:00.000Z","significanceOfRT":0,"significanceOfRTName":"Analysis","productStatus":0,"productStatusName":"Operationalproducts","productType":0,"productTypeName":"Analysisproducts","productDefinitionTemplate":0,"productDefinitionTemplateName":"Analysis/forecastathorizontallevel/layeratapointintime","parameterCategory":2,"parameterCategoryName":"Momentum","parameterNumber":2,"parameterNumberName":"U-component_of_wind","parameterUnit":"m.s-1","genProcessType":0,"genProcessTypeName":"Analysis","forecastTime":0,"surface1Type":100,"surface1TypeName":"Isobaricsurface","surface1Value":7000.0,"surface2Type":255,"surface2TypeName":"Missing","surface2Value":0.0,"gridDefinitionTemplate":0,"gridDefinitionTemplateName":"Latitude_Longitude","numberPoints":65160,"shape":6,"shapeName":"Earthsphericalwithradiusof6,371,229.0m","gridUnits":"degrees","resolution":48,"winds":"true","scanMode":0,"nx":360,"ny":181,"basicAngle":0,"lo1":0.0,"la1":90.0,"lo2":359.0,"la2":-90.0,"dx":1.0,"dy":1.0}, "data":
[rows 108 to 134 of 181, columns 122 to 182 of 360]
-0.03931885,0.22068115,0.33068115,0.060681153,-0.36931884,-0.5193188,-0.99931884,-1.3493189,-1.5893189,-2.6093187,-3.639319,-3.949319,-4.809319,-6.139319,-6.7293186,-7.259319,-7.6093187,-7.6893187,-7.559319,-7.329319,-7.269319,-7.1093187,-7.1493187,-7.3993187,-7.2293186,-6.769319,-6.4793186,-6.199319,-5.9393187,-5.799319,-5.849319,-5.8593187,-5.809319,-5.699319,-5.499319,-5.369319,-5.319319,-5.2293186,-5.049319,-4.929319,-4.929319,-4.719319,-4.4593186,-4.3793187,-4.559319,-4.8793187,-5.199319,-5.329319,-5.3793187,-5.389319,-5.289319,-5.079319,-4.739319,-4.509319,-4.409319,-4.1293187,-3.689319,-3.159319,-2.699319,-2.369319,-2.2093189
1.1106812,1.4506812,1.5106812,1.0406811,0.6106812,0.52068114,0.060681153,-0.43931884,-0.92931885,-1.7193189,-2.2393188,-3.0393188,-4.319319,-5.499319,-5.809319,-6.239319,-6.679319,-7.1093187,-7.559319,-7.6893187,-7.559319,-7.289319,-7.0893188,-6.969319,-6.659319,-6.469319,-6.4593186,-6.329319,-6.179319,-6.0893188,-5.909319,-5.769319,-5.679319,-5.559319,-5.3793187,-5.159319,-4.8593187,-4.6493187,-4.4593186,-4.529319,-4.8793187,-4.909319,-4.969319,-5.2293186,-5.4793186,-5.739319,-5.9793186,-5.8593187,-5.6493187,-5.369319,-5.039319,-4.789319,-4.569319,-4.3993187,-4.159319,-3.7993188,-3.439319,-3.0793188,-2.8193188,-2.659319,-2.5793188
1.9006811,2.560681,2.620681,2.1806812,1.4506812,1.5806812,1.2506812,0.35068116,-0.25931886,-0.7693188,-0.93931884,-1.9993188,-3.369319,-3.929319,-4.369319,-4.6493187,-5.079319,-5.9593186,-6.5893188,-7.389319,-7.6293187,-6.9393187,-6.929319,-6.6493187,-6.269319,-6.029319,-5.969319,-6.069319,-6.0893188,-5.9593186,-5.6093187,-5.279319,-5.1293187,-4.989319,-4.9193187,-4.769319,-4.449319,-4.159319,-4.1493187,-4.469319,-4.8993187,-5.4393187,-6.029319,-6.2093186,-6.159319,-6.199319,-6.199319,-6.1093187,-5.9193187,-5.639319,-5.3593187,-5.0893188,-4.6893187,-4.349319,-4.1093187,-3.929319,-3.7793188,-3.649319,-3.4593189,-3.2393188,-2.9893188
2.6606812,3.2806811,3.570681,3.380681,2.6406813,2.560681,2.1906812,1.3206811,0.42068115,-0.24931885,-0.39931884,-1.5093188,-2.3193188,-2.5893188,-2.909319,-3.119319,-3.669319,-4.369319,-5.119319,-6.049319,-5.449319,-5.8793187,-6.1493187,-6.119319,-5.849319,-5.659319,-5.4793186,-5.539319,-5.6293187,-5.619319,-5.3593187,-5.099319,-4.999319,-4.739319,-4.6693187,-4.409319,-4.069319,-3.869319,-4.039319,-4.4393187,-5.1493187,-5.9593186,-6.3993187,-6.429319,-6.309319,-6.219319,-6.299319,-6.349319,-6.239319,-6.009319,-5.549319,-4.9193187,-4.389319,-4.199319,-4.1893187,-4.159319,-4.119319,-4.029319,-3.889319,-3.7293189,-3.5793188
3.340681,4.010681,4.320681,4.300681,3.870681,3.5306811,3.2406812,2.5206811,1.1906811,-0.09931885,-0.86931884,-1.5493188,-1.7493188,-1.5493188,-1.4393189,-1.5593189,-2.2293189,-2.7093189,-3.8193188,-4.819319,-4.219319,-4.569319,-4.8793187,-4.9593186,-5.019319,-5.219319,-5.069319,-5.1293187,-5.0893188,-4.9593186,-4.739319,-4.739319,-4.809319,-4.789319,-4.6693187,-4.489319,-4.5893188,-4.569319,-4.949319,-5.779319,-6.6893187,-6.6293187,-6.319319,-6.139319,-6.019319,-5.9393187,-6.019319,-5.999319,-5.8993187,-5.6293187,-5.079319,-4.569319,-4.299319,-4.299319,-4.409319,-4.579319,-4.6493187,-4.409319,-4.159319,-4.049319,-4.019319
3.7406812,4.480681,5.130681,5.1606812,4.930681,4.610681,4.240681,3.7006812,2.4706812,0.77068114,-0.23931885,-0.93931884,-1.0593189,-0.6493189,-0.11931885,-0.069318846,-0.68931884,-1.2793188,-2.4593189,-3.3393188,-3.5893188,-3.899319,-4.119319,-4.269319,-4.4193187,-4.329319,-4.3993187,-4.539319,-4.579319,-4.279319,-4.069319,-3.939319,-4.299319,-4.599319,-4.549319,-4.759319,-5.159319,-5.1093187,-6.1093187,-6.9793186,-7.2093186,-6.509319,-5.8793187,-5.7293186,-5.819319,-5.889319,-5.739319,-5.619319,-5.4793186,-5.099319,-4.659319,-4.309319,-4.289319,-4.519319,-4.809319,-4.929319,-4.769319,-4.549319,-4.3993187,-4.349319,-4.329319
4.170681,4.720681,5.440681,6.070681,5.860681,5.550681,5.1206813,4.3106813,3.2506812,2.1706812,1.0906812,0.7306812,0.7306812,0.64068115,0.6606811,0.52068114,-0.069318846,-0.49931884,-1.1693188,-1.9293189,-2.5293188,-2.939319,-3.1093187,-3.679319,-3.889319,-3.919319,-4.049319,-4.279319,-3.9993188,-3.7893188,-3.7893188,-3.7893188,-4.119319,-4.3393188,-4.309319,-4.619319,-5.1893187,-6.049319,-6.3993187,-6.6693187,-6.769319,-6.279319,-5.739319,-5.619319,-5.829319,-6.0893188,-5.869319,-5.599319,-5.1893187,-4.769319,-4.389319,-4.2293186,-4.409319,-4.799319,-5.009319,-4.889319,-4.739319,-4.7093186,-4.719319,-4.6493187,-4.539319
4.730681,4.900681,5.6406813,6.320681,6.6206813,6.380681,6.0606813,5.430681,3.9906812,3.0406811,2.6506813,2.2806811,2.4706812,2.350681,2.110681,1.5706811,0.5506812,-0.30931884,-0.5793188,-1.0793189,-1.2793188,-1.8293189,-2.439319,-2.439319,-2.7893188,-2.949319,-3.869319,-3.909319,-3.639319,-3.7093189,-3.4993188,-3.4593189,-3.7093189,-4.1093187,-4.069319,-4.019319,-4.159319,-5.259319,-5.989319,-6.3593187,-6.309319,-5.869319,-5.699319,-5.679319,-5.769319,-6.009319,-5.749319,-5.389319,-4.8793187,-4.539319,-4.319319,-4.409319,-4.699319,-4.8593187,-4.819319,-4.6893187,-4.779319,-4.989319,-5.029319,-4.829319,-4.699319
5.400681,5.280681,5.760681,6.5206814,6.840681,6.940681,6.760681,6.2706814,5.300681,4.050681,3.2506812,2.880681,3.100681,3.570681,3.620681,3.2606812,2.050681,0.78068113,0.070681155,-0.61931884,-0.71931887,-1.0893189,-1.4093188,-1.6793189,-1.7993188,-2.159319,-2.9593189,-3.439319,-3.4593189,-3.2993188,-3.2093189,-3.429319,-3.5093188,-3.909319,-3.869319,-3.629319,-3.5593188,-4.489319,-5.219319,-5.579319,-5.5893188,-5.489319,-5.279319,-5.1693187,-5.1493187,-5.369319,-5.1893187,-4.809319,-4.529319,-4.329319,-4.409319,-4.5893188,-4.6893187,-4.659319,-4.499319,-4.579319,-4.8993187,-5.1893187,-5.1093187,-4.8993187,-4.809319
5.990681,5.940681,6.210681,6.4106812,6.900681,7.170681,7.1006813,6.710681,5.950681,5.110681,4.250681,3.6706812,3.560681,4.0806813,4.6206813,4.8906813,4.130681,2.840681,1.5106812,0.52068114,-0.14931884,-0.52931887,-0.5193188,-0.99931884,-0.7593188,-1.6993189,-2.4793189,-2.9993188,-3.2293189,-2.7693188,-3.0793188,-3.369319,-3.6093187,-3.869319,-3.629319,-3.2793188,-3.169319,-3.8093188,-4.819319,-5.1293187,-4.8393188,-4.759319,-4.6293187,-4.449319,-4.639319,-4.6893187,-4.4593186,-4.329319,-4.159319,-4.159319,-4.349319,-4.4593186,-4.469319,-4.3393188,-4.299319,-4.5893188,-5.009319,-5.1293187,-4.969319,-4.999319,-4.949319
6.420681,6.5406814,6.710681,6.650681,6.750681,7.1206813,7.260681,7.0206814,6.3906813,5.6206813,4.960681,4.6006813,4.3906813,4.5606813,4.950681,5.6006813,5.750681,4.880681,3.2006812,1.9706812,1.3206811,0.87068117,-0.12931885,-0.67931885,-0.27931884,-1.0193188,-1.9293189,-2.7793188,-2.929319,-2.5693188,-3.0693188,-3.369319,-3.5393188,-3.5893188,-3.3493187,-2.889319,-2.7593188,-3.159319,-3.8193188,-4.299319,-4.219319,-4.069319,-4.079319,-3.8093188,-4.039319,-4.069319,-3.869319,-3.7893188,-3.8093188,-3.9793189,-4.179319,-4.289319,-4.1693187,-4.059319,-4.249319,-4.639319,-4.9393187,-4.9793186,-5.0893188,-5.2093186,-5.2093186
7.010681,6.650681,6.680681,6.820681,7.070681,7.0406814,7.070681,7.250681,6.820681,5.980681,5.360681,5.090681,5.090681,5.240681,5.6606812,5.700681,6.0406814,5.650681,4.070681,2.7706811,2.4806812,1.9906812,0.7406812,-0.009318847,-0.049318846,-0.55931884,-1.3793188,-2.2293189,-2.5393188,-2.5993187,-2.7193189,-2.9893188,-3.0793188,-3.0993187,-2.869319,-2.3493187,-2.0093188,-2.139319,-2.7993188,-3.2793188,-3.7793188,-3.639319,-3.429319,-3.399319,-3.5793188,-3.5593188,-3.439319,-3.3593187,-3.6093187,-3.919319,-4.039319,-4.049319,-3.909319,-3.9893188,-4.319319,-4.699319,-4.889319,-5.059319,-5.369319,-5.429319,-5.4193187
7.4106812,6.5606813,6.130681,6.550681,7.0606813,7.130681,7.1406813,7.1606812,7.070681,6.4106812,5.840681,5.470681,5.400681,5.740681,6.3306813,6.150681,5.860681,5.6206813,4.010681,3.320681,3.310681,2.4006813,1.3006811,0.62068117,0.41068116,-0.07931885,-0.9493188,-1.5993189,-1.8193189,-2.0793188,-2.0393188,-2.159319,-2.2493188,-2.3393188,-2.119319,-1.5893189,-1.2693188,-1.4193188,-2.0593188,-2.5793188,-3.0893188,-3.2293189,-3.1093187,-3.169319,-3.3093188,-3.3093188,-3.169319,-3.199319,-3.5293188,-3.8393188,-3.929319,-3.909319,-3.899319,-4.039319,-4.3593187,-4.659319,-4.929319,-5.299319,-5.509319,-5.539319,-5.599319
7.6206813,6.730681,6.130681,6.130681,6.450681,6.8706813,7.200681,7.3106813,7.150681,6.780681,6.400681,6.010681,5.690681,6.0806813,6.6406813,6.730681,6.280681,5.3506813,3.5306811,3.4806812,3.8906813,2.4506812,1.4406811,0.77068114,0.58068115,0.12068115,-0.77931887,-1.0393188,-1.2993188,-1.1893189,-1.2193189,-1.4693189,-1.5193188,-1.6093189,-1.4193188,-0.98931885,-0.80931884,-1.0493188,-1.4893188,-2.0193188,-2.449319,-2.7793188,-3.0293188,-3.129319,-3.0993187,-3.1093187,-3.129319,-3.2193189,-3.4993188,-3.659319,-3.7793188,-3.7993188,-3.8393188,-3.9693189,-4.219319,-4.539319,-4.9793186,-5.349319,-5.4393187,-5.529319,-5.719319
7.990681,7.300681,6.490681,6.090681,6.000681,6.280681,6.780681,7.220681,7.300681,7.150681,6.920681,6.5206814,6.260681,6.450681,6.700681,6.970681,7.090681,6.240681,4.230681,3.7706811,4.180681,2.9706812,1.7306812,1.2806811,0.8006812,0.040681154,-0.7593188,-1.1293188,-1.0193188,-0.8993189,-0.93931884,-0.8893188,-1.0193188,-1.0793189,-0.92931885,-0.66931885,-0.68931884,-0.99931884,-1.1793189,-1.5093188,-1.9693189,-2.5593188,-3.0093188,-3.0993187,-2.8093188,-2.8093188,-3.0193188,-3.2093189,-3.409319,-3.5593188,-3.659319,-3.669319,-3.699319,-3.7893188,-4.049319,-4.429319,-4.849319,-5.099319,-5.2093186,-5.469319,-5.759319
8.610682,8.000681,7.210681,6.490681,6.110681,6.0606813,6.2706814,6.700681,6.990681,7.150681,7.280681,7.0206814,6.8906813,6.990681,6.820681,7.1006813,7.320681,7.110681,6.0206814,5.0406814,4.730681,3.340681,2.4906812,1.7806811,1.1906811,0.100681156,-0.30931884,-0.37931883,-0.15931885,-0.049318846,-0.27931884,-0.5093188,-0.59931886,-0.53931886,-0.42931885,-0.34931886,-0.61931884,-0.99931884,-0.96931887,-1.2693188,-1.6793189,-2.2993188,-2.8193188,-2.919319,-2.7393188,-2.7293189,-2.8493187,-3.0793188,-3.2193189,-3.389319,-3.449319,-3.4793189,-3.4993188,-3.5993187,-3.889319,-4.259319,-4.529319,-4.6893187,-4.9193187,-5.289319,-5.6093187
8.910681,8.560681,7.940681,7.180681,6.500681,6.1006813,6.030681,6.180681,6.430681,6.730681,7.1206813,7.200681,7.250681,7.340681,7.1006813,7.170681,7.5206814,7.1406813,7.1206813,6.470681,5.700681,4.200681,3.2206812,2.4506812,1.5406811,0.69068116,0.6006811,0.69068116,0.6706812,0.43068114,0.26068115,0.020681152,-0.109318845,-0.069318846,0.010681152,-0.109318845,-0.39931884,-0.91931885,-1.0293188,-1.0493188,-1.5193188,-1.9393189,-2.3193188,-2.5993187,-2.699319,-2.7193189,-2.649319,-2.7493188,-2.9893188,-3.2193189,-3.2693188,-3.2693188,-3.3193188,-3.4693189,-3.7293189,-3.939319,-4.119319,-4.289319,-4.5893188,-4.969319,-5.259319
9.060681,9.000681,8.380681,7.7906814,7.1406813,6.500681,6.170681,6.070681,6.170681,6.440681,6.7906814,7.030681,7.340681,7.480681,7.320681,7.220681,7.590681,7.240681,7.150681,6.630681,6.3306813,5.230681,4.150681,3.2106812,2.090681,1.5106812,1.5106812,1.4706812,1.4006811,1.0706811,0.83068115,0.71068114,0.58068115,0.45068115,0.39068115,0.12068115,-0.31931886,-0.46931884,-0.74931884,-1.0593189,-1.3593189,-1.4393189,-1.6693188,-1.9993188,-2.189319,-2.3093188,-2.3193188,-2.409319,-2.649319,-2.899319,-2.9693189,-3.0193188,-3.0893188,-3.2193189,-3.399319,-3.5393188,-3.669319,-3.8593187,-4.159319,-4.499319,-4.769319
9.290681,9.310681,8.880681,8.380681,7.8106813,7.1606812,6.730681,6.440681,6.340681,6.430681,6.680681,6.970681,7.2906814,7.5206814,7.470681,7.2906814,7.400681,7.280681,7.250681,6.650681,6.260681,5.800681,4.8106813,3.6806812,2.5106812,2.050681,2.120681,2.2106812,1.9906812,1.6706811,1.5206811,1.4306811,1.2406812,1.0406811,0.8606812,0.48068115,6.8115233E-4,-0.40931883,-0.37931883,-0.5093188,-0.7593188,-0.8993189,-0.99931884,-1.2093189,-1.4393189,-1.6593188,-1.8693188,-2.119319,-2.3393188,-2.5193188,-2.6093187,-2.699319,-2.7493188,-2.8193188,-2.9693189,-3.0993187,-3.179319,-3.3593187,-3.629319,-3.949319,-4.2293186
9.570682,9.640681,9.4006815,8.960681,8.440681,7.820681,7.340681,7.010681,6.7906814,6.680681,6.760681,7.070681,7.3306813,7.490681,7.480681,7.3706813,7.230681,7.150681,4.4106812,4.490681,6.840681,5.800681,5.510681,4.170681,3.050681,2.560681,2.5406811,2.580681,2.360681,2.1706812,2.1606812,2.0106812,1.8106811,1.5806812,1.3006811,0.97068113,0.70068115,0.42068115,0.15068115,0.100681156,-0.07931885,-0.29931885,-0.38931885,-0.46931884,-0.66931885,-0.97931886,-1.3293189,-1.6993189,-1.9793189,-2.169319,-2.2093189,-2.2193189,-2.2393188,-2.3193188,-2.449319,-2.5493188,-2.619319,-2.7693188,-3.0393188,-3.3493187,-3.629319
9.800681,9.930681,9.830681,9.500681,9.030682,8.430681,7.8906813,7.5606813,7.3106813,7.1206813,7.0606813,7.3306813,7.5206814,7.570681,7.530681,7.480681,7.3706813,7.360681,7.510681,4.0806813,0.76068115,5.360681,5.670681,4.5806813,3.6606812,3.090681,3.130681,3.0206811,2.860681,2.7706811,2.7106812,2.5206811,2.2906811,2.0306811,1.7506812,1.4906812,1.2706811,1.1606811,0.95068115,0.75068116,0.58068115,0.44068116,0.35068116,0.27068114,0.05068115,-0.26931885,-0.71931887,-1.1393188,-1.4593189,-1.6893189,-1.6893189,-1.6593188,-1.6493188,-1.7493188,-1.7893188,-1.8593189,-1.9093188,-2.0893188,-2.379319,-2.699319,-3.0093188
10.120681,10.220681,10.200681,9.960681,9.540681,9.030682,8.480681,8.090681,7.860681,7.700681,7.550681,7.730681,7.940681,7.9106812,7.8106813,7.780681,7.6206813,7.530681,7.5206814,7.190681,7.320681,5.380681,5.0806813,4.820681,4.1606812,3.7306812,3.620681,3.560681,3.380681,3.360681,3.370681,3.1706812,2.880681,2.630681,2.4006813,2.1806812,1.9706812,1.9006811,1.7006812,1.3906811,1.2906811,1.2706811,1.1806811,1.0106812,0.7406812,0.41068116,-0.009318847,-0.45931885,-0.8393189,-1.0893189,-1.0593189,-0.93931884,-0.86931884,-0.93931884,-0.97931886,-1.0493188,-1.1793189,-1.3493189,-1.6293188,-1.9593189,-2.3093188
10.750681,10.660681,10.620681,10.450681,10.120681,9.620681,9.070682,8.640681,8.440681,8.350681,8.220681,8.250681,8.470681,8.500681,8.390681,8.300681,8.070682,7.760681,7.6206813,7.490681,6.990681,6.5206814,6.090681,5.510681,4.880681,4.3906813,3.9606812,3.7906811,3.9906812,4.0806813,4.1206813,4.030681,3.7706811,3.550681,3.350681,3.1506813,3.090681,2.7306812,2.580681,2.350681,2.1506813,2.070681,2.0306811,1.8406812,1.5006812,1.1006812,0.6706812,0.26068115,-0.12931885,-0.29931885,-0.16931885,0.08068115,0.060681153,-0.03931885,-0.13931885,-0.21931885,-0.36931884,-0.54931885,-0.78931886,-1.1093189,-1.4493189
11.310681,11.230681,11.160681,11.010681,10.720681,10.340681,9.870681,9.390681,9.060681,8.980681,8.980681,8.990681,9.140681,9.180681,9.100681,8.950681,8.700681,8.280682,7.970681,7.840681,7.550681,7.130681,6.7706814,6.340681,5.8906813,5.5606813,5.250681,5.0806813,4.920681,4.9106812,4.940681,4.9106812,4.750681,4.6006813,4.440681,4.260681,4.090681,3.7806811,3.600681,3.4406812,3.2306812,3.080681,2.9506812,2.7606812,2.4306812,1.9306811,1.4706812,1.0906812,0.82068115,0.82068115,1.0006812,1.1006812,1.0206811,0.97068113,0.87068117,0.7406812,0.57068115,0.43068114,0.20068115,-0.08931885,-0.39931884
11.680681,11.590681,11.530682,11.450681,11.340681,11.070682,10.720681,10.330681,9.950681,9.780682,9.810681,9.860682,9.930681,9.920681,9.800681,9.600681,9.410681,9.060681,8.630681,8.440681,8.300681,8.090681,7.800681,7.2706814,6.7906814,6.460681,6.150681,6.1006813,6.030681,5.960681,5.940681,5.880681,5.760681,5.650681,5.5406814,5.420681,5.240681,5.030681,4.8106813,4.6206813,4.440681,4.280681,4.110681,3.870681,3.4806812,2.9606812,2.5006812,2.2706811,2.310681,2.310681,2.1606812,2.2506812,2.330681,2.2906811,2.1506813,2.0006812,1.8406812,1.6906811,1.4806812,1.2206812,0.9106811
11.870681,11.860682,11.800681,11.680681,11.570682,11.510681,11.360682,11.190681,11.000681,10.810681,10.740681,10.800681,10.790681,10.750681,10.570682,10.340681,10.160681,9.930681,9.600681,9.300681,9.100681,9.000681,8.980681,8.700681,8.170681,7.6606812,7.510681,7.4106812,7.280681,7.230681,7.170681,7.1006813,6.980681,6.8706813,6.7906814,6.700681,6.6006813,6.430681,6.240681,6.0206814,5.8106813,5.6406813,5.490681,5.210681,4.800681,4.3106813,4.050681,4.130681,4.030681,3.6606812,3.6606812,3.9306812,4.0206814,3.9606812,3.810681,3.600681,3.3906813,3.2206812,3.0106812,2.7806811,2.5106812
12.020681,11.960681,11.990681,11.910681,11.740681,11.660681,11.640681,11.560681,11.630681,11.720681,11.720681,11.790681,11.790681,11.710681,11.550681,11.310681,11.020681,10.770681,10.580681,10.350681,10.090681,10.040681,10.080681,9.970681,9.570682,8.950681,8.880681,8.870681,8.810681,8.760681,8.670681,8.600681,8.520681,8.380681,8.300681,8.240681,8.200681,8.110682,7.940681,7.710681,7.490681,7.2906814,7.090681,6.800681,6.500681,6.200681,6.130681,5.970681,5.510681,5.550681,5.8906813,5.900681,5.8106813,5.670681,5.500681,5.3506813,5.180681,5.000681,4.800681,4.590681,4.360681
