wind-weather/data/weather/current/current-temp-isobaric-850hPa-gfs-1.0.json
{"header": {"discipline":0,"disciplineName":"Meteorologicalproducts","gribEdition":2,"gribLength":41641,"center":7,"centerName":"USNationalWeatherService-NCEP(WMC)","subcenter":0,"refTime":"2017-11-24T12:00:00.000Z","significanceOfRT":0,"significanceOfRTName":"Analysis","productStatus":0,"productStatusName":"Operationalproducts","productType":0,"productTypeName":"Analysisproducts","productDefinitionTemplate":0,"productDefinitionTemplateName":"Analysis/forecastathorizontallevel/layeratapointintime","parameterCategory":0,"parameterCategoryName":"Temperature","parameterNumber":0,"parameterNumberName":"Temperature","parameterUnit":"K","genProcessType":0,"genProcessTypeName":"Analysis","forecastTime":0,"surface1Type":100,"surface1TypeName":"Isobaricsurface","surface1Value":85000.0,"surface2Type":255,"surface2TypeName":"Missing","surface2Value":0.0,"gridDefinitionTemplate":0,"gridDefinitionTemplateName":"Latitude_Longitude","numberPoints":65160,"shape":6,"shapeName":"Earthsphericalwithradiusof6,371,229.0m","gridUnits":"degrees","resolution":48,"winds":"true","scanMode":0,"nx":360,"ny":181,"basicAngle":0,"lo1":0.0,"la1":90.0,"lo2":359.0,"la2":-90.0,"dx":1.0,"dy":1.0}, "data":
[rows 52 to 77 of 181, columns 60 to 119 of 360]
278.97235,279.27237,280.07236,280.57236,281.27237,281.27237,281.57236,283.37238,285.77237,287.37238,288.07236,284.07236,284.77237,281.77237,285.77237,283.97235,281.57236,275.57236,275.87238,276.17236,276.17236,276.47235,276.27237,275.57236,275.27237,273.77237,274.97235,279.37238,278.87238,279.27237,278.97235,276.57236,277.67236,277.47235,276.97235,276.87238,276.47235,275.77237,273.47235,275.57236,276.57236,274.27237,276.17236,275.57236,274.67236,275.47235,275.97235,273.57236,273.77237,275.37238,275.37238,273.97235,273.37238,273.07236,273.87238,273.37238,271.47235,269.97235,268.67236,267.87238
278.47235,279.47235,280.97235,281.57236,280.87238,280.87238,281.47235,282.87238,283.67236,285.07236,287.17236,288.07236,282.37238,281.77237,278.17236,280.17236,285.17236,282.87238,281.17236,276.47235,276.47235,277.27237,277.17236,275.47235,280.27237,281.17236,280.57236,281.17236,280.27237,281.07236,280.17236,279.37238,276.67236,277.67236,278.67236,278.27237,278.07236,278.07236,277.77237,277.27237,281.07236,279.47235,277.37238,276.87238,277.17236,275.87238,275.57236,273.97235,273.67236,275.67236,277.37238,274.87238,275.67236,275.37238,275.57236,274.37238,272.77237,271.77237,270.07236,268.77237
281.67236,279.07236,280.57236,283.07236,282.67236,282.17236,282.97235,282.67236,285.07236,285.37238,283.97235,281.17236,283.57236,280.87238,283.37238,279.77237,277.67236,279.67236,285.67236,285.17236,284.97235,283.27237,285.77237,284.07236,283.87238,282.77237,283.17236,283.47235,282.77237,282.57236,281.47235,278.67236,281.07236,280.17236,278.17236,277.17236,277.97235,276.77237,277.77237,276.07236,279.07236,278.07236,279.67236,278.07236,278.27237,277.37238,277.17236,276.77237,278.27237,278.17236,277.27237,275.87238,275.77237,275.27237,277.77237,275.87238,274.37238,272.97235,271.67236,270.97235
285.57236,284.67236,284.67236,285.87238,286.27237,282.37238,280.67236,279.57236,283.17236,280.57236,282.77237,286.97235,288.07236,286.67236,283.47235,281.07236,285.07236,282.47235,281.57236,282.37238,285.17236,282.17236,284.97235,285.67236,286.27237,285.57236,284.97235,284.87238,284.77237,284.57236,283.67236,283.87238,284.07236,284.37238,283.67236,283.07236,280.07236,281.67236,278.47235,274.07236,280.27237,278.97235,279.77237,278.47235,276.27237,277.87238,277.07236,278.97235,278.67236,278.17236,277.97235,277.37238,276.67236,276.77237,276.57236,276.27237,275.47235,274.37238,273.77237,272.47235
287.07236,286.67236,288.07236,285.57236,284.67236,282.47235,283.27237,283.27237,283.67236,287.37238,284.07236,286.47235,287.87238,288.17236,287.37238,287.37238,283.67236,285.67236,283.57236,284.67236,285.07236,287.37238,286.37238,287.37238,286.67236,287.17236,286.57236,286.67236,285.47235,283.97235,285.47235,285.47235,285.47235,285.87238,285.07236,280.57236,284.37238,280.07236,280.67236,283.67236,282.87238,281.97235,282.17236,281.07236,277.97235,277.77237,276.17236,274.47235,275.77237,276.67236,277.77237,276.57236,277.97235,277.47235,276.87238,276.27237,275.57236,275.07236,273.97235,272.97235
289.67236,287.17236,286.67236,287.17236,283.47235,284.37238,286.07236,283.57236,287.37238,288.07236,287.47235,287.67236,287.87238,288.27237,288.87238,288.27237,287.37238,283.17236,285.67236,289.07236,286.67236,287.97235,288.47235,288.17236,288.37238,287.87238,287.27237,287.97235,287.37238,287.77237,287.17236,286.77237,285.97235,287.37238,287.17236,287.37238,284.37238,284.97235,281.07236,281.47235,282.77237,281.07236,283.37238,280.77237,277.27237,275.57236,275.27237,275.87238,276.77237,277.77237,277.27237,277.17236,276.67236,276.57236,277.07236,275.97235,275.27237,274.97235,274.27237,273.37238
289.27237,287.17236,288.07236,287.27237,287.17236,287.87238,289.47235,289.57236,289.87238,289.27237,287.47235,287.47235,287.77237,287.87238,288.47235,288.97235,288.37238,286.97235,284.77237,285.47235,286.37238,290.57236,290.27237,289.57236,289.37238,289.27237,289.07236,289.47235,289.17236,289.67236,288.77237,288.77237,287.47235,288.57236,286.77237,280.97235,284.07236,284.47235,283.17236,281.77237,283.77237,285.37238,282.37238,281.07236,276.47235,275.37238,274.97235,275.57236,276.17236,275.47235,277.57236,276.97235,277.47235,276.77237,276.77237,275.77237,275.87238,275.27237,274.67236,273.87238
290.07236,287.57236,287.97235,289.07236,288.57236,290.87238,291.07236,290.17236,291.57236,290.07236,289.67236,287.87238,287.87238,287.37238,287.87238,289.07236,288.97235,287.57236,288.47235,286.27237,286.97235,289.27237,288.27237,289.87238,291.57236,290.37238,290.37238,291.27237,289.97235,289.87238,289.07236,289.27237,289.07236,288.27237,282.37238,285.17236,286.47235,287.37238,287.37238,286.37238,286.47235,286.67236,282.57236,279.57236,274.87238,275.07236,274.57236,275.57236,276.67236,277.17236,277.47235,277.27237,277.17236,277.37238,276.67236,276.17236,275.17236,275.87238,275.57236,275.07236
290.17236,289.47235,289.17236,289.87238,291.47235,291.47235,290.97235,290.67236,288.07236,289.67236,289.67236,288.47235,287.67236,287.47235,287.67236,287.97235,288.27237,288.57236,287.47235,285.27237,288.77237,286.17236,286.97235,288.77237,290.37238,289.77237,290.97235,291.17236,291.47235,292.37238,288.77237,288.97235,289.77237,290.67236,286.27237,284.27237,283.97235,284.37238,286.87238,288.87238,288.87238,287.97235,281.77237,274.77237,275.47235,274.47235,275.47235,276.27237,276.27237,277.37238,277.27237,277.67236,277.67236,277.37238,277.27237,277.07236,276.57236,276.87238,276.17236,274.97235
288.57236,289.37238,291.37238,290.17236,290.57236,290.67236,291.37238,290.27237,287.87238,287.97235,288.27237,287.77237,288.27237,288.37238,288.27237,288.27237,288.27237,289.47235,289.47235,288.47235,288.17236,287.07236,284.87238,289.67236,292.47235,290.07236,290.47235,290.87238,292.37238,292.57236,290.77237,292.27237,290.97235,289.77237,286.07236,284.77237,283.77237,282.87238,284.97235,286.67236,286.17236,285.27237,281.97235,274.77237,274.47235,275.57236,276.37238,276.57236,276.67236,276.57236,277.07236,277.47235,277.57236,277.87238,277.47235,277.57236,277.57236,277.97235,277.87238,277.37238
287.57236,288.77237,291.47235,292.47235,292.37238,291.77237,292.77237,290.37238,288.17236,288.07236,288.07236,288.27237,288.67236,288.67236,288.57236,288.17236,288.17236,288.77237,289.77237,289.57236,289.07236,287.87238,286.77237,285.87238,286.67236,286.77237,287.87238,286.67236,288.27237,288.37238,287.57236,287.27237,286.67236,284.67236,284.67236,288.27237,288.47235,283.67236,282.47235,283.97235,284.77237,284.97235,283.57236,279.17236,275.67236,276.67236,276.37238,276.67236,276.57236,276.77237,276.57236,276.67236,276.47235,276.97235,277.57236,277.87238,278.17236,278.57236,278.07236,278.27237
288.67236,289.57236,291.77237,290.27237,289.17236,291.47235,290.17236,289.77237,288.77237,288.17236,288.27237,288.17236,288.07236,288.47235,288.27237,288.07236,288.47235,287.87238,289.77237,289.77237,289.57236,289.07236,287.97235,287.17236,287.57236,287.27237,286.37238,286.47235,283.87238,287.37238,287.07236,286.87238,287.37238,287.87238,288.87238,288.77237,289.07236,284.67236,284.87238,284.07236,287.87238,282.07236,283.77237,280.77237,279.07236,277.87238,276.87238,276.97235,275.87238,275.77237,276.27237,274.87238,275.17236,276.17236,276.97235,277.67236,277.77237,277.67236,277.57236,277.27237
287.27237,287.47235,287.17236,286.77237,288.67236,288.87238,288.57236,289.17236,288.67236,288.37238,288.57236,288.57236,289.87238,289.97235,288.97235,288.77237,289.47235,289.17236,288.97235,289.47235,289.77237,289.67236,289.47235,288.57236,287.67236,288.07236,287.87238,288.07236,287.07236,287.57236,286.07236,286.47235,287.07236,287.87238,288.17236,286.97235,289.67236,289.27237,289.77237,286.47235,286.57236,284.57236,282.67236,281.07236,279.27237,277.27237,276.57236,275.77237,275.57236,275.37238,276.07236,277.47235,276.37238,278.07236,276.57236,277.47235,277.67236,278.27237,278.97235,277.67236
288.07236,288.07236,288.87238,289.77237,290.07236,290.27237,289.87238,289.47235,287.87238,288.47235,288.87238,289.17236,289.37238,289.07236,289.87238,288.87238,289.37238,288.87238,288.37238,288.27237,289.17236,289.57236,290.07236,289.77237,289.07236,288.67236,288.87238,288.67236,288.77237,288.77237,287.17236,287.07236,288.67236,288.77237,290.77237,288.47235,288.27237,288.87238,286.17236,288.27237,286.67236,282.77237,280.87238,279.37238,278.37238,277.57236,276.77237,275.97235,276.47235,278.17236,278.97235,278.77237,280.17236,278.17236,280.17236,279.67236,280.47235,280.97235,280.17236,282.17236
288.57236,288.87238,289.27237,289.87238,290.37238,290.47235,289.77237,288.77237,287.67236,288.97235,289.97235,290.57236,288.97235,289.37238,290.27237,289.47235,289.17236,288.87238,288.77237,288.77237,288.87238,288.57236,288.67236,289.17236,289.07236,289.37238,288.97235,287.87238,288.67236,288.07236,287.87238,287.07236,289.17236,288.37238,289.77237,289.47235,289.67236,289.87238,289.67236,288.07236,286.57236,283.77237,281.27237,279.27237,277.17236,276.37238,276.57236,276.77237,279.07236,280.07236,280.87238,282.37238,282.47235,282.37238,282.17236,282.97235,283.27237,283.37238,283.77237,284.97235
289.07236,289.57236,289.97235,290.27237,290.57236,289.77237,288.57236,288.07236,288.07236,288.37238,288.87238,289.37238,289.57236,289.57236,289.77237,290.17236,289.77237,289.57236,289.07236,289.47235,289.57236,289.17236,290.67236,289.17236,289.97235,289.67236,289.07236,289.07236,290.27237,288.87238,288.97235,289.17236,290.17236,289.47235,290.37238,289.87238,289.87238,290.27237,290.37238,290.17236,286.07236,283.67236,282.17236,279.87238,278.87238,278.37238,278.27237,278.77237,280.17236,281.37238,282.67236,283.57236,283.97235,284.37238,284.77237,284.77237,285.87238,285.37238,286.57236,285.87238
288.97235,289.57236,290.17236,290.67236,290.87238,290.27237,289.37238,289.27237,288.67236,289.17236,289.77237,290.47235,290.17236,289.97235,290.07236,290.17236,289.97235,289.87238,290.17236,290.47235,290.47235,290.87238,290.07236,290.07236,289.47235,289.97235,289.87238,290.37238,290.77237,290.77237,291.47235,291.47235,289.97235,289.47235,290.67236,290.77237,290.47235,290.17236,290.97235,290.47235,287.27237,283.47235,281.67236,281.47235,280.57236,278.57236,279.87238,281.77237,281.57236,283.57236,284.47235,284.87238,285.17236,285.57236,285.67236,286.17236,286.27237,285.97235,285.97235,285.67236
289.37238,289.87238,290.47235,290.67236,290.67236,290.17236,289.77237,289.47235,289.57236,289.87238,290.47235,291.07236,291.07236,291.07236,292.07236,291.07236,290.67236,290.67236,290.87238,290.17236,290.37238,290.77237,289.67236,289.47235,289.37238,288.97235,288.97235,291.07236,291.17236,291.57236,291.27237,291.07236,290.17236,289.97235,291.67236,290.97235,290.47235,291.67236,291.97235,291.77237,288.57236,286.47235,284.67236,282.47235,280.77237,278.67236,280.67236,283.37238,284.17236,284.77237,284.97235,285.77237,286.67236,286.57236,284.87238,284.47235,287.87238,288.47235,287.17236,286.87238
288.87238,289.07236,289.47235,289.67236,289.67236,289.77237,289.87238,290.07236,290.37238,290.67236,290.97235,291.47235,292.17236,292.57236,292.97235,292.57236,292.67236,291.87238,291.07236,290.17236,291.07236,290.67236,290.37238,289.37238,289.27237,288.77237,291.47235,291.47235,291.57236,291.17236,290.97235,290.57236,290.87238,290.77237,289.77237,291.47235,291.07236,291.17236,291.97235,291.47235,290.17236,289.97235,289.07236,288.87238,283.27237,278.97235,282.07236,281.97235,282.47235,285.87238,285.67236,286.77237,286.57236,287.37238,286.97235,286.67236,289.27237,287.97235,288.17236,288.37238
289.17236,289.37238,289.77237,290.07236,290.37238,290.47235,290.67236,290.97235,291.27237,291.67236,291.97235,292.27237,292.87238,293.47235,293.57236,293.87238,292.67236,292.37238,291.87238,290.77237,291.87238,292.97235,291.47235,290.87238,290.27237,290.77237,291.47235,291.37238,291.27237,290.47235,290.37238,290.47235,290.67236,291.37238,290.47235,290.97235,291.37238,290.77237,291.57236,290.77237,291.17236,290.77237,289.47235,289.47235,284.87238,281.77237,281.87238,283.87238,284.57236,287.97235,284.77237,285.97235,287.07236,288.37238,287.87238,289.37238,288.77237,289.37238,289.17236,290.77237
289.77237,290.27237,290.67236,290.87238,290.97235,290.97235,291.17236,291.47235,291.87238,292.17236,292.37238,292.57236,292.97235,293.37238,294.07236,294.47235,294.47235,293.37238,292.67236,292.07236,290.87238,291.27237,292.37238,289.77237,290.37238,291.27237,291.47235,291.47235,290.87238,290.47235,290.47235,290.47235,290.77237,290.67236,290.47235,291.17236,291.17236,291.27237,291.37238,290.97235,290.87238,290.17236,289.67236,289.17236,288.87238,287.47235,281.97235,285.17236,286.17236,287.47235,287.87238,287.37238,288.37238,288.57236,288.37238,288.97235,289.87238,290.37238,292.27237,292.17236
290.37238,291.07236,291.27237,291.27237,291.27237,291.37238,291.57236,291.87238,292.07236,292.37238,292.57236,292.77237,292.97235,293.07236,293.87238,294.87238,294.17236,293.17236,293.57236,292.47235,291.17236,290.57236,290.57236,289.97235,291.17236,290.87238,291.67236,291.27237,290.37238,290.37238,290.67236,290.77237,290.67236,290.87238,291.07236,291.17236,291.37238,292.77237,292.07236,291.57236,290.77237,290.47235,288.37238,289.37238,289.47235,289.67236,288.07236,285.27237,286.47235,287.07236,287.87238,288.77237,288.97235,289.27237,290.07236,290.27237,290.47235,292.47235,292.77237,292.27237
291.07236,291.17236,291.37238,291.57236,291.57236,291.67236,291.77237,291.87238,291.97235,292.07236,292.47235,292.77237,293.07236,293.47235,293.57236,294.67236,294.37238,293.27237,293.57236,292.67236,290.37238,289.87238,289.77237,290.47235,290.77237,291.07236,291.87238,290.17236,290.07236,290.87238,290.97235,290.97235,291.17236,291.27237,291.57236,291.37238,292.47235,292.67236,292.67236,290.77237,290.17236,291.27237,288.27237,289.67236,291.67236,291.57236,289.07236,285.37238,286.57236,287.97235,289.17236,289.27237,289.57236,290.27237,291.07236,291.47235,292.17236,293.07236,292.37238,292.27237
291.27237,291.27237,291.47235,291.57236,291.57236,291.57236,291.57236,291.67236,291.87238,291.97235,292.17236,292.67236,293.07236,293.07236,292.87238,293.87238,293.67236,292.97235,293.37238,291.17236,290.47235,290.07236,289.77237,290.07236,290.97235,291.57236,291.07236,290.77237,290.97235,291.37238,291.07236,291.37238,291.67236,291.67236,291.87238,292.47235,292.67236,292.57236,292.27237,289.77237,290.17236,289.57236,288.97235,291.27237,291.97235,291.97235,292.97235,290.77237,286.17236,288.27237,289.97235,290.37238,290.97235,291.47235,291.57236,291.67236,292.17236,292.27237,291.67236,291.67236
291.17236,291.27237,291.37238,291.57236,291.47235,291.47235,291.47235,291.77237,291.87238,291.87238,292.07236,292.27237,292.57236,292.77237,292.97235,293.27237,294.17236,294.27237,292.87238,291.27237,290.57236,290.57236,289.87238,290.07236,291.27237,292.07236,290.77237,290.87238,291.37238,291.27237,291.37238,291.57236,291.57236,291.87238,292.07236,292.27237,292.17236,291.87238,291.87238,289.47235,290.07236,289.37238,290.37238,289.87238,290.77237,291.27237,291.67236,291.37238,291.17236,289.27237,290.57236,291.07236,291.77237,291.77237,291.47235,291.57236,291.77237,292.17236,291.87238,291.87238
290.87238,291.17236,291.37238,291.47235,291.47235,291.47235,291.57236,291.77237,292.07236,292.27237,292.17236,292.17236,292.57236,292.77237,293.07236,293.27237,294.27237,294.17236,292.67236,291.07236,290.87238,290.27237,289.77237,290.67236,291.77237,292.17236,291.07236,291.27237,291.47235,291.67236,291.77237,291.67236,291.67236,291.47235,291.87238,291.97235,291.77237,291.17236,291.07236,291.27237,290.27237,290.87238,291.47235,290.07236,290.37238,291.07236,292.57236,291.87238,291.47235,289.27237,290.87238,291.77237,291.57236,291.47235,291.57236,291.77237,291.87238,292.17236,292.57236,292.37238
