wind-weather/data/weather/current/current-wind-isobaric-700hPa-gfs-1.0.json
{"header": {"discipline":0,"disciplineName":"Meteorologicalproducts","gribEdition":2,"gribLength":72612,"center":7,"centerName":"USNationalWeatherService-NCEP(WMC)","subcenter":0,"refTime":"2017-11-24T12:00:00.000Z","significanceOfRT":0,"significanceOfRTName":"Analysis","productStatus":0,"productStatusName":"Operationalproducts","productType":0,"productTypeName":"Analysisproducts","productDefinitionTemplate":0,"productDefinitionTemplateName":"Analysis/forecastathorizontallevel/layeratapointintime","parameterCategory":2,"parameterCategoryName":"Momentum","parameterNumber":2,"parameterNumberName":"U-component_of_wind","parameterUnit":"m.s-1","genProcessType":0,"genProcessTypeName":"Analysis","forecastTime":0,"surface1Type":100,"surface1TypeName":"Isobaricsurface","surface1Value":70000.0,"surface2Type":255,"surface2TypeName":"Missing","surface2Value":0.0,"gridDefinitionTemplate":0,"gridDefinitionTemplateName":"Latitude_Longitude","numberPoints":65160,"shape":6,"shapeName":"Earthsphericalwithradiusof6,371,229.0m","gridUnits":"degrees","resolution":48,"winds":"true","scanMode":0,"nx":360,"ny":181,"basicAngle":0,"lo1":0.0,"la1":90.0,"lo2":359.0,"la2":-90.0,"dx":1.0,"dy":1.0}, "data":
[rows 100 to 124 of 181, columns 232 to 289 of 360]
-4.1622143,-4.3722143,-4.1722145,-3.8722143,-3.2822144,-1.7522143,-0.32221437,1.1677856,1.4177856,2.5377855,4.6077857,5.737786,6.1177855,6.4977856,6.8277855,6.947786,6.8877854,5.9777856,4.487786,1.9077857,-0.24221435,-1.1622144,-1.6922144,-1.9822143,-1.8422143,-0.83221436,0.30778563,-0.022214355,-0.77221435,-0.5622144,-0.6122143,-0.60221434,-0.57221437,-0.60221434,-1.0322144,-1.4822143,-2.5722144,-3.5622144,-3.7422144,-3.9822145,-3.4922144,-2.8322144,-1.8522143,-1.5922143,-0.8722144,-0.24221435,1.2377857,2.3677857,2.9577856,2.7377856,0.11778565,-1.4122144,0.45778564,-0.13221435,1.5677856,2.0577857,1.3877857,0.97778565
-6.4322143,-6.722214,-6.4022145,-5.9022145,-4.5622144,-6.0822144,-1.9622144,-1.2122144,-0.11221436,0.097785644,2.0077856,2.6477857,2.9977856,3.7577856,5.0977855,7.2077856,7.2877855,6.507786,5.427786,3.3577857,0.71778566,-0.27221435,-0.7422144,-1.1622144,-0.9922144,-0.5622144,0.7577856,1.1477857,0.33778563,-0.19221435,0.11778565,0.16778564,-0.042214356,-0.0022143554,0.12778564,-0.64221436,-2.4522142,-3.7322145,-4.1522145,-4.6622143,-4.9322143,-4.762214,-4.072214,-3.1022143,-1.7522143,-0.48221436,0.5077856,1.2877856,2.1377857,2.2577856,1.5177857,-0.64221436,-0.53221434,-0.94221437,1.4577856,2.8477857,3.4877856,2.9377856
-6.762214,-7.802214,-6.8122144,-5.6822143,-4.7122145,-5.8822145,-1.9022144,-3.1322143,-2.8322144,-1.5222144,-3.2622144,0.8777856,-2.3522143,-0.032214355,1.1677856,2.5477858,4.7677855,5.3177857,5.4377856,4.3077855,1.7177856,0.32778564,0.07778564,-0.20221436,-0.37221435,-0.012214355,0.55778563,1.2977856,1.1777856,0.37778565,-0.16221435,-0.27221435,-0.72221434,-0.82221437,-0.6822144,-0.9922144,-2.5322144,-4.0222144,-5.242214,-6.3822145,-7.6122146,-8.062214,-7.6922145,-6.5222144,-4.7722144,-3.2822144,-1.1622144,0.16778564,0.8877857,1.0577856,1.3677857,0.78778565,-1.8722143,-0.51221436,-0.042214356,-0.022214355,-1.3422143,2.5877857
-6.2022142,-7.9522142,-6.9522142,-4.7022142,-5.7522144,-7.3322144,-4.7022142,-6.012214,-4.4022145,-2.5322144,-2.5022144,-0.94221437,-3.0822144,-0.40221435,3.2077856,4.3677855,4.2077856,4.737786,3.0277855,3.4377856,2.1177857,0.84778565,0.52778566,0.6977856,0.52778566,0.41778564,0.60778564,0.84778565,1.0377856,0.84778565,0.23778564,-0.29221436,-1.1222143,-1.6122143,-1.7722144,-1.9022144,-2.7422144,-4.3922143,-6.072214,-7.5222144,-8.372214,-8.272214,-7.9222145,-7.4022145,-6.9222145,-7.0222144,-5.5222144,-3.2722144,-0.69221437,0.5077856,0.6377857,1.6577857,0.5077856,-1.0922143,1.0877856,-1.5022143,-1.1722144,-0.6122143
-6.9422145,-6.3322144,-4.7022142,-4.552214,-6.3422146,-5.7022142,-3.9222143,-5.0922146,-1.2522143,-1.8622143,-3.7422144,-1.6122143,1.6677856,-0.49221435,0.51778567,0.71778566,4.5177855,4.3777857,1.2277856,1.5377856,1.1777856,0.55778563,0.7577856,1.2877856,1.3977857,1.1977856,1.1577857,0.95778567,0.91778564,0.79778564,0.49778566,-0.042214356,-1.0122143,-1.7322143,-1.8622143,-2.3822143,-2.9022143,-4.4322143,-5.972214,-7.4822145,-7.9522142,-8.212214,-8.022214,-7.4522142,-7.322214,-7.6422143,-7.8722143,-7.1222143,-5.742214,-3.0022144,-0.8622143,0.85778564,0.97778565,0.26778564,-0.66221434,-0.66221434,-0.09221435,-1.2622143
-6.722214,-6.9522142,-4.9422145,-5.0922146,-5.1122146,-4.3422146,-3.2322145,-4.242214,-2.8422143,-3.5522144,-2.8522143,-1.4022144,-1.2822144,0.19778565,-2.1022143,-2.3922143,-0.78221434,-2.9822145,-0.66221434,-1.1422143,-0.17221436,-0.15221435,-0.012214355,1.2077856,1.8577857,1.8677857,1.8677857,1.7377857,1.3077856,1.0577856,0.84778565,0.37778565,-0.44221437,-1.0422144,-1.2822144,-1.7822144,-2.6422143,-3.7222145,-5.1522145,-6.802214,-7.2722144,-8.102215,-8.732214,-8.452214,-7.6522145,-7.222214,-6.8322144,-6.8922143,-6.3422146,-6.012214,-4.4822145,-1.6222143,0.66778564,0.06778564,0.5777857,-0.062214356,-1.0322144,-0.43221435
-6.6022143,-6.9122143,-6.6122146,-5.2522144,-2.4522142,-1.7522143,-3.4222143,-4.532214,-3.1422143,-4.2522144,-3.1722143,-2.4522142,-3.8322144,-3.3622143,-3.2322145,-3.6722143,1.7577857,-2.8722143,-3.0622144,-2.8622143,-1.9022144,-1.0722144,-0.48221436,0.42778563,1.4277856,2.3377857,2.5977857,2.6677856,2.3077857,1.8477856,1.1577857,0.7477856,0.39778563,-0.16221435,-0.79221433,-1.2722144,-1.8122144,-2.4922144,-3.7522144,-5.282214,-6.4522142,-7.0822144,-8.142215,-8.982214,-8.4222145,-7.0422144,-5.9422145,-5.6222143,-5.4822145,-4.532214,-3.8822143,-2.3022144,-1.6622144,-1.3922143,-2.5722144,-2.3222144,-0.76221436,-0.41221437
-5.8722143,-6.492214,-6.9422145,-6.302214,-3.6222143,-4.9822145,-4.8822145,-4.822214,-4.532214,-2.9822145,-4.0822144,-4.5422144,-1.6122143,-3.1822143,-2.0222144,-3.2122145,-3.5822144,-3.7422144,-3.9822145,-3.7222145,-2.8522143,-1.3622143,-0.24221435,0.51778567,1.3377856,2.2177856,3.0877857,3.3477857,3.0077856,2.5277855,2.0577857,1.2677857,0.7577856,0.37778565,-0.32221437,-1.0222144,-0.9222143,-1.3122144,-2.2122145,-3.5322144,-4.4522142,-5.262214,-6.012214,-6.742214,-7.4022145,-7.2122145,-5.802214,-4.9422145,-4.8422146,-4.2922144,-3.6322143,-2.9922144,-1.8722143,-0.71221435,-0.52221435,-0.82221437,-3.2522144,-0.63221437
-4.3922143,-4.9122143,-6.012214,-2.4822145,-3.8722143,-5.572214,-6.3822145,-5.8822145,-4.9122143,-5.6322145,-6.9322143,-4.6222143,-5.9522142,-4.6322145,-6.1022143,-5.0922146,-5.472214,-6.2322145,-4.822214,-3.6222143,-2.4322143,-1.4422144,-0.20221436,0.6877856,1.3177856,1.8977857,2.6677856,3.2277856,3.4877856,3.2677855,2.5877857,2.0677857,1.4477856,0.97778565,0.34778565,-0.52221435,-0.48221436,-0.5022144,-0.9322144,-1.6722144,-2.3322144,-2.7122145,-2.7422144,-3.0122144,-3.8022144,-4.6722145,-5.052214,-4.8122144,-4.3822145,-4.1822143,-3.9522142,-3.9722145,-3.2822144,-2.1222143,-0.95221436,-0.33221436,0.92778563,-0.32221437
-6.1022143,-5.4622145,-3.9522142,-3.7222145,-6.9422145,-7.072214,-6.472214,-7.7022142,-5.3522143,-6.0222144,-8.612214,-4.472214,-7.0222144,-7.1222143,-5.762214,-5.6922145,-6.2122145,-6.1322145,-5.3922143,-4.3822145,-2.8822143,-1.7922144,-0.60221434,-0.022214355,0.28778565,0.77778566,1.2577857,1.7377857,2.6877856,3.1677856,2.8077857,2.4177856,1.7577857,1.2977856,0.6977856,0.15778564,-0.37221435,-0.082214355,-0.31221434,-0.54221433,-0.9322144,-0.66221434,-0.062214356,0.19778565,-0.07221436,-0.91221434,-1.8122144,-2.7922144,-3.4322143,-3.6922143,-4.012214,-3.8922143,-3.4222143,-2.9122143,-1.9322144,-0.78221434,-0.39221436,-1.5122143
-7.2322145,-5.8822145,-6.2722144,-6.2022142,-4.532214,-6.9522142,-5.6122146,-6.6122146,-2.7322145,-4.0422144,-4.6822143,-3.5122144,-8.562214,-8.552215,-5.0822144,-8.4222145,-8.752214,-7.032214,-4.9522142,-4.9822145,-4.052214,-3.8022144,-2.5422144,-1.2322143,-1.0822144,-1.0422144,0.0077856444,0.36778563,1.1777856,1.6977856,1.9677856,1.8577857,1.5877856,0.84778565,0.64778566,0.21778564,-0.23221436,-0.44221437,-0.032214355,0.06778564,0.18778564,0.6377857,1.1277857,1.1477857,1.2477857,1.4477856,0.97778565,0.097785644,-0.98221433,-1.9722143,-2.4822145,-2.3222144,-2.0622144,-1.8022144,-1.2722144,-0.32221437,0.21778564,-0.51221436
-6.9822145,-6.802214,-6.3722143,-4.9622145,-4.1722145,-5.262214,-4.4822145,-4.1422143,-3.5822144,-6.0422144,-6.4022145,-5.9022145,-6.492214,-6.7322145,-5.822214,-8.752214,-7.492214,-6.5422144,-7.0922146,-7.052214,-5.5922146,-5.3422146,-4.742214,-4.4022145,-3.8322144,-3.7322145,-2.3922143,-1.8122144,-0.96221435,-0.94221437,-0.122214355,0.54778564,0.25778565,-0.07221436,0.047785643,-0.052214354,-0.42221436,-0.59221435,-0.21221435,0.43778566,0.79778564,0.6377857,0.07778564,-0.122214355,0.07778564,0.39778563,0.98778564,1.5277857,1.4577856,0.83778566,-0.20221436,-0.5522144,-0.24221435,0.057785645,0.5777857,1.6377857,1.6577857,0.86778563
-5.7522144,-6.6122146,-5.822214,-5.782214,-4.572214,-5.742214,-5.1022143,-4.6222143,-4.4322143,-5.1922145,-4.1022143,-5.992214,-7.742214,-8.492214,-7.5622144,-6.7722144,-5.1122146,-6.5622144,-6.6122146,-7.1122146,-6.9022145,-6.4022145,-5.6422143,-5.222214,-5.6522145,-4.4822145,-4.1222143,-4.0922146,-3.6022143,-3.1022143,-2.1422143,-1.9922143,-1.3122144,-1.1022143,-0.57221437,-0.51221436,-0.6122143,-0.46221435,-0.062214356,0.35778564,0.67778563,0.6977856,0.8277857,0.17778565,-0.6822144,-0.8622143,-0.46221435,0.28778565,1.6977856,2.7177856,2.5677857,1.8177856,1.4677856,1.6877856,2.1977856,2.8877857,2.8577857,0.24778564
-4.8122144,-5.9622145,-6.5222144,-6.552214,-6.4322143,-3.6022143,-5.6522145,-6.0622144,-6.1022143,-6.3822145,-6.0422144,-6.2122145,-6.472214,-5.4022145,-6.9822145,-5.472214,-7.1422143,-5.8422146,-6.322214,-6.6022143,-6.992214,-6.7722144,-6.8522143,-6.3722143,-5.9222145,-5.1422143,-4.5222144,-4.1722145,-4.322214,-3.9022143,-3.1822143,-2.9522142,-2.5622144,-1.9022144,-1.3122144,-0.70221436,-0.70221436,-0.36221436,-0.012214355,0.53778565,1.0177857,1.7177856,1.8177856,1.5377856,1.2177856,0.55778563,-0.052214354,0.017785644,0.70778567,1.8677857,3.2077856,3.4477856,3.1977856,2.9377856,2.9377856,2.8877857,2.7977858,0.24778564
-4.2522144,-5.2022142,-6.2922144,-5.8122144,-4.052214,-3.9422143,-6.4022145,-8.472215,-7.5022144,-6.7722144,-7.1922145,-6.4422145,-5.4322143,-6.5822144,-7.322214,-3.8722143,-4.1222143,-6.3322144,-5.972214,-6.3122144,-6.8622146,-7.2722144,-7.242214,-7.0222144,-7.032214,-6.4522142,-6.1822143,-5.5622144,-5.222214,-4.822214,-4.572214,-3.7122145,-3.3722143,-3.0722144,-2.5622144,-1.8722143,-1.0022143,-0.40221435,0.43778566,1.4477856,2.5977857,3.1177857,3.0477858,3.0277855,2.9977856,2.8977857,2.4577856,1.7777857,1.1577857,1.2877856,2.0077856,3.0177855,3.7477856,3.7877855,3.1477857,2.7577856,1.8277856,-0.40221435
-3.2522144,-4.4522142,-5.1522145,-5.5622144,-5.1522145,-5.3722143,-7.1822143,-6.5922146,-4.972214,-6.1222143,-7.322214,-7.4022145,-6.0222144,-6.8422146,-7.3722143,-6.572214,-6.0922146,-7.1622143,-7.512214,-7.7122145,-8.392215,-9.252214,-9.402214,-9.592215,-9.212214,-9.012215,-7.9022145,-7.4222145,-6.6422143,-6.2922144,-5.242214,-5.1622143,-4.3322144,-3.0522144,-2.3222144,-1.2822144,-0.29221436,0.91778564,1.8677857,2.2477856,2.2377856,2.0277855,2.0277855,2.2177856,2.4277856,2.8077857,3.3977857,3.6477857,3.3777857,2.7077856,2.1977856,2.3977857,3.2177856,3.9077857,3.7277856,2.9477856,1.5677856,-1.3222144
-1.7922144,-3.4222143,-4.322214,-5.3622146,-5.762214,-6.3822145,-7.1622143,-2.6322143,-5.262214,-7.0622144,-7.742214,-9.202214,-9.532214,-8.032214,-4.3322144,-5.2022142,-8.612214,-9.642215,-9.782214,-10.102215,-10.392215,-10.802215,-10.742214,-10.462214,-9.722215,-9.312214,-8.992214,-8.462214,-8.082214,-7.5422144,-7.1622143,-6.4522142,-5.6922145,-4.9322143,-4.1522145,-3.7122145,-2.7122145,-1.7122144,-0.88221437,-0.27221435,0.25778565,0.53778565,0.8277857,1.1177857,1.5577856,1.9977857,2.5377855,3.0577857,3.7177856,4.3377857,4.4777856,3.7877855,3.3377857,3.7077856,3.8577857,3.4577856,2.3077857,-0.082214355
-0.22221436,-2.0422144,-3.5822144,-4.6722145,-5.4422145,-6.0422144,-4.9222145,-2.3322144,-3.1722143,-5.8322144,-7.5222144,-6.7522144,-5.2722144,-5.572214,-9.412214,-9.9222145,-10.382215,-10.602215,-10.602215,-10.222215,-9.772214,-9.162214,-8.562214,-7.9122143,-7.3322144,-7.1422143,-6.8322144,-6.9122143,-7.3822145,-7.032214,-6.8122144,-6.6122146,-6.6322145,-6.5622144,-6.4122143,-6.2022142,-5.6122146,-4.972214,-4.2522144,-3.4322143,-2.6022143,-1.9322144,-1.3622143,-0.8622143,-0.51221436,-0.0022143554,0.6377857,1.4177856,2.4477856,3.5877857,4.4377856,5.3277855,5.6877856,5.1477857,4.677786,3.8977857,3.2577856,1.9977857
0.98778564,-1.6422143,-3.0422144,-3.7122145,-4.262214,-3.7922144,-1.9922143,-1.4522144,-4.992214,-6.0422144,-6.9022145,-7.5922146,-9.012215,-9.802215,-9.942214,-9.452214,-9.262215,-8.972215,-8.822214,-8.442214,-8.162214,-8.042214,-7.532214,-7.0022144,-6.2122145,-5.6622143,-4.9822145,-4.8322144,-4.782214,-4.8922143,-4.8722143,-4.9422145,-5.0622144,-5.1222143,-5.4022145,-5.3422146,-5.2322145,-4.6822143,-4.0422144,-3.2822144,-2.5122144,-2.0622144,-1.6422143,-1.3222144,-0.95221436,-0.60221434,-0.032214355,0.6877856,1.4477856,2.3177857,3.4377856,4.527786,5.5777855,6.697786,6.7077856,5.237786,3.3977857,0.53778565
1.9277856,-0.032214355,-2.2822144,-3.0622144,-4.4822145,-4.4122143,-3.3322144,-4.6322145,-6.8722143,-5.5222144,-6.5922146,-7.6522145,-8.592215,-8.442214,-8.602215,-8.452214,-8.452214,-8.332214,-8.092215,-7.7922144,-7.322214,-7.2022142,-6.9322143,-6.7322145,-6.0422144,-5.3622146,-4.9822145,-4.3122144,-3.8522143,-3.7022142,-3.7222145,-3.7822144,-4.0222144,-4.052214,-4.3622146,-4.4222145,-4.5622144,-4.3622146,-4.262214,-4.072214,-3.6322143,-3.0722144,-2.3422143,-1.6922144,-1.2122144,-0.9322144,-0.6122143,-0.18221435,0.70778567,1.9077857,3.2077856,4.1877856,5.0677857,5.9177856,6.7677855,6.4377856,4.027786,0.90778565
2.9077857,0.5677856,-1.6322143,-2.9422143,-4.3122144,-4.1222143,-4.3722143,-5.1022143,-7.7322145,-3.3822143,-5.552214,-6.532214,-7.0022144,-7.2522144,-7.4022145,-7.5622144,-7.6322145,-7.1222143,-6.6622143,-6.1522145,-5.6922145,-5.6022143,-5.802214,-6.1722145,-6.1222143,-5.2722144,-4.1422143,-3.0822144,-2.2622144,-2.7022142,-3.1522143,-3.7822144,-4.3922143,-5.3822145,-5.8122144,-5.992214,-5.9222145,-5.8822145,-5.6022143,-5.262214,-5.0422144,-4.822214,-4.4322143,-3.9222143,-3.3822143,-2.6422143,-1.9522144,-1.0922143,-0.14221436,0.9377856,2.4677856,4.1477857,5.3077855,5.757786,6.1677856,5.777786,4.2477856,2.5377855
2.7377856,0.9477856,-0.7522144,-1.8222144,-3.8522143,-4.6622143,-5.3822145,-4.8922143,-3.2522144,-3.8122144,-5.4422145,-5.5622144,-5.3522143,-5.7022142,-5.7522144,-5.9222145,-5.7522144,-5.322214,-4.802214,-4.4822145,-4.4822145,-5.222214,-5.9022145,-6.9122143,-7.4022145,-7.012214,-6.1422143,-5.012214,-4.0422144,-4.2022142,-5.4122143,-6.762214,-7.5622144,-7.9222145,-7.8122144,-7.532214,-7.4022145,-7.302214,-7.1322145,-6.8822145,-6.6622143,-6.4422145,-6.4122143,-6.282214,-5.992214,-5.4422145,-4.7122145,-3.7922144,-2.7122145,-1.4822143,0.19778565,2.4877856,4.8077855,6.1877856,6.3077855,5.7677855,4.0977855,2.4577856
2.2077856,1.2977856,0.34778565,-0.29221436,-3.0822144,-3.9922144,-5.4422145,-5.1822143,-4.0922146,-4.5622144,-4.8622146,-4.532214,-4.822214,-5.1222143,-5.9222145,-6.2922144,-5.762214,-4.7722144,-4.3822145,-4.4522142,-4.802214,-5.322214,-6.242214,-7.2522144,-8.262215,-8.722215,-8.662214,-8.722215,-9.022214,-9.502214,-9.902214,-9.352215,-8.772214,-8.552215,-8.742214,-8.522214,-7.9022145,-7.1522145,-6.6222143,-6.8822145,-7.2022142,-7.4222145,-7.4122143,-6.992214,-6.3122144,-5.4222145,-4.3922143,-3.3922143,-2.3822143,-1.4522144,-0.44221437,0.6877856,2.0577857,4.237786,5.9977856,5.8877854,3.5677857,1.5777856
2.5877857,1.9377856,1.1477857,1.0177857,-0.84221435,-1.7222143,-3.3422143,-4.8622146,-4.8822145,-4.492214,-4.4522142,-4.1922145,-4.2022142,-4.1822143,-5.0022144,-5.282214,-4.282214,-4.0022144,-4.242214,-4.1422143,-4.282214,-4.8722143,-5.6522145,-6.3922143,-7.5022144,-8.762215,-10.122214,-10.742214,-11.252214,-11.122214,-10.512215,-9.822214,-9.492214,-9.232214,-8.492214,-7.4622145,-6.9522142,-7.3722143,-8.002214,-8.692214,-8.742214,-8.392215,-7.5822144,-6.4422145,-5.1822143,-3.9622145,-2.8822143,-1.9322144,-1.1122143,-0.33221436,0.34778565,1.0477856,1.8577857,2.4177856,3.4477856,4.8977857,3.8777857,0.15778564
3.7577856,2.8277857,2.2377856,2.5177855,1.0477856,0.70778567,-0.46221435,-2.0022144,-3.7322145,-4.6122146,-4.4522142,-3.6922143,-3.8322144,-4.0822144,-3.5422144,-3.7722144,-3.6822143,-3.4422143,-3.0822144,-3.2022142,-3.9222143,-4.6922145,-5.032214,-5.2922144,-6.072214,-7.492214,-8.632215,-9.892215,-10.592215,-10.742214,-10.332214,-9.392215,-8.432215,-7.3922143,-6.7722144,-7.0222144,-7.972214,-8.782214,-9.112214,-9.132215,-8.342215,-7.1122146,-5.8122144,-4.6222143,-3.5522144,-2.6322143,-1.7722144,-0.91221434,-0.052214354,0.66778564,1.2977856,1.7077856,1.8777857,2.1177857,1.8677857,2.1377857,3.4677856,2.4677856
