wind-weather/data/weather/current/current-temp-isobaric-850hPa-gfs-1.0.json
{"header": {"discipline":0,"disciplineName":"Meteorologicalproducts","gribEdition":2,"gribLength":41641,"center":7,"centerName":"USNationalWeatherService-NCEP(WMC)","subcenter":0,"refTime":"2017-11-24T12:00:00.000Z","significanceOfRT":0,"significanceOfRTName":"Analysis","productStatus":0,"productStatusName":"Operationalproducts","productType":0,"productTypeName":"Analysisproducts","productDefinitionTemplate":0,"productDefinitionTemplateName":"Analysis/forecastathorizontallevel/layeratapointintime","parameterCategory":0,"parameterCategoryName":"Temperature","parameterNumber":0,"parameterNumberName":"Temperature","parameterUnit":"K","genProcessType":0,"genProcessTypeName":"Analysis","forecastTime":0,"surface1Type":100,"surface1TypeName":"Isobaricsurface","surface1Value":85000.0,"surface2Type":255,"surface2TypeName":"Missing","surface2Value":0.0,"gridDefinitionTemplate":0,"gridDefinitionTemplateName":"Latitude_Longitude","numberPoints":65160,"shape":6,"shapeName":"Earthsphericalwithradiusof6,371,229.0m","gridUnits":"degrees","resolution":48,"winds":"true","scanMode":0,"nx":360,"ny":181,"basicAngle":0,"lo1":0.0,"la1":90.0,"lo2":359.0,"la2":-90.0,"dx":1.0,"dy":1.0}, "data":
[rows 26 to 51 of 181, columns 240 to 299 of 360]
254.87236,254.97237,254.97237,255.17236,255.27237,255.67236,255.77237,255.67236,255.47237,255.57236,255.57236,255.87236,256.27237,256.47235,256.67236,256.97235,257.07236,257.17236,257.37238,257.37238,257.17236,257.17236,257.27237,257.37238,257.27237,256.97235,255.97237,255.37236,255.57236,256.27237,256.87238,256.87238,256.87238,256.67236,256.47235,256.37238,256.37238,256.67236,257.07236,257.37238,257.67236,257.77237,257.67236,257.27237,257.27237,257.47235,257.67236,257.87238,258.07236,258.27237,258.37238,258.67236,259.37238,260.07236,260.87238,261.77237,262.97235,263.67236,264.67236,265.87238
256.17236,256.07236,255.77237,255.87236,256.17236,256.37238,256.27237,255.87236,255.57236,255.17236,255.57236,255.57236,256.07236,256.37238,256.67236,256.87238,257.07236,256.97235,257.07236,257.07236,257.07236,257.17236,257.27237,257.37238,257.07236,256.47235,255.87236,255.47237,256.07236,256.67236,257.27237,257.87238,258.47235,258.77237,258.07236,257.37238,256.97235,256.67236,256.67236,256.97235,257.07236,256.77237,256.77237,257.47235,257.67236,257.87238,258.07236,257.87238,257.87238,258.07236,257.97235,258.17236,258.17236,259.27237,260.07236,260.97235,262.07236,262.97235,263.87238,265.27237
257.37238,256.87238,257.07236,257.17236,257.47235,257.37238,256.97235,256.57236,256.17236,255.57236,255.17236,255.17236,255.47237,255.67236,255.87236,256.37238,256.57236,256.87238,256.97235,256.87238,256.67236,256.87238,256.87238,257.17236,257.27237,257.47235,257.27237,257.27237,257.87238,258.57236,258.87238,258.87238,258.77237,258.57236,258.27237,258.17236,257.87238,257.47235,256.77237,256.57236,256.87238,256.97235,257.17236,257.47235,257.57236,257.57236,257.77237,257.97235,258.07236,257.87238,257.77237,257.87238,258.37238,259.17236,259.87238,260.37238,261.47235,262.57236,263.77237,265.87238
258.07236,258.17236,257.67236,257.47235,257.47235,256.97235,257.17236,257.57236,257.17236,256.27237,255.67236,255.37236,255.37236,255.27237,255.07236,255.07236,255.47237,256.07236,256.47235,256.77237,256.97235,257.07236,257.07236,257.17236,257.27237,257.57236,257.77237,258.17236,258.37238,258.47235,257.97235,257.87238,257.87238,257.77237,257.67236,257.47235,257.97235,258.07236,257.67236,256.97235,256.67236,256.97235,257.17236,257.37238,257.37238,256.97235,256.57236,256.67236,256.87238,257.17236,257.17236,256.97235,257.37238,258.47235,259.47235,260.07236,261.47235,263.17236,264.97235,266.57236
260.17236,259.57236,259.27237,258.67236,257.97235,257.87238,257.77237,258.47235,257.87238,257.57236,257.27237,256.97235,256.27237,255.77237,255.27237,255.07236,255.07236,255.17236,255.27237,255.47237,255.87236,256.17236,256.67236,257.27237,257.57236,257.67236,257.97235,258.07236,258.07236,258.17236,257.27237,256.37238,256.47235,256.77237,256.77237,256.87238,257.17236,257.57236,257.67236,257.27237,256.77237,256.67236,257.07236,257.17236,257.07236,256.67236,256.27237,255.87236,255.87236,256.17236,256.67236,256.97235,257.07236,257.57236,258.77237,259.47235,261.37238,263.67236,265.47235,266.77237
264.17236,263.37238,261.97235,260.67236,260.87238,260.07236,259.27237,259.67236,259.67236,259.37238,258.87238,255.07236,256.27237,255.57236,255.87236,255.67236,255.17236,255.07236,254.47237,254.47237,254.37236,254.47237,254.87236,255.37236,255.77237,255.97237,256.17236,256.37238,256.67236,257.07236,257.67236,257.87238,257.27237,256.37238,256.17236,256.27237,256.67236,256.87238,256.87238,256.67236,256.77237,256.77237,256.67236,256.77237,256.87238,256.47235,255.77237,255.37236,255.37236,255.67236,255.97237,256.07236,256.47235,257.27237,257.57236,257.37238,258.97235,262.57236,264.67236,266.47235
266.47235,265.67236,265.47235,264.67236,264.27237,263.27237,262.27237,260.37238,261.77237,260.67236,258.77237,256.97235,255.57236,256.07236,255.27237,255.87236,255.97237,255.77237,255.77237,255.37236,254.87236,254.47237,254.27237,254.47237,254.67236,254.87236,254.97237,255.27237,255.67236,256.17236,256.77237,257.47235,257.77237,257.67236,257.07236,255.67236,254.77237,254.77237,255.07236,255.77237,256.37238,256.77237,257.27237,257.17236,257.07236,256.47235,255.97237,255.37236,255.17236,255.37236,255.47237,255.77237,256.07236,256.47235,256.67236,256.47235,257.57236,261.77237,263.17236,264.17236
267.47235,267.17236,265.17236,265.17236,265.47235,266.27237,267.87238,266.17236,262.57236,261.07236,260.87238,259.17236,256.07236,255.47237,255.97237,256.17236,255.87236,255.67236,255.97237,255.37236,255.17236,254.97237,255.27237,255.37236,255.17236,255.37236,255.47237,255.77237,256.07236,256.47235,257.07236,257.47235,257.57236,257.67236,257.57236,257.37238,257.07236,255.97237,255.07236,255.07236,255.47237,256.27237,256.77237,257.17236,257.67236,257.17236,256.77237,255.97237,255.67236,255.57236,255.67236,255.87236,256.17236,256.67236,256.97235,257.07236,258.17236,259.27237,261.57236,263.17236
270.37238,270.27237,269.87238,269.27237,269.27237,269.07236,268.67236,267.87238,265.97235,266.07236,262.77237,261.47235,258.47235,258.67236,258.27237,256.77237,257.47235,258.37238,257.77237,256.77237,256.67236,256.27237,256.77237,256.87238,257.27237,257.57236,257.57236,257.47235,257.47235,257.57236,257.67236,257.97235,257.87238,257.97235,258.17236,257.87238,257.67236,257.27237,257.07236,256.87238,256.77237,256.67236,256.47235,257.07236,257.37238,257.57236,257.47235,256.67236,256.17236,255.67236,255.57236,256.07236,256.67236,257.07236,257.47235,257.97235,258.17236,259.17236,261.07236,262.37238
272.27237,272.47235,271.97235,271.57236,270.87238,270.97235,271.07236,271.17236,270.37238,269.57236,268.87238,265.97235,263.57236,260.77237,259.37238,259.67236,259.37238,259.87238,259.87238,260.27237,260.07236,259.97235,260.67236,260.27237,260.17236,260.17236,260.57236,260.47235,260.47235,260.27237,260.07236,259.67236,259.27237,259.27237,258.47235,258.57236,258.77237,258.27237,257.67236,257.27237,257.07236,256.67236,256.97235,257.17236,257.17236,257.47235,257.67236,257.17236,256.27237,255.87236,255.57236,255.77237,256.27237,256.57236,257.17236,257.87238,258.17236,259.57236,260.37238,261.47235
271.77237,271.67236,273.47235,274.47235,274.17236,273.67236,273.57236,273.57236,273.17236,271.87238,270.67236,270.17236,268.37238,266.67236,266.87238,261.87238,262.37238,262.37238,262.17236,262.77237,263.57236,264.97235,266.17236,266.37238,266.37238,265.47235,264.57236,264.17236,264.17236,263.77237,263.07236,263.17236,262.57236,261.47235,260.47235,260.27237,259.97235,259.27237,258.57236,257.57236,256.97235,256.27237,256.67236,257.37238,257.27237,257.37238,257.27237,256.97235,256.37238,255.87236,255.87236,255.77237,255.67236,255.97237,256.67236,257.47235,258.17236,258.97235,259.47235,260.47235
271.27237,269.97235,271.57236,271.37238,275.77237,276.77237,275.77237,275.57236,275.17236,274.57236,273.87238,271.97235,270.97235,271.17236,270.37238,270.47235,269.47235,266.37238,267.47235,266.67236,267.17236,268.07236,268.97235,269.27237,268.87238,267.97235,268.37238,268.67236,269.17236,268.97235,268.37238,266.77237,265.87238,265.27237,263.47235,262.27237,261.37238,260.57236,259.67236,258.77237,257.77237,257.37238,257.67236,257.27237,256.87238,256.77237,256.67236,256.37238,256.07236,255.97237,255.47237,255.27237,255.17236,255.07236,256.47235,257.57236,258.27237,258.77237,259.47235,260.07236
271.37238,269.47235,268.97235,271.17236,272.37238,277.07236,278.47235,278.57236,277.17236,275.97235,275.37238,274.67236,273.37238,272.47235,272.27237,272.37238,272.17236,271.87238,271.57236,271.17236,271.97235,271.57236,271.07236,270.97235,271.97235,272.87238,271.27237,270.87238,270.97235,271.07236,270.67236,270.07236,269.27237,267.97235,266.77237,265.57236,263.67236,262.37238,261.07236,260.27237,259.27237,258.67236,257.67236,256.67236,256.97235,256.67236,256.57236,255.77237,255.57236,254.77237,255.17236,255.17236,254.57236,254.97237,257.27237,258.47235,259.17236,259.67236,259.97235,260.57236
270.87238,271.77237,269.17236,270.57236,269.77237,274.37238,277.67236,278.67236,278.77237,277.27237,276.67236,276.37238,275.77237,275.47235,274.87238,274.27237,273.67236,274.27237,274.07236,274.07236,274.47235,274.27237,274.17236,274.27237,274.87238,275.17236,273.27237,272.67236,272.77237,272.17236,271.47235,271.87238,271.97235,271.07236,270.57236,269.27237,267.67236,265.77237,263.67236,261.97235,260.77237,259.97235,259.17236,258.07236,256.87238,256.37238,256.37238,255.57236,254.97237,255.17236,254.67236,255.37236,254.67236,255.37236,257.67236,259.17236,260.47235,260.77237,260.87238,261.27237
272.27237,270.57236,274.07236,270.37238,270.57236,270.17236,274.47235,277.87238,277.97235,277.77237,277.47235,277.57236,277.87238,277.87238,277.27237,276.77237,276.27237,275.67236,275.97235,275.97235,276.27237,276.37238,276.47235,276.27237,276.87238,277.57236,274.47235,274.77237,275.37238,275.87238,276.87238,276.67236,274.87238,272.87238,272.37238,271.87238,270.57236,268.97235,267.27237,264.77237,262.97235,261.27237,259.87238,259.07236,258.27237,257.47235,256.77237,256.57236,256.17236,255.97237,255.47237,256.37238,256.57236,258.37238,259.47235,261.17236,261.67236,260.87238,261.17236,262.07236
271.97235,274.17236,272.87238,269.77237,270.37238,271.87238,272.47235,275.27237,276.77237,276.27237,277.07236,276.37238,276.97235,277.87238,277.77237,277.57236,277.27237,277.27237,277.57236,277.37238,277.47235,277.27237,277.97235,277.97235,278.77237,278.87238,278.97235,278.77237,277.57236,277.77237,278.27237,279.77237,278.37238,277.07236,273.67236,272.67236,272.27237,270.87238,269.07236,268.07236,266.17236,264.17236,262.17236,260.27237,259.87238,258.77237,258.07236,257.57236,257.07236,257.07236,257.67236,258.37238,258.87238,259.37238,261.67236,262.57236,262.77237,262.37238,263.07236,263.17236
273.77237,273.27237,273.47235,272.57236,272.67236,271.87238,273.87238,273.57236,277.27237,277.47235,277.37238,277.47235,277.97235,277.47235,276.87238,276.67236,276.87238,276.77237,277.57236,277.57236,278.57236,279.87238,280.77237,280.17236,281.27237,282.57236,284.07236,284.37238,284.47235,284.67236,285.37238,285.37238,284.27237,280.47235,275.77237,274.37238,274.07236,270.77237,268.87238,268.27237,267.37238,266.37238,264.87238,262.87238,261.47235,260.97235,260.57236,260.07236,259.27237,257.77237,259.27237,260.47235,260.67236,262.07236,262.87238,263.47235,264.37238,264.27237,263.77237,263.87238
274.27237,274.67236,274.87238,273.77237,272.67236,273.87238,274.47235,273.77237,276.47235,275.37238,277.57236,277.67236,278.77237,278.87238,279.37238,280.17236,280.47235,280.77237,280.97235,281.37238,281.67236,281.77237,282.67236,283.57236,283.17236,284.67236,285.37238,285.27237,285.67236,286.67236,286.57236,286.07236,286.27237,284.67236,283.77237,280.17236,275.07236,272.87238,271.47235,268.47235,268.27237,267.77237,266.37238,265.07236,263.77237,262.97235,262.77237,262.87238,263.97235,263.97235,263.17236,263.77237,264.47235,263.97235,264.87238,265.87238,265.67236,265.87238,265.67236,264.97235
274.87238,275.07236,272.37238,274.07236,275.37238,273.77237,274.77237,275.47235,277.27237,275.77237,278.17236,279.57236,280.97235,281.77237,281.77237,281.27237,281.07236,281.17236,281.57236,282.47235,282.97235,284.27237,285.57236,286.37238,286.57236,286.97235,286.97235,287.17236,286.77237,287.07236,287.27237,287.07236,286.37238,285.07236,283.27237,281.07236,279.87238,277.77237,275.37238,273.07236,271.77237,270.47235,268.47235,265.97235,265.77237,265.97235,266.27237,265.97235,265.57236,264.97235,265.17236,264.97235,265.57236,266.67236,266.67236,266.37238,266.57236,266.57236,266.97235,267.27237
273.27237,273.67236,275.47235,277.27237,277.67236,278.87238,279.77237,280.77237,279.97235,280.77237,282.17236,281.07236,280.67236,282.97235,283.27237,282.47235,282.97235,282.97235,284.07236,285.67236,286.57236,287.77237,287.77237,288.77237,289.47235,289.27237,289.27237,288.97235,288.27237,287.57236,286.87238,286.07236,285.37238,283.87238,282.57236,282.07236,282.57236,280.97235,279.07236,277.87238,274.87238,271.87238,270.17236,268.67236,267.87238,267.17236,267.07236,266.57236,267.37238,267.17236,268.07236,268.57236,268.37238,268.27237,267.77237,267.07236,268.77237,269.27237,269.07236,269.27237
274.67236,275.07236,278.57236,279.27237,279.57236,280.37238,281.87238,281.67236,280.87238,281.67236,282.17236,284.77237,282.87238,284.07236,283.97235,286.27237,284.27237,289.57236,290.47235,290.17236,289.77237,289.77237,289.97235,290.17236,290.07236,290.27237,289.27237,288.57236,287.97235,286.87238,285.87238,285.07236,284.47235,282.97235,281.87238,282.37238,281.87238,281.47235,279.57236,278.87238,277.87238,273.37238,271.77237,270.67236,268.27237,268.17236,267.67236,268.57236,268.57236,270.27237,270.67236,269.67236,269.07236,269.27237,269.27237,269.77237,270.37238,270.07236,270.07236,270.37238
277.97235,279.07236,279.87238,280.87238,281.87238,281.37238,281.27237,281.47235,280.37238,280.37238,281.17236,286.27237,284.47235,284.47235,284.07236,285.97235,287.97235,288.67236,287.37238,287.97235,289.37238,290.07236,290.77237,290.37238,290.37238,289.87238,288.97235,288.07236,286.97235,285.97235,285.07236,284.07236,283.57236,282.67236,282.47235,282.57236,282.27237,281.47235,279.87238,277.37238,276.27237,274.77237,274.27237,272.27237,270.67236,268.97235,269.87238,269.57236,271.77237,271.57236,271.17236,271.67236,271.67236,271.77237,271.67236,271.77237,272.27237,271.87238,272.07236,272.57236
280.67236,282.07236,281.47235,281.67236,280.97235,280.87238,282.37238,283.67236,283.07236,282.57236,281.97235,280.57236,282.67236,282.57236,283.67236,288.47235,289.07236,289.07236,288.67236,288.97235,289.67236,289.97235,291.07236,291.07236,290.47235,290.27237,288.97235,287.87238,286.57236,285.37238,284.07236,283.37238,283.07236,282.97235,282.87238,282.57236,281.47235,279.67236,277.97235,276.27237,274.67236,274.57236,274.07236,272.87238,271.67236,271.37238,273.07236,272.57236,273.17236,272.57236,273.27237,273.87238,274.07236,274.07236,274.07236,273.87238,273.67236,273.27237,273.67236,274.37238
280.17236,282.77237,283.67236,283.67236,282.37238,282.27237,285.17236,285.57236,286.27237,284.07236,284.97235,282.37238,281.27237,282.07236,284.37238,288.47235,288.57236,291.57236,292.37238,291.07236,291.27237,291.47235,290.87238,290.87238,290.87238,289.77237,288.57236,287.07236,285.77237,284.57236,283.67236,283.17236,283.07236,283.07236,282.27237,280.87238,279.27237,277.97235,276.77237,275.47235,274.67236,274.87238,274.67236,274.07236,273.87238,273.57236,273.77237,274.07236,274.57236,274.87238,275.27237,275.37238,275.37238,275.57236,275.47235,275.07236,274.87238,273.67236,274.47235,274.57236
281.27237,284.37238,285.07236,284.77237,285.67236,284.67236,286.77237,287.07236,286.37238,284.07236,283.67236,284.47235,282.27237,283.77237,281.17236,289.87238,289.47235,289.77237,293.87238,292.97235,291.77237,290.57236,290.07236,290.47235,290.07236,289.07236,287.37238,285.97235,284.97235,284.17236,283.47235,283.67236,283.67236,282.97235,281.57236,279.87238,278.27237,277.37238,276.77237,276.27237,275.67236,275.87238,275.37238,274.67236,274.67236,275.07236,276.07236,276.47235,276.47235,276.47235,276.57236,276.87238,276.67236,275.97235,275.77237,273.57236,274.47235,275.57236,276.47235,276.57236
281.27237,284.77237,288.27237,287.97235,287.77237,287.17236,286.77237,285.17236,287.67236,286.77237,286.27237,283.97235,282.47235,282.87238,283.47235,286.67236,291.37238,288.87238,292.47235,292.97235,293.67236,292.77237,291.87238,290.57236,289.27237,287.67236,286.87238,285.47235,284.67236,284.07236,283.97235,284.27237,283.67236,281.97235,279.97235,279.07236,278.27237,277.97235,277.57236,277.27237,276.97235,276.67236,275.57236,275.57236,276.37238,276.87238,277.47235,277.57236,277.67236,277.97235,277.97235,277.67236,273.97235,273.47235,273.87238,274.47235,274.97235,276.47235,276.97235,277.77237
