wind-weather/data/weather/current/current-temp-isobaric-70hPa-gfs-1.0.json
{"header": {"discipline":0,"disciplineName":"Meteorologicalproducts","gribEdition":2,"gribLength":26304,"center":7,"centerName":"USNationalWeatherService-NCEP(WMC)","subcenter":0,"refTime":"2017-11-24T12:00:00.000Z","significanceOfRT":0,"significanceOfRTName":"Analysis","productStatus":0,"productStatusName":"Operationalproducts","productType":0,"productTypeName":"Analysisproducts","productDefinitionTemplate":0,"productDefinitionTemplateName":"Analysis/forecastathorizontallevel/layeratapointintime","parameterCategory":0,"parameterCategoryName":"Temperature","parameterNumber":0,"parameterNumberName":"Temperature","parameterUnit":"K","genProcessType":0,"genProcessTypeName":"Analysis","forecastTime":0,"surface1Type":100,"surface1TypeName":"Isobaricsurface","surface1Value":7000.0,"surface2Type":255,"surface2TypeName":"Missing","surface2Value":0.0,"gridDefinitionTemplate":0,"gridDefinitionTemplateName":"Latitude_Longitude","numberPoints":65160,"shape":6,"shapeName":"Earthsphericalwithradiusof6,371,229.0m","gridUnits":"degrees","resolution":48,"winds":"true","scanMode":0,"nx":360,"ny":181,"basicAngle":0,"lo1":0.0,"la1":90.0,"lo2":359.0,"la2":-90.0,"dx":1.0,"dy":1.0}, "data":
[rows 0 to 33 of 181, columns 77 to 153 of 360]
201.9,201.9,201.9,201.9,201.9,201.9,201.9,201.9,201.9,201.9,201.9,201.9,201.9,201.9,201.9,201.9,201.9,201.9,201.9,201.9,201.9,201.9,201.9,201.9,201.9,201.9,201.9,201.9,201.9,201.9,201.9,201.9,201.9,201.9,201.9,201.9,201.9,201.9,201.9,201.9,201.9,201.9,201.9,201.9,201.9,201.9,201.9,201.9,201.9,201.9,201.9,201.9,201.9,201.9,201.9,201.9,201.9,201.9,201.9,201.9,201.9,201.9,201.9,201.9,201.9,201.9,201.9,201.9,201.9,201.9,201.9,201.9,201.9,201.9,201.9,201.9,201.9
201.8,201.8,201.9,201.9,201.9,201.9,201.9,201.9,201.9,201.9,201.9,202.0,202.0,202.0,202.0,202.0,202.0,202.0,202.0,202.1,202.1,202.1,202.1,202.1,202.1,202.1,202.1,202.1,202.1,202.2,202.2,202.2,202.2,202.2,202.2,202.2,202.2,202.2,202.2,202.3,202.3,202.3,202.3,202.3,202.3,202.3,202.3,202.3,202.3,202.3,202.3,202.4,202.4,202.4,202.4,202.4,202.4,202.4,202.4,202.4,202.4,202.4,202.4,202.4,202.4,202.4,202.5,202.5,202.5,202.5,202.5,202.5,202.5,202.5,202.5,202.5,202.5
201.9,201.9,201.9,201.9,201.9,202.0,202.0,202.0,202.0,202.1,202.1,202.1,202.1,202.1,202.2,202.2,202.2,202.2,202.2,202.3,202.3,202.3,202.3,202.4,202.4,202.4,202.4,202.4,202.5,202.5,202.5,202.5,202.5,202.6,202.6,202.6,202.6,202.6,202.6,202.7,202.7,202.7,202.7,202.7,202.7,202.8,202.8,202.8,202.8,202.8,202.8,202.8,202.9,202.9,202.9,202.9,202.9,202.9,202.9,203.0,203.0,203.0,203.0,203.0,203.0,203.0,203.0,203.0,203.0,203.1,203.1,203.1,203.1,203.1,203.1,203.1,203.1
202.0,202.0,202.0,202.1,202.1,202.1,202.2,202.2,202.2,202.3,202.3,202.3,202.4,202.4,202.4,202.5,202.5,202.5,202.6,202.6,202.6,202.7,202.7,202.7,202.7,202.8,202.8,202.8,202.9,202.9,202.9,203.0,203.0,203.0,203.0,203.1,203.1,203.1,203.2,203.2,203.2,203.2,203.3,203.3,203.3,203.3,203.4,203.4,203.4,203.4,203.5,203.5,203.5,203.5,203.6,203.6,203.6,203.6,203.6,203.7,203.7,203.7,203.7,203.7,203.7,203.8,203.8,203.8,203.8,203.8,203.8,203.8,203.9,203.9,203.9,203.9,203.9
202.1,202.2,202.2,202.3,202.3,202.3,202.4,202.4,202.5,202.5,202.6,202.6,202.6,202.7,202.7,202.8,202.8,202.8,202.9,202.9,203.0,203.0,203.0,203.1,203.1,203.2,203.2,203.2,203.3,203.3,203.4,203.4,203.4,203.5,203.5,203.6,203.6,203.6,203.7,203.7,203.7,203.8,203.8,203.8,203.9,203.9,203.9,204.0,204.0,204.0,204.1,204.1,204.1,204.2,204.2,204.2,204.2,204.3,204.3,204.3,204.4,204.4,204.4,204.4,204.5,204.5,204.5,204.5,204.5,204.6,204.6,204.6,204.6,204.6,204.6,204.7,204.7
202.3,202.4,202.4,202.5,202.5,202.6,202.6,202.7,202.7,202.8,202.8,202.9,202.9,203.0,203.0,203.1,203.1,203.2,203.2,203.3,203.3,203.4,203.5,203.5,203.6,203.6,203.7,203.7,203.8,203.8,203.9,203.9,204.0,204.0,204.1,204.1,204.1,204.2,204.2,204.3,204.3,204.4,204.4,204.5,204.5,204.6,204.6,204.7,204.7,204.7,204.8,204.8,204.9,204.9,204.9,205.0,205.0,205.0,205.1,205.1,205.2,205.2,205.2,205.3,205.3,205.3,205.3,205.4,205.4,205.4,205.4,205.5,205.5,205.5,205.5,205.6,205.6
202.5,202.6,202.6,202.7,202.7,202.8,202.8,202.9,202.9,203.0,203.1,203.1,203.2,203.2,203.3,203.4,203.4,203.5,203.5,203.6,203.7,203.7,203.8,203.9,203.9,204.0,204.0,204.1,204.2,204.2,204.3,204.3,204.4,204.5,204.5,204.6,204.6,204.7,204.8,204.8,204.9,204.9,205.0,205.0,205.1,205.2,205.2,205.3,205.3,205.4,205.4,205.5,205.5,205.5,205.6,205.6,205.7,205.7,205.8,205.8,205.9,205.9,205.9,206.0,206.0,206.0,206.1,206.1,206.1,206.2,206.2,206.2,206.3,206.3,206.3,206.3,206.4
202.7,202.7,202.8,202.8,202.9,203.0,203.0,203.1,203.1,203.2,203.3,203.3,203.4,203.5,203.5,203.6,203.7,203.8,203.8,203.9,204.0,204.0,204.1,204.2,204.3,204.3,204.4,204.5,204.6,204.6,204.7,204.8,204.9,204.9,205.0,205.1,205.2,205.2,205.3,205.4,205.4,205.5,205.6,205.6,205.7,205.8,205.8,205.9,206.0,206.0,206.1,206.1,206.2,206.2,206.3,206.3,206.4,206.4,206.5,206.5,206.6,206.6,206.7,206.7,206.8,206.8,206.9,206.9,207.0,207.0,207.0,207.1,207.1,207.1,207.2,207.2,207.2
202.8,202.9,203.0,203.0,203.1,203.2,203.2,203.3,203.4,203.4,203.5,203.6,203.7,203.7,203.8,203.9,204.0,204.0,204.1,204.2,204.3,204.4,204.4,204.5,204.6,204.7,204.8,204.9,205.0,205.0,205.1,205.2,205.3,205.4,205.5,205.6,205.7,205.8,205.8,205.9,206.0,206.1,206.2,206.2,206.3,206.4,206.5,206.5,206.6,206.7,206.7,206.8,206.8,206.9,206.9,207.0,207.1,207.1,207.2,207.2,207.3,207.3,207.4,207.4,207.5,207.5,207.6,207.6,207.7,207.8,207.8,207.9,207.9,208.0,208.0,208.1,208.1
203.0,203.1,203.1,203.2,203.3,203.4,203.4,203.5,203.6,203.7,203.7,203.8,203.9,204.0,204.1,204.2,204.2,204.3,204.4,204.5,204.6,204.7,204.8,204.9,205.0,205.1,205.2,205.3,205.4,205.5,205.6,205.7,205.7,205.9,205.9,206.0,206.1,206.2,206.3,206.4,206.5,206.6,206.7,206.7,206.8,206.9,207.0,207.0,207.1,207.2,207.3,207.3,207.4,207.4,207.5,207.6,207.6,207.7,207.8,207.8,207.9,208.0,208.0,208.1,208.2,208.2,208.3,208.4,208.4,208.5,208.5,208.6,208.7,208.7,208.8,208.8,208.9
203.4,203.4,203.5,203.5,203.6,203.7,203.7,203.8,203.9,204.0,204.0,204.1,204.2,204.3,204.3,204.4,204.5,204.6,204.7,204.8,204.9,205.0,205.1,205.2,205.3,205.4,205.5,205.6,205.7,205.8,206.0,206.1,206.2,206.3,206.4,206.5,206.6,206.7,206.8,206.9,207.0,207.1,207.2,207.3,207.4,207.5,207.5,207.6,207.7,207.8,207.9,208.0,208.0,208.1,208.2,208.2,208.3,208.4,208.5,208.5,208.6,208.7,208.8,208.9,209.0,209.0,209.1,209.2,209.3,209.3,209.4,209.5,209.6,209.6,209.7,209.8,209.8
203.7,203.7,203.8,203.8,203.9,203.9,204.0,204.1,204.1,204.2,204.3,204.3,204.4,204.5,204.6,204.7,204.8,204.9,205.0,205.0,205.1,205.2,205.3,205.4,205.5,205.6,205.8,205.9,206.0,206.1,206.2,206.3,206.5,206.6,206.7,206.8,206.9,207.1,207.2,207.3,207.4,207.5,207.6,207.7,207.9,208.0,208.1,208.2,208.3,208.4,208.5,208.5,208.6,208.7,208.8,208.9,209.0,209.1,209.2,209.3,209.4,209.5,209.6,209.7,209.8,209.9,210.0,210.0,210.1,210.2,210.3,210.4,210.5,210.6,210.7,210.7,210.8
204.1,204.2,204.2,204.2,204.3,204.3,204.4,204.5,204.5,204.6,204.6,204.7,204.8,204.9,205.0,205.0,205.1,205.2,205.3,205.4,205.5,205.6,205.8,205.9,206.0,206.1,206.2,206.3,206.4,206.5,206.6,206.7,206.9,207.0,207.1,207.2,207.4,207.5,207.6,207.8,207.9,208.1,208.2,208.3,208.4,208.6,208.7,208.8,208.9,209.0,209.1,209.2,209.3,209.4,209.6,209.7,209.8,209.9,210.0,210.1,210.3,210.4,210.5,210.6,210.7,210.9,211.0,211.1,211.2,211.3,211.4,211.5,211.6,211.7,211.8,211.9,212.0
204.6,204.6,204.6,204.7,204.7,204.7,204.8,204.8,204.9,204.9,205.0,205.1,205.1,205.2,205.3,205.4,205.5,205.5,205.6,205.7,205.8,205.9,206.1,206.2,206.3,206.4,206.6,206.7,206.8,207.0,207.1,207.2,207.3,207.5,207.6,207.7,207.9,208.0,208.2,208.3,208.5,208.6,208.8,208.9,209.0,209.1,209.3,209.4,209.5,209.6,209.7,209.9,210.0,210.1,210.3,210.4,210.6,210.7,210.8,211.0,211.1,211.3,211.4,211.6,211.7,211.9,212.0,212.2,212.3,212.4,212.6,212.7,212.8,212.9,213.1,213.2,213.3
205.0,205.0,205.1,205.1,205.1,205.2,205.2,205.3,205.4,205.4,205.5,205.5,205.6,205.7,205.7,205.8,205.9,206.0,206.0,206.1,206.2,206.3,206.5,206.6,206.7,206.8,207.0,207.1,207.2,207.4,207.5,207.7,207.8,208.0,208.2,208.3,208.5,208.6,208.8,209.0,209.1,209.3,209.4,209.5,209.6,209.8,209.9,210.0,210.2,210.3,210.5,210.6,210.8,210.9,211.1,211.3,211.5,211.6,211.8,211.9,212.1,212.3,212.5,212.7,212.9,213.1,213.3,213.4,213.6,213.8,213.9,214.1,214.2,214.4,214.5,214.6,214.7
205.3,205.4,205.4,205.4,205.5,205.5,205.6,205.7,205.7,205.8,205.8,205.9,206.0,206.1,206.1,206.2,206.3,206.4,206.5,206.6,206.7,206.8,206.9,207.0,207.1,207.3,207.4,207.5,207.6,207.8,208.0,208.1,208.3,208.5,208.7,208.9,209.0,209.2,209.4,209.5,209.7,209.8,210.0,210.1,210.2,210.4,210.5,210.6,210.8,211.0,211.2,211.4,211.5,211.7,211.9,212.1,212.3,212.5,212.7,212.9,213.1,213.3,213.6,213.8,214.1,214.3,214.5,214.7,214.9,215.1,215.2,215.4,215.6,215.7,215.8,216.0,216.1
205.5,205.5,205.6,205.7,205.7,205.8,205.9,206.0,206.0,206.1,206.2,206.3,206.4,206.5,206.6,206.6,206.7,206.8,206.9,207.0,207.2,207.3,207.4,207.5,207.6,207.8,207.9,208.1,208.2,208.4,208.5,208.7,208.9,209.1,209.2,209.4,209.6,209.8,210.0,210.1,210.3,210.5,210.6,210.7,210.9,211.1,211.2,211.4,211.6,211.8,212.0,212.2,212.5,212.7,212.9,213.1,213.3,213.5,213.8,214.0,214.3,214.6,214.9,215.1,215.4,215.6,215.8,216.0,216.2,216.4,216.6,216.8,216.9,217.0,217.1,217.2,217.3
205.6,205.6,205.7,205.8,205.8,205.9,206.0,206.1,206.2,206.3,206.5,206.6,206.7,206.8,206.9,207.0,207.1,207.2,207.3,207.5,207.6,207.7,207.9,208.0,208.1,208.3,208.4,208.6,208.7,208.9,209.1,209.3,209.4,209.6,209.8,210.0,210.2,210.4,210.6,210.7,210.9,211.0,211.2,211.4,211.6,211.8,212.0,212.2,212.4,212.6,212.8,213.1,213.3,213.6,213.8,214.0,214.3,214.6,214.9,215.2,215.5,215.9,216.1,216.4,216.7,216.9,217.1,217.3,217.5,217.7,217.8,217.9,218.0,218.1,218.1,218.2,218.3
205.6,205.7,205.8,205.8,205.9,206.0,206.1,206.2,206.3,206.5,206.6,206.7,206.9,207.0,207.2,207.3,207.5,207.6,207.8,207.9,208.1,208.2,208.4,208.5,208.7,208.8,209.0,209.2,209.4,209.5,209.7,209.9,210.1,210.3,210.5,210.6,210.8,211.0,211.2,211.3,211.5,211.7,211.9,212.1,212.3,212.6,212.8,213.1,213.3,213.5,213.8,214.0,214.3,214.6,214.8,215.1,215.5,215.8,216.1,216.4,216.8,217.1,217.4,217.6,217.9,218.1,218.3,218.5,218.7,218.8,218.9,219.0,219.1,219.2,219.3,219.4,219.5
205.9,205.9,206.0,206.1,206.1,206.2,206.3,206.4,206.5,206.6,206.8,206.9,207.0,207.2,207.4,207.5,207.7,207.9,208.1,208.3,208.5,208.7,208.9,209.0,209.2,209.4,209.6,209.8,209.9,210.1,210.3,210.5,210.7,210.9,211.0,211.2,211.4,211.6,211.8,212.0,212.2,212.4,212.6,212.8,213.1,213.3,213.6,213.9,214.1,214.4,214.6,214.9,215.2,215.5,215.8,216.2,216.6,217.0,217.3,217.6,217.9,218.3,218.5,218.8,219.0,219.2,219.4,219.6,219.7,219.8,219.9,220.0,220.1,220.2,220.2,220.3,220.3
206.3,206.3,206.3,206.4,206.4,206.5,206.6,206.7,206.8,206.9,207.1,207.2,207.4,207.5,207.7,207.9,208.1,208.3,208.5,208.7,208.9,209.1,209.4,209.6,209.8,210.0,210.2,210.4,210.6,210.8,211.0,211.2,211.4,211.6,211.8,212.0,212.2,212.4,212.6,212.8,213.0,213.2,213.4,213.7,213.9,214.2,214.4,214.7,215.0,215.3,215.6,215.9,216.2,216.6,216.9,217.3,217.7,218.1,218.4,218.8,219.1,219.4,219.6,219.9,220.1,220.3,220.5,220.6,220.8,220.9,221.0,221.0,221.0,221.0,221.0,221.0,221.0
206.7,206.7,206.8,206.8,206.8,206.9,207.0,207.0,207.2,207.3,207.4,207.6,207.8,208.0,208.1,208.3,208.5,208.7,208.9,209.2,209.4,209.6,209.8,210.1,210.3,210.6,210.8,211.1,211.3,211.5,211.7,211.9,212.2,212.4,212.6,212.8,213.0,213.2,213.4,213.5,213.8,214.0,214.3,214.5,214.8,215.0,215.3,215.6,215.9,216.2,216.5,216.9,217.3,217.6,218.0,218.5,218.8,219.2,219.6,219.9,220.2,220.4,220.7,220.9,221.2,221.4,221.6,221.7,221.8,221.8,221.8,221.8,221.7,221.7,221.7,221.7,221.6
207.1,207.2,207.2,207.2,207.3,207.3,207.4,207.5,207.6,207.7,207.8,208.0,208.2,208.3,208.6,208.8,209.0,209.2,209.5,209.7,209.9,210.1,210.3,210.6,210.8,211.1,211.4,211.7,211.9,212.2,212.4,212.6,212.8,213.1,213.3,213.5,213.7,213.9,214.1,214.3,214.5,214.8,215.0,215.3,215.5,215.8,216.1,216.4,216.8,217.1,217.5,217.8,218.3,218.7,219.1,219.6,220.0,220.4,220.6,220.9,221.2,221.5,221.8,222.0,222.2,222.3,222.4,222.5,222.5,222.5,222.5,222.4,222.4,222.3,222.3,222.2,222.1
207.7,207.7,207.7,207.8,207.8,207.9,208.0,208.0,208.2,208.3,208.4,208.6,208.8,209.0,209.1,209.3,209.5,209.8,210.0,210.3,210.5,210.8,211.0,211.3,211.5,211.8,212.1,212.3,212.6,212.9,213.2,213.4,213.6,213.8,214.0,214.2,214.5,214.7,214.9,215.1,215.3,215.6,215.8,216.1,216.3,216.6,216.9,217.3,217.7,218.1,218.5,218.9,219.3,219.8,220.2,220.6,221.1,221.4,221.7,222.0,222.3,222.6,222.8,223.0,223.1,223.1,223.2,223.2,223.2,223.1,223.0,222.9,222.8,222.7,222.6,222.4,222.2
208.3,208.3,208.3,208.4,208.4,208.5,208.6,208.7,208.8,208.9,209.0,209.2,209.4,209.6,209.8,209.9,210.2,210.4,210.6,210.9,211.1,211.4,211.6,211.9,212.2,212.5,212.8,213.1,213.3,213.6,213.8,214.1,214.3,214.5,214.7,214.9,215.1,215.4,215.6,215.8,216.0,216.2,216.5,216.8,217.1,217.4,217.8,218.2,218.6,219.0,219.5,219.9,220.3,220.8,221.2,221.7,222.0,222.3,222.6,223.0,223.2,223.4,223.6,223.6,223.7,223.7,223.7,223.6,223.6,223.5,223.4,223.2,223.1,223.0,222.9,222.7,222.4
209.0,209.0,209.1,209.1,209.2,209.2,209.3,209.4,209.5,209.6,209.8,210.0,210.1,210.3,210.5,210.7,210.9,211.2,211.4,211.6,211.9,212.1,212.3,212.6,212.9,213.2,213.5,213.8,214.1,214.4,214.6,214.8,215.0,215.2,215.4,215.6,215.9,216.1,216.2,216.5,216.7,217.0,217.2,217.6,217.9,218.3,218.6,219.1,219.5,220.0,220.4,220.9,221.3,221.8,222.3,222.6,223.0,223.3,223.7,223.8,224.0,224.1,224.2,224.3,224.3,224.3,224.3,224.2,224.1,224.0,223.9,223.8,223.6,223.4,223.2,223.0,222.8
209.6,209.6,209.7,209.7,209.8,209.8,209.9,210.0,210.1,210.2,210.4,210.6,210.8,211.0,211.2,211.4,211.7,211.9,212.1,212.3,212.6,212.8,213.1,213.3,213.6,213.9,214.1,214.5,214.8,215.1,215.3,215.5,215.7,215.9,216.1,216.3,216.5,216.7,216.9,217.1,217.3,217.6,218.0,218.3,218.6,219.0,219.5,219.9,220.4,220.8,221.3,221.7,222.2,222.7,223.1,223.5,223.8,224.2,224.4,224.5,224.6,224.7,224.8,224.9,225.0,225.0,224.9,224.8,224.8,224.6,224.4,224.1,223.9,223.7,223.5,223.3,223.1
210.2,210.2,210.3,210.3,210.4,210.5,210.6,210.7,210.7,210.9,211.1,211.3,211.5,211.8,211.9,212.2,212.4,212.6,212.9,213.2,213.3,213.5,213.8,214.0,214.3,214.6,214.9,215.2,215.5,215.8,216.1,216.2,216.4,216.5,216.7,216.9,217.1,217.3,217.5,217.8,218.0,218.4,218.6,219.0,219.4,219.9,220.3,220.8,221.2,221.7,222.1,222.6,223.1,223.5,223.9,224.3,224.7,224.9,225.0,225.1,225.2,225.3,225.4,225.6,225.6,225.6,225.6,225.4,225.2,225.0,224.7,224.6,224.3,224.1,223.9,223.5,223.1
210.6,210.6,210.7,210.8,210.9,210.9,211.0,211.1,211.3,211.4,211.6,211.8,212.1,212.3,212.5,212.7,213.0,213.3,213.5,213.8,214.0,214.2,214.4,214.7,215.0,215.3,215.6,215.9,216.1,216.4,216.7,216.9,217.0,217.1,217.3,217.4,217.6,217.8,218.1,218.3,218.6,218.9,219.3,219.7,220.2,220.6,221.1,221.5,222.0,222.5,223.0,223.4,223.8,224.2,224.6,225.0,225.3,225.5,225.5,225.5,225.6,225.6,225.7,225.8,225.8,225.8,225.9,225.9,225.8,225.5,225.3,225.0,224.7,224.4,224.0,223.6,223.2
210.9,211.0,211.1,211.2,211.2,211.2,211.3,211.5,211.7,211.9,212.1,212.3,212.6,212.9,213.1,213.3,213.5,213.8,214.1,214.4,214.6,214.9,215.1,215.3,215.6,215.9,216.2,216.5,216.8,217.0,217.3,217.5,217.7,217.8,217.9,218.0,218.2,218.4,218.6,218.9,219.2,219.6,220.0,220.4,220.9,221.3,221.8,222.3,222.8,223.3,223.7,224.1,224.4,224.8,225.2,225.5,225.8,225.9,226.0,226.0,226.0,226.0,226.1,226.2,226.3,226.4,226.4,226.4,226.3,226.1,225.9,225.5,225.0,224.6,224.2,223.9,223.4
211.1,211.2,211.3,211.4,211.5,211.6,211.7,211.8,212.0,212.2,212.5,212.7,212.9,213.2,213.4,213.7,213.9,214.2,214.5,214.8,215.1,215.3,215.6,215.9,216.1,216.4,216.8,217.1,217.4,217.6,217.9,218.1,218.3,218.4,218.5,218.6,218.8,219.0,219.2,219.5,219.9,220.2,220.6,221.0,221.5,221.9,222.5,223.0,223.5,224.0,224.3,224.7,225.0,225.3,225.6,225.9,226.1,226.2,226.3,226.4,226.4,226.4,226.5,226.7,226.8,226.8,226.8,226.8,226.7,226.2,225.8,225.3,224.8,224.3,223.8,223.4,223.0
211.5,211.6,211.7,211.8,211.9,212.1,212.2,212.3,212.5,212.7,212.9,213.1,213.3,213.5,213.8,214.0,214.3,214.6,214.9,215.2,215.5,215.8,216.1,216.3,216.6,216.9,217.3,217.6,217.9,218.2,218.4,218.6,218.8,219.0,219.1,219.2,219.3,219.5,219.8,220.0,220.3,220.8,221.2,221.7,222.1,222.6,223.2,223.7,224.2,224.6,224.9,225.2,225.4,225.6,225.8,226.1,226.3,226.5,226.6,226.8,226.8,226.9,227.0,227.1,227.2,227.3,227.4,227.2,226.9,226.5,226.0,225.6,225.2,224.9,224.4,223.9,223.5
211.9,212.0,212.1,212.3,212.4,212.5,212.7,212.8,213.0,213.1,213.3,213.5,213.7,213.9,214.1,214.3,214.6,214.8,215.2,215.5,215.8,216.1,216.4,216.7,217.0,217.3,217.6,218.0,218.3,218.6,218.9,219.1,219.2,219.4,219.6,219.7,219.8,220.0,220.3,220.6,221.0,221.3,221.7,222.2,222.7,223.2,223.8,224.3,224.7,225.2,225.4,225.7,225.8,225.9,226.1,226.2,226.4,226.6,226.8,227.0,227.2,227.3,227.3,227.4,227.5,227.6,227.6,227.5,227.2,226.8,226.4,226.1,225.8,225.5,225.3,224.8,224.2
212.2,212.3,212.5,212.6,212.8,212.9,213.1,213.2,213.4,213.6,213.7,213.9,214.1,214.3,214.5,214.6,214.8,215.1,215.4,215.7,216.0,216.3,216.7,217.0,217.3,217.6,217.9,218.2,218.6,218.9,219.2,219.5,219.7,219.8,219.9,220.1,220.3,220.5,220.8,221.1,221.4,221.8,222.3,222.7,223.2,223.8,224.4,224.8,225.3,225.6,225.9,226.1,226.1,226.2,226.3,226.4,226.5,226.6,226.8,227.1,227.3,227.4,227.6,227.6,227.6,227.5,227.5,227.5,227.4,227.3,227.1,226.8,226.6,226.5,226.4,226.2,225.6
