wind-weather/data/weather/current/current-mean_sea_level_pressure-gfs-1.0.json
{"header": {"discipline":0,"disciplineName":"Meteorologicalproducts","gribEdition":2,"gribLength":79545,"center":7,"centerName":"USNationalWeatherService-NCEP(WMC)","subcenter":0,"refTime":"2017-11-24T12:00:00.000Z","significanceOfRT":0,"significanceOfRTName":"Analysis","productStatus":0,"productStatusName":"Operationalproducts","productType":0,"productTypeName":"Analysisproducts","productDefinitionTemplate":0,"productDefinitionTemplateName":"Analysis/forecastathorizontallevel/layeratapointintime","parameterCategory":3,"parameterCategoryName":"Mass","parameterNumber":192,"parameterNumberName":"MSLP_Eta_Reduction","parameterUnit":"Pa","genProcessType":0,"genProcessTypeName":"Analysis","forecastTime":0,"surface1Type":101,"surface1TypeName":"Meansealevel","surface1Value":0.0,"surface2Type":255,"surface2TypeName":"Missing","surface2Value":0.0,"gridDefinitionTemplate":0,"gridDefinitionTemplateName":"Latitude_Longitude","numberPoints":65160,"shape":6,"shapeName":"Earthsphericalwithradiusof6,371,229.0m","gridUnits":"degrees","resolution":48,"winds":"true","scanMode":0,"nx":360,"ny":181,"basicAngle":0,"lo1":0.0,"la1":90.0,"lo2":359.0,"la2":-90.0,"dx":1.0,"dy":1.0}, "data":
[rows 130 to 155 of 181, columns 120 to 179 of 360]
101165.03,101241.03,101301.99,101360.87,101416.39,101473.99,101529.35,101573.19,101608.87,101640.07,101669.51,101696.87,101723.43,101746.79,101747.27,101730.63,101696.39,101642.95,101588.23,101533.67,101482.63,101446.79,101419.91,101409.99,101417.03,101425.19,101447.43,101495.75,101526.15,101505.51,101541.19,101603.75,101711.75,101820.87,101909.67,101979.91,102047.43,102131.43,102222.79,102316.55,102407.59,102490.47,102555.91,102609.19,102661.03,102708.71,102741.99,102757.83,102762.95,102754.95,102727.75,102680.55,102603.75,102565.83,102609.83,102662.15,102714.79,102549.35,102577.67,102649.99
100973.35,101050.95,101144.71,101228.39,101307.91,101373.67,101435.91,101488.23,101527.91,101568.07,101611.91,101659.11,101696.23,101731.59,101747.59,101739.75,101716.55,101669.03,101630.15,101588.87,101530.31,101489.51,101465.51,101457.19,101443.75,101402.79,101423.43,101468.71,101495.11,101472.39,101510.47,101564.23,101661.51,101777.99,101883.27,101972.07,102060.07,102148.87,102246.95,102338.63,102434.79,102518.15,102584.07,102638.31,102687.91,102725.99,102751.43,102763.43,102763.59,102745.03,102700.55,102629.83,102555.11,102506.47,102574.15,102673.35,102562.47,102539.27,102605.03,102668.87
100812.87,100865.03,100945.03,101048.71,101151.11,101242.63,101320.55,101386.79,101441.51,101494.15,101545.51,101607.43,101660.55,101703.75,101734.79,101748.23,101735.59,101703.43,101668.23,101632.39,101579.59,101533.83,101516.07,101501.67,101485.99,101450.95,101516.87,101501.83,101474.31,101474.79,101489.67,101521.35,101606.15,101721.67,101837.19,101942.47,102041.03,102136.87,102234.15,102337.03,102432.55,102521.19,102593.51,102647.91,102691.11,102724.55,102747.75,102758.63,102750.15,102718.31,102662.63,102603.43,102605.03,102591.43,102617.67,102592.87,102567.43,102558.95,102621.99,102683.43
100656.39,100698.95,100762.95,100851.91,100963.27,101074.95,101178.95,101269.83,101343.75,101414.79,101482.47,101548.39,101613.67,101665.35,101707.59,101742.63,101754.31,101736.23,101710.47,101668.55,101622.15,101579.43,101567.11,101562.63,101548.23,101513.99,101506.47,101561.35,101521.99,101484.39,101471.91,101485.51,101558.63,101657.35,101777.03,101894.47,102000.87,102103.59,102206.79,102313.35,102415.43,102509.35,102587.11,102646.31,102689.83,102723.27,102741.03,102740.39,102713.67,102655.75,102604.87,102600.87,102771.59,102738.15,102589.51,102458.95,102542.95,102603.27,102652.23,102694.31
100485.83,100523.11,100582.63,100657.19,100752.39,100872.55,100998.79,101125.35,101225.83,101315.59,101400.23,101479.27,101551.59,101609.83,101661.03,101706.31,101745.83,101751.43,101746.15,101719.91,101682.63,101641.51,101632.39,101627.75,101613.35,101590.79,101568.87,101541.03,101505.99,101479.91,101466.15,101466.47,101527.59,101613.67,101718.63,101837.35,101948.39,102056.55,102167.59,102273.03,102385.51,102482.15,102564.71,102630.79,102678.95,102712.07,102725.99,102721.51,102651.91,102608.55,102686.47,102834.95,102794.63,102734.47,102653.51,102616.55,102630.15,102659.11,102686.63,102707.27
100297.67,100344.07,100386.15,100460.71,100536.23,100646.63,100782.95,100926.31,101063.75,101178.31,101286.31,101381.99,101465.35,101532.07,101583.91,101640.39,101706.95,101740.87,101756.55,101759.59,101751.43,101740.39,101725.83,101714.79,101689.67,101661.67,101624.23,101568.39,101487.27,101415.75,101401.35,101434.79,101485.51,101568.87,101674.79,101790.15,101899.11,102006.47,102119.11,102222.63,102340.39,102442.47,102527.59,102596.71,102649.35,102688.71,102717.67,102717.19,102731.43,102724.87,102763.59,102800.39,102795.59,102763.75,102726.47,102704.39,102697.35,102700.39,102693.83,102688.71
100145.51,100136.07,100188.87,100242.95,100326.15,100415.27,100544.55,100698.95,100853.99,100994.47,101120.55,101243.43,101352.23,101438.95,101502.63,101574.95,101649.19,101709.67,101733.99,101763.11,101782.15,101805.03,101801.51,101790.47,101765.03,101721.03,101662.95,101585.67,101451.43,101320.07,101292.23,101354.15,101437.83,101529.99,101652.39,101766.63,101866.95,101972.87,102083.91,102177.03,102278.95,102381.83,102468.39,102533.67,102585.35,102634.95,102688.55,102710.15,102691.27,102713.99,102717.03,102746.31,102776.23,102767.91,102753.99,102742.79,102728.23,102711.11,102691.91,102676.39
100061.67,100021.51,99988.55,100040.39,100111.75,100190.79,100305.03,100452.39,100614.63,100779.75,100924.23,101061.19,101199.75,101318.47,101410.79,101501.67,101589.03,101661.99,101696.39,101749.67,101798.79,101836.71,101856.23,101845.83,101819.27,101783.91,101722.47,101625.03,101493.03,101290.63,101213.67,101306.31,101416.07,101522.63,101652.07,101761.19,101858.95,101956.87,102051.59,102146.63,102237.83,102323.11,102405.83,102471.43,102523.75,102564.87,102602.15,102625.03,102638.31,102670.31,102680.55,102703.91,102719.59,102718.15,102711.11,102703.43,102691.27,102670.47,102645.35,102623.75
99923.27,99908.87,99886.15,99845.99,99897.35,99980.23,100082.15,100212.87,100365.67,100540.07,100703.11,100854.79,101013.67,101171.11,101289.35,101406.15,101514.47,101602.47,101665.99,101742.79,101803.75,101847.75,101898.15,101893.19,101881.67,101859.27,101808.23,101735.59,101633.19,101483.27,101304.39,101296.07,101419.11,101545.35,101669.03,101779.11,101870.79,101959.11,102052.55,102139.11,102215.75,102286.47,102355.91,102412.55,102459.27,102491.27,102518.63,102540.07,102559.11,102582.95,102614.47,102624.39,102620.39,102613.67,102605.51,102593.83,102578.79,102559.91,102534.31,102506.47
99756.71,99750.79,99744.55,99728.39,99712.39,99765.67,99867.59,99995.75,100135.91,100296.07,100473.51,100638.95,100808.23,100984.71,101141.99,101279.43,101411.75,101526.31,101622.31,101719.27,101801.51,101875.75,101921.51,101956.87,101970.79,101978.31,101937.03,101875.43,101812.07,101735.43,101646.47,101639.59,101581.35,101679.43,101761.99,101834.47,101903.11,101966.15,102035.11,102105.83,102173.35,102237.19,102293.67,102341.35,102383.43,102421.83,102448.87,102469.35,102482.47,102494.47,102502.31,102505.83,102502.95,102491.59,102474.95,102455.59,102431.91,102407.43,102382.15,102351.59
99556.39,99565.35,99572.07,99577.99,99580.07,99566.63,99637.99,99756.07,99910.47,100062.15,100239.43,100427.43,100605.03,100785.51,100973.99,101134.63,101289.03,101426.95,101545.51,101667.43,101785.19,101872.39,101941.99,101998.31,102028.87,102071.43,102071.11,102042.95,102008.87,101969.51,101945.67,101941.99,101929.83,101961.51,101995.59,102034.95,102078.47,102129.35,102174.31,102226.47,102279.11,102309.03,102351.11,102390.95,102420.07,102435.59,102458.31,102472.55,102478.63,102474.47,102463.75,102445.51,102421.51,102394.95,102365.35,102333.51,102298.63,102262.63,102225.83,102186.79
99298.63,99331.59,99368.39,99403.11,99424.71,99442.15,99440.87,99517.35,99660.71,99822.31,99997.03,100194.95,100397.99,100585.67,100785.35,100978.63,101149.35,101310.95,101457.03,101598.47,101730.15,101842.15,101936.39,102021.03,102079.27,102126.31,102155.91,102164.23,102164.55,102168.07,102163.27,102173.83,102191.59,102215.27,102245.99,102274.47,102307.75,102341.83,102377.51,102413.03,102452.07,102484.23,102512.07,102533.03,102549.19,102559.75,102568.87,102571.43,102559.91,102534.79,102507.27,102471.11,102428.07,102380.87,102333.19,102285.99,102236.39,102177.51,102114.15,102048.71
98993.99,99051.59,99112.39,99174.47,99227.11,99266.47,99294.15,99314.47,99397.51,99568.71,99743.75,99944.23,100160.55,100375.91,100596.39,100795.11,100985.67,101169.03,101340.87,101504.87,101662.15,101796.07,101917.83,102014.79,102102.79,102171.75,102216.87,102252.07,102280.55,102313.03,102343.59,102365.83,102385.19,102405.99,102430.47,102459.91,102498.31,102536.71,102568.71,102594.79,102617.67,102639.27,102658.95,102673.67,102677.99,102679.11,102673.83,102660.39,102634.15,102599.43,102562.15,102512.87,102459.27,102402.47,102349.35,102296.23,102229.03,102152.71,102069.19,101982.15
98619.91,98695.91,98780.87,98879.27,98972.87,99046.79,99100.23,99152.07,99195.59,99288.71,99475.43,99684.55,99909.83,100135.43,100372.87,100604.71,100802.95,101002.15,101196.23,101378.63,101553.51,101717.83,101862.63,101978.63,102081.99,102172.71,102236.71,102284.23,102330.47,102386.95,102434.15,102470.79,102508.71,102548.71,102578.63,102601.03,102625.51,102657.35,102690.79,102714.47,102731.27,102746.47,102760.71,102769.19,102768.87,102757.99,102738.63,102708.55,102670.31,102625.83,102577.83,102523.27,102464.07,102401.19,102333.99,102262.95,102185.03,102098.79,102006.63,101911.91
98206.79,98300.55,98412.07,98538.95,98665.51,98778.95,98871.27,98946.15,99023.59,99090.95,99195.43,99403.11,99636.55,99881.83,100111.75,100359.59,100591.27,100811.11,101028.39,101234.31,101421.03,101601.99,101763.91,101901.03,102017.83,102126.63,102215.91,102283.91,102331.59,102384.87,102446.63,102499.75,102549.67,102596.55,102636.55,102668.71,102690.47,102707.91,102730.31,102751.43,102766.15,102776.71,102784.23,102783.11,102773.19,102752.23,102723.91,102688.71,102640.55,102586.95,102530.79,102470.63,102406.15,102335.91,102260.87,102181.19,102096.55,102005.83,101909.99,101809.99
97782.47,97898.95,98036.71,98187.27,98339.91,98479.75,98609.03,98717.99,98807.91,98904.87,98993.03,99112.39,99335.27,99585.51,99848.07,100088.87,100338.95,100582.79,100813.51,101042.79,101251.59,101442.15,101617.99,101768.87,101901.99,102020.55,102128.07,102217.35,102288.87,102349.99,102407.11,102461.03,102511.27,102555.75,102595.59,102631.91,102658.79,102680.23,102701.19,102719.75,102738.47,102750.63,102753.19,102746.79,102724.39,102690.31,102651.43,102606.31,102557.83,102498.15,102428.39,102364.07,102294.63,102217.83,102135.11,102047.75,101957.03,101864.55,101769.35,101669.51
97391.59,97521.03,97674.47,97844.23,98019.43,98178.95,98330.95,98468.39,98581.03,98682.31,98791.43,98904.39,99044.39,99276.07,99549.83,99819.11,100066.79,100312.71,100554.95,100793.35,101020.07,101225.35,101411.27,101576.07,101725.99,101858.63,101980.55,102086.95,102177.99,102251.27,102315.27,102375.11,102429.35,102476.87,102516.07,102549.67,102577.51,102597.03,102612.55,102628.87,102644.23,102652.39,102652.23,102641.51,102615.59,102575.91,102529.83,102477.19,102421.19,102349.35,102282.95,102208.55,102126.95,102036.55,101946.47,101854.31,101756.71,101657.35,101557.19,101457.51
97055.27,97190.79,97349.99,97527.43,97712.71,97885.99,98049.99,98201.51,98337.51,98450.15,98560.55,98682.15,98820.39,98988.07,99222.95,99517.19,99785.67,100024.55,100272.39,100509.67,100745.35,100961.67,101160.07,101337.83,101498.95,101645.03,101779.59,101897.51,102000.23,102088.39,102159.43,102223.43,102283.43,102336.71,102384.39,102425.67,102457.35,102481.19,102494.79,102500.39,102504.07,102504.87,102498.47,102480.39,102446.31,102397.83,102342.79,102287.43,102221.51,102154.95,102082.95,102000.07,101906.15,101811.91,101711.91,101604.23,101493.83,101388.07,101286.47,101187.43
96788.23,96923.91,97081.51,97255.43,97433.19,97608.07,97775.27,97930.79,98069.03,98200.07,98320.23,98439.11,98576.07,98739.91,98935.27,99173.67,99460.39,99718.31,99968.39,100206.95,100443.11,100673.03,100880.07,101070.63,101240.87,101393.19,101532.23,101660.71,101773.51,101871.11,101954.63,102024.07,102087.43,102144.87,102194.31,102235.75,102271.11,102298.95,102313.51,102313.99,102309.03,102302.47,102289.19,102267.43,102232.55,102178.79,102118.15,102057.67,101987.75,101913.19,101834.15,101743.75,101645.67,101547.91,101442.15,101327.59,101207.91,101097.99,100987.27,100865.83
96589.19,96721.83,96869.19,97027.75,97191.43,97351.75,97510.15,97664.39,97805.83,97938.63,98059.75,98183.59,98319.91,98475.43,98663.75,98875.43,99125.03,99383.59,99642.63,99887.11,100118.95,100350.79,100571.59,100772.23,100952.71,101116.55,101263.11,101394.63,101513.35,101617.99,101707.75,101787.43,101856.55,101917.83,101969.67,102011.91,102045.35,102070.31,102085.35,102086.31,102078.47,102066.15,102047.27,102013.99,101969.03,101915.75,101858.95,101794.47,101718.31,101637.67,101553.67,101459.91,101356.39,101246.79,101134.95,101016.55,100887.43,100761.99,100628.07,100508.39
96449.51,96574.31,96703.75,96836.55,96972.23,97110.15,97248.39,97390.95,97524.87,97652.39,97778.79,97907.11,98045.19,98205.03,98386.63,98590.15,98813.03,99057.35,99306.95,99558.79,99798.31,100027.27,100248.87,100457.67,100644.55,100817.83,100973.83,101111.75,101235.59,101344.55,101439.75,101525.19,101599.75,101664.23,101717.83,101759.11,101788.55,101808.87,101819.43,101821.19,101813.67,101797.03,101770.95,101729.51,101678.79,101622.63,101560.87,101492.87,101417.03,101333.99,101240.07,101137.03,101031.43,100909.51,100791.75,100658.95,100533.51,100411.43,100286.95,100167.43
96369.35,96474.15,96576.87,96673.19,96768.87,96868.55,96976.87,97093.51,97212.71,97331.75,97456.23,97596.39,97755.11,97925.99,98112.71,98319.75,98529.19,98759.91,99000.07,99235.75,99465.51,99695.43,99919.75,100133.19,100329.51,100507.43,100665.35,100812.23,100943.11,101056.71,101156.71,101245.35,101321.83,101385.51,101435.11,101469.99,101492.23,101505.03,101509.03,101505.83,101493.99,101473.51,101441.99,101399.91,101348.87,101289.35,101221.19,101143.11,101057.51,100960.39,100856.87,100754.79,100650.31,100531.27,100411.59,100298.79,100186.15,100071.59,99957.35,99842.63
96335.43,96420.39,96492.87,96548.55,96596.55,96628.55,96679.59,96761.99,96869.99,96999.27,97142.79,97301.35,97478.47,97663.27,97857.51,98065.51,98273.99,98486.63,98719.43,98944.23,99160.71,99381.03,99592.39,99794.63,99994.95,100188.55,100359.27,100508.23,100645.99,100765.99,100869.83,100958.79,101030.95,101086.47,101123.91,101147.59,101163.43,101171.11,101168.07,101152.87,101128.07,101090.63,101041.51,100985.83,100924.87,100857.51,100786.95,100707.75,100615.11,100519.59,100423.27,100325.67,100228.55,100129.83,100027.11,99922.47,99815.43,99711.91,99612.55,99512.23
96353.99,96412.55,96458.79,96486.15,96487.91,96476.87,96467.75,96520.87,96632.23,96769.83,96928.87,97108.55,97294.79,97490.63,97690.95,97878.79,98077.99,98285.83,98495.75,98703.75,98912.87,99122.79,99330.15,99522.79,99721.51,99905.99,100083.75,100250.63,100386.79,100507.11,100603.91,100680.39,100734.63,100773.03,100799.59,100811.27,100807.27,100794.47,100776.71,100748.71,100714.95,100670.79,100616.55,100561.19,100496.39,100424.23,100344.87,100255.91,100160.71,100064.55,99970.31,99877.99,99789.83,99703.11,99616.71,99528.07,99438.95,99349.67,99262.63,99178.15
96402.31,96449.03,96482.95,96508.87,96514.95,96509.35,96523.27,96579.43,96665.83,96779.91,96920.87,97078.95,97248.55,97424.07,97604.07,97786.95,97979.11,98172.71,98362.15,98568.55,98774.31,98970.63,99157.99,99353.51,99550.47,99739.11,99908.07,100061.99,100186.79,100283.27,100358.63,100414.15,100451.59,100471.43,100475.11,100465.99,100448.39,100426.15,100396.39,100356.71,100306.63,100253.67,100198.15,100132.07,100056.07,99976.07,99892.39,99806.79,99724.39,99642.15,99559.11,99475.59,99393.19,99312.23,99227.59,99145.19,99063.27,98983.75,98910.79,98842.63
96481.19,96521.99,96551.75,96581.83,96614.15,96640.71,96681.83,96741.99,96824.39,96923.91,97049.83,97187.43,97350.79,97511.91,97688.39,97872.23,98060.07,98256.07,98449.51,98642.31,98830.47,99011.43,99189.83,99363.43,99529.99,99674.95,99808.55,99922.47,100010.95,100075.91,100121.83,100149.67,100159.27,100154.47,100142.15,100125.19,100097.03,100059.75,100011.59,99958.15,99902.47,99845.51,99774.79,99703.91,99624.71,99540.07,99459.59,99381.51,99302.15,99226.79,99155.11,99084.55,99013.51,98944.23,98872.87,98797.67,98720.23,98645.83,98576.23,98519.11
