wind-weather/data/weather/current/current-wind-isobaric-250hPa-gfs-1.0.json
{"header": {"discipline":0,"disciplineName":"Meteorologicalproducts","gribEdition":2,"gribLength":44487,"center":7,"centerName":"USNationalWeatherService-NCEP(WMC)","subcenter":0,"refTime":"2017-11-24T12:00:00.000Z","significanceOfRT":0,"significanceOfRTName":"Analysis","productStatus":0,"productStatusName":"Operationalproducts","productType":0,"productTypeName":"Analysisproducts","productDefinitionTemplate":0,"productDefinitionTemplateName":"Analysis/forecastathorizontallevel/layeratapointintime","parameterCategory":2,"parameterCategoryName":"Momentum","parameterNumber":2,"parameterNumberName":"U-component_of_wind","parameterUnit":"m.s-1","genProcessType":0,"genProcessTypeName":"Analysis","forecastTime":0,"surface1Type":100,"surface1TypeName":"Isobaricsurface","surface1Value":25000.0,"surface2Type":255,"surface2TypeName":"Missing","surface2Value":0.0,"gridDefinitionTemplate":0,"gridDefinitionTemplateName":"Latitude_Longitude","numberPoints":65160,"shape":6,"shapeName":"Earthsphericalwithradiusof6,371,229.0m","gridUnits":"degrees","resolution":48,"winds":"true","scanMode":0,"nx":360,"ny":181,"basicAngle":0,"lo1":0.0,"la1":90.0,"lo2":359.0,"la2":-90.0,"dx":1.0,"dy":1.0}, "data":
[rows 78 to 103 of 181, columns 295 to 353 of 360]
2.3092408,4.1092405,4.709241,4.9092407,4.6092405,4.209241,4.4092407,3.6092408,3.1092408,3.4092407,3.1092408,1.8092407,2.3092408,2.4092407,1.4092407,1.1092408,1.4092407,1.9092407,2.7092407,3.5092406,4.209241,5.309241,6.309241,8.009241,9.30924,10.509241,12.209241,14.30924,16.70924,19.109241,21.109241,22.40924,22.609241,21.509241,22.40924,22.70924,23.009241,21.509241,18.40924,17.20924,17.509241,14.609241,13.209241,13.509241,12.909241,10.609241,12.80924,13.909241,12.709241,11.909241,11.509241,10.909241,10.009241,9.409241,9.709241,10.109241,10.209241,10.009241,10.30924
-0.09075928,1.5092407,4.209241,5.709241,5.1092405,4.9092407,4.4092407,5.309241,5.0092406,4.809241,5.9092407,5.809241,5.9092407,6.5092406,6.309241,6.309241,6.6092405,7.4092407,8.409241,9.409241,10.609241,12.209241,13.509241,15.409241,17.40924,18.80924,20.20924,21.609241,22.609241,23.80924,23.509241,22.70924,22.70924,23.20924,22.20924,21.009241,17.70924,14.609241,11.109241,9.709241,9.709241,10.109241,11.609241,11.609241,9.909241,11.109241,12.409241,12.509241,11.109241,9.009241,7.309241,5.6092405,6.0092406,6.809241,8.209241,7.709241,8.30924,8.209241,8.109241
-1.4907593,1.1092408,3.6092408,4.4092407,5.0092406,5.4092407,6.809241,6.809241,8.109241,8.80924,9.509241,10.609241,12.109241,12.909241,13.609241,14.709241,16.009241,17.40924,18.40924,20.109241,21.80924,22.90924,23.509241,24.109241,25.80924,26.30924,26.509241,26.609241,25.70924,24.70924,24.30924,23.80924,22.30924,21.30924,19.609241,16.70924,12.409241,9.509241,5.709241,6.309241,8.30924,9.209241,9.409241,8.209241,8.209241,9.509241,12.509241,11.80924,10.509241,7.5092406,4.4092407,3.6092408,4.309241,4.709241,5.809241,6.809241,6.0092406,6.0092406,6.309241
-0.29075927,1.9092407,3.0092406,3.3092408,2.9092407,3.5092406,6.0092406,7.709241,9.509241,11.409241,13.209241,14.709241,16.40924,18.109241,19.80924,21.609241,23.109241,23.90924,23.90924,24.90924,25.70924,26.609241,27.30924,27.20924,26.509241,25.20924,24.30924,24.609241,24.609241,24.40924,23.009241,21.90924,22.009241,21.30924,19.509241,14.609241,11.009241,3.5092406,4.209241,6.5092406,7.4092407,6.309241,6.0092406,4.9092407,7.309241,9.509241,11.209241,9.509241,8.30924,5.6092405,2.5092406,2.3092408,3.3092408,4.6092405,4.6092405,4.1092405,4.4092407,4.809241,3.2092407
1.5092407,3.7092407,5.309241,6.5092406,7.209241,6.0092406,4.6092405,6.6092405,8.30924,10.30924,12.30924,13.909241,15.509241,17.109241,18.609241,20.109241,21.40924,22.80924,23.80924,24.509241,24.90924,24.40924,24.30924,24.109241,24.509241,24.80924,23.90924,22.70924,22.609241,23.30924,24.30924,25.40924,25.70924,24.509241,21.509241,16.70924,7.6092405,4.6092405,4.4092407,5.0092406,4.9092407,2.5092406,2.7092407,2.8092408,4.809241,8.409241,8.509241,4.1092405,5.0092406,4.5092406,2.2092407,1.7092407,1.9092407,1.1092408,1.5092407,1.9092407,1.0092407,0.6092407,0.109240726
2.9092407,5.209241,5.4092407,6.309241,6.6092405,6.9092407,8.009241,8.80924,9.409241,10.609241,10.709241,11.609241,13.009241,14.409241,15.909241,17.609241,19.009241,20.009241,20.30924,20.20924,20.30924,20.30924,20.90924,21.109241,20.40924,20.70924,21.109241,22.80924,25.109241,27.509241,27.509241,27.30924,26.80924,25.609241,22.509241,14.609241,8.409241,3.7092407,1.4092407,3.0092406,1.7092407,0.40924072,2.1092408,3.0092406,5.809241,7.209241,5.4092407,1.9092407,5.1092405,2.2092407,1.3092407,0.30924073,0.20924072,0.8092407,1.2092407,0.20924072,-0.99075925,-2.2907593,-3.5907593
4.1092405,1.7092407,3.9092407,4.5092406,5.309241,6.309241,6.6092405,7.4092407,7.209241,5.9092407,5.809241,7.4092407,8.909241,10.009241,10.80924,12.209241,12.80924,12.709241,13.109241,13.80924,15.609241,17.40924,18.20924,17.90924,18.40924,20.80924,23.509241,25.009241,25.70924,26.509241,26.609241,26.509241,26.009241,24.70924,20.90924,17.609241,5.809241,5.0092406,2.8092408,1.2092407,0.40924072,2.7092407,3.7092407,1.7092407,4.309241,3.4092407,0.9092407,-0.49075928,5.4092407,-0.3907593,-0.79075927,-0.09075928,-0.79075927,0.40924072,-1.3907592,-1.8907592,-3.1907592,-4.190759,-5.8907595
2.7092407,3.0092406,3.8092408,4.0092406,3.6092408,4.6092405,5.1092405,4.4092407,3.5092406,3.1092408,3.9092407,5.1092405,5.4092407,6.309241,7.0092406,7.309241,8.609241,9.709241,11.209241,13.109241,14.30924,14.609241,15.209241,16.90924,19.509241,21.80924,23.20924,23.80924,24.70924,24.80924,23.30924,22.90924,22.40924,21.90924,17.80924,14.30924,11.109241,6.1092405,2.7092407,-1.6907593,-0.09075928,2.7092407,1.5092407,-0.49075928,0.9092407,0.20924072,-0.79075927,-1.4907593,2.1092408,-1.2907593,-1.5907593,-0.09075928,-0.8907593,-2.1907592,-2.7907593,-3.9907594,-4.290759,-5.290759,-7.790759
2.6092408,-0.19075927,2.3092408,3.0092406,3.6092408,4.1092405,4.1092405,3.2092407,2.2092407,2.9092407,3.9092407,3.6092408,4.209241,5.209241,5.309241,5.1092405,7.1092405,8.80924,11.109241,12.009241,12.009241,12.909241,15.109241,18.009241,19.70924,21.009241,21.90924,22.80924,22.70924,21.20924,18.109241,16.20924,16.509241,15.709241,10.709241,10.909241,12.009241,6.9092407,4.9092407,0.9092407,-1.8907592,2.3092408,0.20924072,-1.0907593,-0.5907593,-0.99075925,-1.0907593,-0.3907593,0.20924072,-1.9907593,-3.1907592,-3.3907592,-4.0907593,-4.790759,-5.4907594,-3.8907592,-2.6907592,-3.7907593,-8.790759
-2.6907592,-0.3907593,2.3092408,3.4092407,4.209241,5.4092407,5.0092406,3.9092407,3.1092408,3.6092408,2.7092407,2.9092407,3.2092407,3.8092408,5.0092406,5.309241,6.9092407,8.509241,9.80924,10.609241,11.909241,13.909241,15.80924,17.509241,19.009241,19.80924,20.30924,20.509241,20.109241,18.70924,16.009241,14.30924,11.609241,8.409241,9.209241,10.109241,8.80924,8.409241,5.9092407,1.8092407,1.9092407,-0.09075928,-1.1907593,-2.4907594,-2.4907594,-0.49075928,1.1092408,0.9092407,-1.5907593,-3.4907594,-5.0907593,-5.9907594,-5.8907595,-5.8907595,-5.690759,-4.690759,-3.9907594,-5.290759,-6.3907595
-0.6907593,0.109240726,2.0092406,3.7092407,4.1092405,4.5092406,5.0092406,5.5092406,5.0092406,3.9092407,3.2092407,2.7092407,3.1092408,4.309241,5.4092407,7.209241,7.1092405,7.9092407,9.109241,10.709241,12.80924,14.509241,15.709241,17.30924,18.109241,18.20924,18.009241,18.30924,18.40924,17.40924,15.409241,14.209241,11.609241,8.109241,6.5092406,6.4092407,5.9092407,5.809241,5.0092406,2.0092406,2.3092408,0.8092407,-0.3907593,0.40924072,0.50924075,0.009240722,0.9092407,-1.1907593,-2.2907593,-2.6907592,-3.1907592,-4.290759,-5.4907594,-5.8907595,-6.9907594,-5.690759,-3.1907592,-3.3907592,-4.8907595
-0.19075927,1.0092407,1.4092407,2.4092407,2.4092407,2.7092407,4.5092406,5.809241,5.209241,4.1092405,2.4092407,2.2092407,3.2092407,4.309241,3.6092408,4.809241,6.309241,7.809241,8.709241,10.80924,12.509241,13.80924,14.909241,15.609241,16.30924,16.109241,16.509241,16.90924,17.20924,16.70924,14.609241,12.009241,9.109241,6.4092407,5.6092405,3.0092406,2.7092407,3.6092408,3.7092407,3.5092406,2.5092406,2.0092406,1.0092407,1.5092407,0.109240726,0.009240722,1.8092407,1.2092407,-0.19075927,-0.49075928,-1.2907593,-2.0907593,-3.3907592,-3.4907594,-3.3907592,-4.3907595,-4.9907594,-4.690759,-5.690759
0.50924075,-0.99075925,0.109240726,0.9092407,0.50924075,1.3092407,2.7092407,2.0092406,0.40924072,-0.5907593,-0.5907593,0.30924073,1.2092407,1.2092407,0.50924075,2.3092408,3.7092407,5.809241,7.709241,9.109241,10.80924,12.609241,12.909241,13.209241,14.109241,15.409241,15.709241,16.009241,16.20924,15.409241,13.30924,10.109241,6.6092405,4.6092405,4.0092406,1.6092408,1.2092407,1.9092407,3.9092407,5.1092405,4.6092405,3.4092407,2.8092408,1.8092407,0.50924075,-0.3907593,1.0092407,1.9092407,1.8092407,1.5092407,0.70924073,-0.29075927,-0.79075927,-1.1907593,-1.0907593,-0.99075925,-2.4907594,-4.0907593,-5.290759
-1.1907593,-0.6907593,0.009240722,0.009240722,-0.3907593,-0.3907593,-0.49075928,-1.4907593,-2.4907594,-2.9907594,-2.6907592,-1.9907593,-1.4907593,-2.6907592,-3.0907593,-0.19075927,1.3092407,3.9092407,5.309241,6.5092406,9.80924,11.209241,12.009241,12.109241,13.30924,14.609241,14.30924,14.209241,14.409241,13.509241,11.909241,9.709241,6.809241,4.9092407,2.8092408,1.8092407,1.6092408,2.0092406,3.2092407,5.0092406,6.709241,6.4092407,5.709241,5.0092406,4.5092406,3.7092407,2.1092408,1.5092407,2.7092407,2.7092407,2.8092408,2.0092406,1.0092407,0.40924072,-0.19075927,-0.5907593,-0.09075928,0.70924073,-3.0907593
-0.3907593,0.109240726,1.1092408,0.6092407,-0.49075928,-1.8907592,-1.8907592,-2.4907594,-3.8907592,-3.8907592,-3.6907592,-4.3907595,-3.8907592,-3.2907593,-3.8907592,-1.4907593,-0.8907593,0.70924073,1.7092407,3.5092406,7.4092407,10.709241,13.109241,14.709241,15.209241,13.80924,12.409241,12.109241,12.30924,10.30924,9.509241,9.209241,7.6092405,6.0092406,4.5092406,2.5092406,3.0092406,4.4092407,5.9092407,6.4092407,6.6092405,8.109241,8.209241,7.709241,7.709241,7.9092407,7.6092405,6.6092405,5.309241,5.6092405,5.709241,6.5092406,6.0092406,4.309241,2.9092407,1.5092407,1.2092407,2.3092408,3.7092407
0.20924072,-0.09075928,0.20924072,0.009240722,-1.1907593,-1.6907593,-2.9907594,-4.690759,-6.690759,-6.3907595,-6.290759,-6.4907594,-5.690759,-4.9907594,-3.1907592,-2.5907593,-1.3907592,-0.99075925,-0.49075928,1.7092407,5.4092407,8.909241,12.30924,14.80924,14.109241,10.409241,9.209241,10.30924,9.509241,6.209241,3.1092408,4.1092405,5.9092407,7.209241,8.009241,6.4092407,5.9092407,7.809241,9.509241,10.209241,9.409241,8.509241,9.709241,9.509241,9.30924,9.909241,10.80924,10.009241,8.909241,8.509241,8.709241,10.109241,11.109241,10.209241,8.609241,6.9092407,4.309241,3.8092408,4.0092406
-2.7907593,-4.3907595,-5.4907594,-6.3907595,-5.8907595,-5.9907594,-5.790759,-6.9907594,-8.890759,-9.490759,-9.090759,-7.190759,-6.9907594,-5.790759,-5.790759,-4.0907593,-2.7907593,-2.5907593,-0.99075925,1.1092408,4.209241,6.309241,9.509241,10.609241,6.9092407,7.1092405,8.609241,8.609241,5.309241,-0.09075928,0.30924073,1.9092407,3.0092406,6.0092406,8.30924,9.509241,10.609241,11.109241,11.509241,12.109241,11.609241,10.709241,10.209241,10.709241,10.80924,11.109241,12.009241,11.80924,11.30924,11.009241,11.009241,11.80924,12.609241,13.30924,13.109241,11.909241,10.209241,6.4092407,5.209241
-9.790759,-8.19076,-6.8907595,-8.19076,-7.8907595,-8.090759,-9.490759,-6.690759,-7.0907593,-8.990759,-8.390759,-6.790759,-6.690759,-7.790759,-6.8907595,-6.190759,-4.790759,-4.4907594,-2.7907593,-0.8907593,2.4092407,5.5092406,6.1092405,5.1092405,2.6092408,5.5092406,6.5092406,2.3092408,-1.6907593,-3.2907593,-1.5907593,0.009240722,0.8092407,2.9092407,5.9092407,8.509241,10.009241,10.909241,10.909241,11.609241,12.509241,12.509241,12.80924,12.609241,12.009241,12.709241,13.009241,13.209241,12.80924,12.109241,12.609241,13.209241,13.609241,14.009241,14.209241,13.709241,12.509241,10.209241,6.9092407
-9.990759,-9.790759,-9.790759,-9.390759,-8.390759,-8.090759,-8.990759,-9.290759,-7.9907594,-8.090759,-7.790759,-7.190759,-7.3907595,-7.690759,-7.0907593,-6.790759,-5.9907594,-4.8907595,-3.9907594,-2.7907593,-0.09075928,3.4092407,3.0092406,2.4092407,-0.3907593,1.6092408,-1.4907593,-5.190759,-7.0907593,-4.690759,-2.2907593,-1.4907593,-0.6907593,0.70924073,2.9092407,5.209241,7.309241,8.209241,8.609241,8.409241,9.709241,12.209241,14.409241,15.80924,16.20924,14.909241,14.209241,14.80924,13.109241,11.409241,11.509241,12.409241,12.909241,12.909241,12.409241,11.909241,11.409241,10.709241,9.30924
-7.3907595,-9.390759,-8.990759,-9.090759,-9.090759,-10.090759,-8.790759,-8.790759,-7.690759,-8.990759,-6.190759,-6.790759,-5.9907594,-7.5907593,-6.9907594,-8.090759,-7.5907593,-6.3907595,-4.4907594,-4.9907594,-3.7907593,-1.2907593,1.4092407,2.9092407,-0.09075928,-3.1907592,-7.690759,-8.790759,-7.0907593,-5.5907593,-4.190759,-2.9907594,-2.5907593,-2.5907593,0.70924073,4.9092407,5.809241,5.5092406,4.6092405,5.6092405,6.9092407,8.109241,9.509241,11.609241,14.609241,16.609241,16.90924,15.609241,15.80924,13.609241,11.609241,11.509241,12.30924,13.209241,13.609241,14.109241,14.109241,13.209241,12.009241
-8.69076,-8.590759,-7.5907593,-6.9907594,-8.290759,-10.290759,-9.69076,-8.69076,-7.3907595,-7.790759,-8.390759,-6.5907593,-5.790759,-7.5907593,-7.190759,-7.4907594,-8.19076,-7.290759,-5.4907594,-6.3907595,-7.790759,-5.0907593,-1.7907593,-4.290759,-4.4907594,-7.790759,-11.890759,-10.590759,-8.790759,-6.790759,-4.790759,-3.4907594,-2.7907593,-0.79075927,-0.3907593,2.2092407,4.0092406,5.4092407,6.9092407,8.609241,9.709241,10.909241,11.80924,12.509241,13.30924,13.80924,14.009241,15.009241,16.70924,16.509241,14.30924,13.80924,14.609241,15.909241,17.40924,18.70924,19.509241,19.20924,17.80924
-9.390759,-8.790759,-6.790759,-5.9907594,-7.3907595,-10.69076,-8.890759,-7.790759,-7.8907595,-7.190759,-8.390759,-8.090759,-6.290759,-6.5907593,-6.5907593,-7.8907595,-8.490759,-8.090759,-6.190759,-7.9907594,-10.990759,-9.290759,-10.490759,-12.090759,-11.390759,-13.490759,-12.590759,-12.390759,-9.790759,-6.8907595,-4.4907594,-2.8907592,-1.8907592,0.009240722,1.0092407,1.7092407,4.0092406,6.309241,7.6092405,7.6092405,6.809241,6.309241,6.5092406,7.5092406,9.109241,11.209241,13.509241,15.009241,15.509241,17.509241,19.70924,20.70924,21.40924,22.20924,23.30924,24.20924,24.90924,24.609241,23.509241
-10.890759,-9.590759,-6.8907595,-5.4907594,-7.790759,-8.290759,-7.690759,-8.790759,-8.090759,-6.690759,-7.5907593,-7.190759,-7.190759,-7.4907594,-8.090759,-8.890759,-9.090759,-9.790759,-7.3907595,-9.790759,-11.590759,-13.090759,-16.79076,-18.69076,-17.990759,-15.090759,-13.790759,-12.290759,-9.290759,-7.690759,-6.0907593,-4.0907593,-2.2907593,-0.99075925,0.9092407,2.2092407,3.8092408,5.1092405,4.6092405,2.3092408,0.50924075,-0.49075928,-0.99075925,-0.79075927,-0.09075928,2.4092407,6.5092406,10.609241,13.909241,16.30924,18.109241,19.70924,20.70924,21.40924,22.109241,23.009241,24.109241,25.30924,26.009241
-10.990759,-10.890759,-7.790759,-7.690759,-8.390759,-6.8907595,-6.8907595,-8.590759,-7.4907594,-5.8907595,-4.3907595,-5.290759,-6.5907593,-6.790759,-9.090759,-9.290759,-7.5907593,-9.890759,-9.790759,-10.790759,-11.590759,-13.890759,-16.29076,-17.890759,-15.990759,-13.890759,-12.890759,-10.990759,-8.390759,-6.3907595,-5.5907593,-4.790759,-3.5907593,-2.1907592,-0.5907593,0.40924072,1.6092408,1.5092407,-0.19075927,-3.1907592,-5.690759,-7.5907593,-8.790759,-9.69076,-9.69076,-8.290759,-5.5907593,-1.8907592,2.1092408,5.5092406,7.9092407,9.109241,9.609241,10.709241,12.909241,15.709241,18.009241,20.20924,22.70924
-9.090759,-10.390759,-10.790759,-9.390759,-8.490759,-9.990759,-9.290759,-7.8907595,-7.790759,-7.190759,-4.8907595,-3.2907593,-3.1907592,-6.3907595,-8.290759,-7.9907594,-8.19076,-7.190759,-9.890759,-11.69076,-9.790759,-12.490759,-13.390759,-13.890759,-12.290759,-10.990759,-10.290759,-9.19076,-7.4907594,-5.690759,-5.0907593,-5.190759,-5.0907593,-3.8907592,-2.5907593,-1.7907593,-1.2907593,-1.7907593,-4.4907594,-8.490759,-12.490759,-15.490759,-17.09076,-17.390759,-16.29076,-14.390759,-11.890759,-9.390759,-7.0907593,-5.3907595,-4.790759,-4.9907594,-4.290759,-0.79075927,4.709241,10.509241,15.209241,18.109241,19.70924
-6.3907595,-6.690759,-7.190759,-6.3907595,-6.190759,-6.3907595,-7.790759,-8.090759,-6.190759,-5.3907595,-4.190759,-2.7907593,-2.0907593,-3.6907592,-4.690759,-6.190759,-7.9907594,-6.190759,-5.790759,-9.19076,-10.090759,-9.290759,-11.090759,-9.290759,-8.490759,-7.4907594,-7.290759,-6.3907595,-5.790759,-5.290759,-5.290759,-4.690759,-3.9907594,-3.8907592,-3.8907592,-3.6907592,-3.1907592,-4.5907593,-7.9907594,-12.19076,-16.09076,-18.09076,-18.79076,-19.09076,-18.990759,-18.59076,-17.990759,-17.09076,-15.990759,-14.890759,-13.390759,-11.490759,-9.790759,-6.9907594,-1.8907592,5.6092405,13.109241,18.109241,20.40924
