wind-weather/data/weather/current/current-wind-isobaric-70hPa-gfs-1.0.json
{"header": {"discipline":0,"disciplineName":"Meteorologicalproducts","gribEdition":2,"gribLength":52786,"center":7,"centerName":"USNationalWeatherService-NCEP(WMC)","subcenter":0,"refTime":"2017-11-24T12:00:00.000Z","significanceOfRT":0,"significanceOfRTName":"Analysis","productStatus":0,"productStatusName":"Operationalproducts","productType":0,"productTypeName":"Analysisproducts","productDefinitionTemplate":0,"productDefinitionTemplateName":"Analysis/forecastathorizontallevel/layeratapointintime","parameterCategory":2,"parameterCategoryName":"Momentum","parameterNumber":2,"parameterNumberName":"U-component_of_wind","parameterUnit":"m.s-1","genProcessType":0,"genProcessTypeName":"Analysis","forecastTime":0,"surface1Type":100,"surface1TypeName":"Isobaricsurface","surface1Value":7000.0,"surface2Type":255,"surface2TypeName":"Missing","surface2Value":0.0,"gridDefinitionTemplate":0,"gridDefinitionTemplateName":"Latitude_Longitude","numberPoints":65160,"shape":6,"shapeName":"Earthsphericalwithradiusof6,371,229.0m","gridUnits":"degrees","resolution":48,"winds":"true","scanMode":0,"nx":360,"ny":181,"basicAngle":0,"lo1":0.0,"la1":90.0,"lo2":359.0,"la2":-90.0,"dx":1.0,"dy":1.0}, "data":
[rows 81 to 107 of 181, columns 0 to 60 of 360]
3.9406812,4.150681,4.130681,3.9306812,3.590681,3.070681,2.5406811,1.8106811,0.97068113,0.58068115,0.41068116,1.0306811,1.9306811,2.4906812,2.7906811,3.2806811,3.7306812,3.9906812,3.9906812,3.830681,3.570681,3.3906813,3.330681,3.370681,3.5106812,3.800681,4.220681,4.800681,5.400681,5.840681,6.0606813,6.180681,6.380681,6.400681,5.880681,5.400681,5.000681,4.920681,4.710681,4.320681,3.9306812,3.4906812,2.9406812,2.590681,2.340681,2.120681,2.300681,2.880681,3.570681,4.1406813,4.420681,4.380681,4.220681,4.250681,4.400681,4.460681,4.430681,4.3306813,4.170681,3.9706812,3.7006812
3.9306812,4.0406814,3.9706812,3.6506813,3.2606812,2.7806811,2.300681,1.7206812,1.4406811,1.4106811,1.9306811,2.580681,3.0006812,3.4306812,3.9506812,4.450681,4.750681,4.8506813,4.840681,4.730681,4.3706813,3.9106812,3.5406811,3.360681,3.380681,3.560681,3.8906813,4.380681,5.0406814,5.630681,6.050681,6.420681,6.740681,6.940681,6.800681,6.230681,5.430681,5.200681,4.7906814,4.3706813,3.850681,3.5406811,3.4206812,3.2206812,3.090681,3.060681,3.2506812,3.6706812,4.150681,4.5406814,4.6606812,4.510681,4.400681,4.550681,4.900681,5.3106813,5.5606813,5.5406814,5.280681,5.000681,4.6406813
4.110681,4.280681,4.170681,3.9206812,3.320681,2.7006812,2.300681,2.2806811,2.4806812,2.8906813,3.380681,3.6706812,4.110681,4.670681,5.3306813,5.8506813,6.070681,5.990681,5.9106812,5.680681,5.180681,4.5806813,3.9806812,3.610681,3.4606812,3.4706812,3.550681,3.9206812,4.530681,5.1006813,5.570681,6.0406814,6.5606813,7.010681,7.050681,6.750681,6.4106812,5.500681,5.1206813,4.8706813,4.360681,3.9706812,3.9106812,4.0406814,3.9606812,3.840681,4.0606813,4.550681,4.920681,5.090681,4.980681,4.750681,4.680681,4.8506813,5.210681,5.8306813,6.400681,6.6006813,6.480681,6.220681,5.710681
4.070681,3.6406813,3.560681,3.320681,2.8906813,2.6606812,2.7206812,3.110681,3.5306811,4.0206814,4.3906813,4.800681,5.510681,6.250681,6.860681,7.280681,7.340681,7.1406813,6.880681,6.5406814,6.1206813,5.5406814,4.840681,4.280681,3.9806812,3.7206812,3.580681,3.7506812,4.130681,4.5606813,5.0406814,5.650681,6.2706814,6.9106812,7.210681,7.050681,6.550681,6.3106813,5.8306813,5.420681,5.090681,4.780681,4.6606812,4.8106813,4.8506813,4.860681,5.0806813,5.490681,5.780681,5.730681,5.480681,5.260681,5.250681,5.5206814,5.980681,6.630681,7.2706814,7.530681,7.450681,7.230681,6.760681
4.050681,3.620681,3.3906813,3.0306811,2.6506813,2.630681,3.050681,3.610681,4.1206813,4.630681,5.230681,6.090681,6.950681,7.570681,8.190681,8.550681,8.380681,8.030682,7.5806813,7.1406813,6.730681,6.190681,5.480681,4.880681,4.420681,4.130681,3.9506812,3.9906812,4.220681,4.430681,4.8106813,5.530681,6.220681,6.8306813,7.050681,7.110681,7.3106813,7.3506813,6.980681,6.380681,5.700681,5.550681,5.590681,5.630681,5.920681,6.1206813,6.340681,6.5206814,6.490681,6.3906813,6.260681,6.110681,6.070681,6.3106813,6.800681,7.490681,8.190681,8.370681,8.240681,7.950681,7.5606813
3.9806812,3.6706812,3.2506812,2.7706811,2.5006812,2.7406812,3.1906812,3.800681,4.440681,5.200681,6.3506813,7.360681,8.020681,8.670681,9.210681,9.320682,8.990681,8.4006815,7.8306813,7.4106812,7.070681,6.680681,6.110681,5.460681,4.970681,4.590681,4.320681,4.2706814,4.460681,4.7706814,5.150681,5.570681,5.920681,6.380681,6.8106813,7.220681,7.610681,7.820681,7.710681,7.250681,6.740681,6.320681,6.210681,6.450681,6.840681,7.3106813,7.6006813,7.6406813,7.480681,7.280681,7.170681,7.090681,7.090681,7.3106813,7.800681,8.530682,9.210681,9.340681,9.060681,8.720681,8.360682
3.7406812,3.3906813,2.9906812,2.7606812,2.6806812,2.880681,3.3906813,4.190681,4.920681,5.8306813,7.0206814,8.170681,9.140681,9.700681,10.070682,10.200681,9.760681,8.920681,8.130681,7.710681,7.5606813,7.3306813,6.8106813,6.1006813,5.490681,5.090681,4.860681,4.710681,4.730681,4.970681,5.430681,5.940681,5.980681,6.090681,6.5406814,7.030681,7.490681,7.8306813,8.030682,7.860681,7.5606813,7.4106812,7.220681,7.1406813,7.3906813,7.930681,8.430681,8.610682,8.500681,8.300681,8.170681,8.140681,8.270681,8.660681,9.210681,9.9006815,10.220681,10.120681,9.620681,9.220681,8.920681
3.2606812,3.060681,3.050681,3.060681,3.050681,3.2906811,4.0606813,4.8306813,5.570681,6.730681,8.110682,9.200681,10.140681,10.800681,11.130681,11.250681,10.740681,9.740681,8.680681,8.130681,8.030682,7.7906814,7.110681,6.340681,5.800681,5.5206814,5.4106812,5.2906814,5.150681,5.3106813,5.6006813,5.900681,5.940681,5.990681,6.1006813,6.670681,7.280681,7.7906814,8.090681,8.1506815,8.230681,8.360682,8.340681,8.390681,8.4006815,8.530682,8.730681,8.760681,8.690681,8.690681,8.790681,9.010681,9.380681,9.910681,10.4006815,10.850681,10.840681,10.4006815,9.6506815,9.1506815,8.960681
3.110681,2.9406812,3.060681,3.2606812,3.4906812,4.0206814,4.820681,5.590681,6.670681,8.1506815,9.360682,10.210681,11.200681,11.850681,11.940681,12.040681,11.360682,10.200681,8.980681,8.240681,8.030682,7.670681,6.8906813,6.260681,5.950681,5.860681,5.780681,5.530681,5.360681,5.420681,5.590681,5.610681,5.720681,5.8906813,6.090681,6.420681,7.010681,7.730681,8.260681,8.470681,8.550681,8.760681,8.910681,8.950681,9.060681,9.320682,9.460681,9.490681,9.550681,9.760681,9.980681,10.180681,10.410681,10.680681,11.030682,11.240681,11.1506815,10.580681,9.700681,9.060681,8.780682
3.300681,3.2206812,3.4106812,3.7206812,4.420681,5.400681,6.400681,7.360681,8.540681,9.730681,10.580681,11.080681,11.800681,12.220681,12.390681,12.210681,11.060681,9.670681,8.470681,7.7906814,7.4106812,6.950681,6.2706814,5.840681,5.590681,5.490681,5.1406813,4.6406813,4.550681,4.6206813,5.0606813,5.180681,5.320681,5.5406814,5.8306813,6.190681,6.8306813,7.460681,8.120681,8.550681,8.920681,9.330681,9.600681,9.770681,9.930681,10.230681,10.680681,11.190681,11.510681,11.700681,11.800681,11.740681,11.580681,11.540681,11.580681,11.450681,11.090681,10.420681,9.550681,8.890681,8.450681
3.7506812,3.7406812,4.070681,4.680681,5.510681,6.7706814,8.000681,8.950681,10.000681,11.130681,11.530682,11.520681,11.450681,11.480681,11.510681,10.690681,9.230681,7.8506813,6.6206813,6.360681,6.010681,5.490681,5.0406814,4.820681,4.470681,4.030681,3.1906812,2.550681,2.5206811,2.7706811,3.120681,3.570681,4.0806813,4.570681,5.0806813,5.530681,6.180681,6.8906813,7.570681,8.180681,8.720681,9.370681,9.930681,10.4006815,10.680681,11.000681,11.480681,12.000681,12.390681,12.620681,12.690681,12.540681,12.310681,12.120681,11.840681,11.410681,10.820682,10.050681,9.190681,8.470681,7.940681
4.440681,4.5206814,4.960681,5.720681,6.510681,7.740681,9.220681,10.200681,11.010681,11.760681,11.500681,10.920681,10.240681,9.670681,9.190681,7.8906813,6.220681,4.700681,3.810681,3.840681,3.5206811,3.2806811,3.300681,3.310681,3.080681,2.5206811,1.4606812,1.0206811,1.0106812,1.1906811,1.3606812,2.0206811,2.6406813,3.2206812,3.6806812,4.220681,5.010681,5.740681,6.400681,6.990681,7.670681,8.390681,9.070682,9.6506815,10.080681,10.500681,11.000681,11.610682,12.110682,12.370681,12.370681,12.320682,12.260681,12.070682,11.790681,11.300681,10.570682,9.670681,8.6506815,7.720681,7.0406814
5.440681,5.510681,5.980681,6.7906814,7.5206814,8.570682,9.930681,10.560681,10.910681,10.950681,10.1506815,9.020681,7.840681,6.7906814,5.990681,4.500681,2.6506813,1.0106812,0.5506812,0.70068115,0.96068114,1.2906811,1.5506811,1.6406811,1.2806811,0.68068117,-0.22931884,-0.61931884,-0.84931886,-0.52931887,0.32068115,0.82068115,1.6106812,2.2506812,2.620681,3.300681,4.0406814,4.460681,4.940681,5.440681,6.130681,6.920681,7.630681,8.110682,8.480681,8.840681,9.330681,9.930681,10.540681,10.960681,11.230681,11.480681,11.640681,11.6506815,11.330681,10.690681,9.870681,8.960681,7.990681,7.000681,6.210681
6.5606813,6.610681,7.030681,7.800681,8.290681,8.820682,9.570682,9.770681,9.590681,8.780682,7.3506813,5.820681,4.340681,3.050681,2.130681,0.89068115,-0.84931886,-2.449319,-2.7193189,-2.159319,-1.4893188,-0.8293188,-0.14931884,0.070681155,-0.45931885,-1.1193188,-1.7093189,-2.2293189,-2.2993188,-2.3493187,-1.6093189,-0.66931885,0.28068116,0.9906812,1.3706812,1.9706812,2.320681,2.840681,3.2706811,3.7806811,4.490681,5.300681,5.960681,6.400681,6.730681,6.960681,7.220681,7.5806813,8.220681,9.120681,9.950681,10.430681,10.520681,10.420681,10.160681,9.670681,9.010681,8.140681,7.010681,5.7706814,4.6606812
7.5606813,7.6206813,7.610681,7.6206813,7.440681,7.300681,7.500681,7.3306813,6.630681,5.220681,3.570681,2.060681,0.6106812,-0.72931886,-1.6593188,-2.5593188,-4.1493187,-5.369319,-5.4193187,-4.549319,-3.5493188,-2.5493188,-1.5193188,-1.3393189,-1.8693188,-2.629319,-3.5693188,-4.2093186,-4.309319,-3.7393188,-2.5593188,-1.7293189,-1.0693189,-0.6993188,-0.60931885,-0.49931884,-0.32931885,-0.009318847,0.36068115,1.0706811,1.9806812,2.830681,3.5306811,3.840681,4.110681,4.3906813,4.820681,5.590681,6.550681,7.5606813,8.170681,8.290681,8.460681,8.6506815,8.710681,8.220681,7.420681,6.480681,5.360681,4.050681,2.9406812
7.700681,7.1606812,6.360681,5.740681,5.070681,4.510681,4.440681,4.1406813,3.2106812,1.6906811,0.060681153,-1.4393189,-2.7793188,-3.8193188,-4.579319,-5.159319,-6.349319,-7.289319,-7.059319,-6.3393188,-4.989319,-3.7093189,-2.5993187,-2.169319,-2.5193188,-3.0393188,-3.9793189,-4.889319,-5.1493187,-4.739319,-3.5193188,-2.619319,-2.189319,-2.0293188,-2.4793189,-2.8393188,-2.929319,-2.669319,-2.419319,-1.7093189,-0.8393189,0.110681154,1.0106812,1.5006812,2.060681,2.6706812,3.3906813,4.130681,4.7706814,5.360681,5.760681,6.0206814,6.3906813,6.360681,6.130681,5.6406813,4.860681,3.9406812,2.9806812,2.0306811,1.0306811
6.190681,5.0606813,3.830681,2.7106812,1.9206811,1.5806812,1.5406811,1.3206811,0.42068115,-1.2193189,-2.929319,-4.449319,-5.4393187,-5.969319,-6.4593186,-6.889319,-7.6893187,-8.239319,-8.009319,-7.369319,-6.3793187,-5.069319,-3.689319,-2.8093188,-3.2393188,-4.1893187,-5.029319,-5.699319,-5.429319,-5.099319,-4.469319,-3.5993187,-3.0893188,-2.929319,-3.379319,-3.7993188,-3.8293188,-3.5993187,-3.0793188,-2.3493187,-1.6493188,-0.8393189,-0.049318846,0.49068114,0.8506811,1.2106812,1.6606811,2.1406813,2.570681,2.9806812,3.310681,3.4906812,3.2006812,2.9106812,2.840681,2.4006813,1.7106812,1.1506811,0.6106812,-0.109318845,-0.99931884
3.4406812,2.0206811,0.64068115,-0.34931886,-0.81931883,-0.8393189,-0.67931885,-0.80931884,-1.7493188,-3.4793189,-5.279319,-6.5893188,-7.2293186,-7.4793186,-7.599319,-8.109319,-8.419319,-8.449319,-8.119319,-7.909319,-7.5893188,-6.2293186,-4.819319,-3.9593189,-4.159319,-5.159319,-6.009319,-6.6493187,-6.409319,-5.449319,-4.949319,-4.029319,-3.5493188,-3.649319,-3.949319,-4.239319,-4.429319,-4.289319,-3.659319,-2.9893188,-2.2993188,-1.7993188,-1.3493189,-1.1493188,-1.1693188,-0.93931884,-0.48931885,-0.049318846,0.25068116,0.39068115,0.35068116,0.17068115,-0.19931884,-0.35931885,-0.33931884,-0.71931887,-1.2693188,-1.6193188,-1.8893188,-2.389319,-3.159319
0.64068115,-0.61931884,-1.6393188,-2.399319,-2.7093189,-2.5993187,-2.3593187,-2.369319,-3.3093188,-5.059319,-6.819319,-8.059319,-8.429318,-8.529319,-8.689319,-8.819319,-8.839319,-8.469318,-8.189319,-8.509319,-8.479319,-6.929319,-5.569319,-4.889319,-5.099319,-5.5893188,-6.1293187,-6.929319,-7.079319,-6.6293187,-5.8593187,-5.199319,-4.869319,-4.6493187,-4.659319,-4.749319,-5.249319,-5.259319,-4.929319,-4.289319,-3.7693188,-3.4893188,-3.0493188,-2.8293188,-2.869319,-2.7793188,-2.5393188,-2.379319,-2.3193188,-2.3293188,-2.429319,-2.7093189,-3.0693188,-3.2193189,-3.3293188,-3.7093189,-4.029319,-4.1493187,-4.269319,-4.569319,-5.079319
-1.2093189,-2.129319,-2.9893188,-3.679319,-4.059319,-3.9893188,-3.639319,-3.5193188,-4.309319,-6.029319,-7.639319,-8.759319,-9.169319,-9.3493185,-9.379319,-9.259319,-8.979319,-8.639318,-8.369319,-8.969318,-8.999319,-7.8393188,-6.249319,-5.349319,-5.599319,-5.819319,-6.1093187,-6.999319,-6.9193187,-6.219319,-6.349319,-6.259319,-5.9593186,-5.849319,-5.529319,-5.619319,-5.9193187,-6.069319,-5.8793187,-5.4393187,-5.039319,-4.639319,-4.3593187,-4.309319,-4.489319,-4.519319,-4.549319,-4.599319,-4.679319,-4.759319,-4.949319,-5.239319,-5.4393187,-5.469319,-5.509319,-5.719319,-5.829319,-5.809319,-5.8993187,-6.009319,-6.179319
-2.449319,-3.119319,-3.8293188,-4.6093187,-5.139319,-5.049319,-4.6293187,-4.319319,-5.029319,-6.7093186,-8.229319,-9.269319,-9.759319,-9.929318,-9.829319,-9.569319,-9.269319,-9.219318,-9.019319,-9.289319,-9.339319,-8.469318,-7.039319,-6.029319,-5.559319,-4.909319,-5.369319,-6.529319,-6.5893188,-6.7293186,-6.6693187,-6.829319,-6.739319,-6.6093187,-6.309319,-6.1493187,-6.309319,-6.3993187,-6.469319,-6.369319,-6.1093187,-5.949319,-5.8593187,-5.819319,-6.099319,-6.4393187,-6.6293187,-6.639319,-6.599319,-6.6693187,-6.8793187,-7.159319,-7.349319,-7.349319,-7.1293187,-6.929319,-6.869319,-6.819319,-6.789319,-6.829319,-6.9393187
-3.2993188,-3.7193189,-4.269319,-5.029319,-5.659319,-5.749319,-5.389319,-5.029319,-5.539319,-7.019319,-8.519319,-9.499319,-10.029319,-10.299319,-10.379319,-10.169319,-9.659319,-9.629319,-9.549319,-9.339319,-9.299319,-9.139318,-8.289319,-7.059319,-6.409319,-6.739319,-6.369319,-6.489319,-6.8993187,-6.9193187,-7.029319,-7.3393188,-7.329319,-6.969319,-6.809319,-6.6693187,-6.8393188,-6.989319,-7.309319,-7.4393187,-7.289319,-7.219319,-7.199319,-7.119319,-7.509319,-7.909319,-8.009319,-7.909319,-7.809319,-7.799319,-8.019319,-8.369319,-8.709319,-8.759319,-8.449319,-7.969319,-7.7093186,-7.679319,-7.6893187,-7.699319,-7.6293187
-3.919319,-4.1893187,-4.529319,-5.079319,-5.7293186,-5.999319,-5.799319,-5.489319,-5.829319,-7.059319,-8.519319,-9.5993185,-9.989319,-10.259319,-10.469318,-10.289319,-9.719318,-9.649319,-9.739319,-9.759319,-9.889318,-9.779319,-8.729319,-7.869319,-7.069319,-7.029319,-7.029319,-7.079319,-7.369319,-7.449319,-7.6293187,-7.799319,-7.769319,-7.539319,-7.299319,-7.159319,-7.309319,-7.4593186,-7.9393187,-8.329319,-8.399319,-8.449319,-8.3493185,-8.159319,-8.249319,-8.609319,-8.779319,-8.649319,-8.539319,-8.569319,-8.749319,-9.049319,-9.379319,-9.539319,-9.449319,-8.979319,-8.479319,-8.289319,-8.259319,-8.289319,-8.299319
-4.369319,-4.5893188,-4.819319,-5.1893187,-5.679319,-5.949319,-5.849319,-5.6693187,-5.8793187,-6.8593187,-8.209319,-9.229319,-9.899319,-10.179318,-10.239319,-9.829319,-9.269319,-9.269319,-9.639318,-9.959319,-10.059319,-9.789319,-8.979319,-8.309319,-7.9793186,-7.779319,-7.8993187,-7.759319,-7.9793186,-8.379319,-8.649319,-8.619319,-8.489319,-8.189319,-7.999319,-7.849319,-7.8993187,-8.0993185,-8.429318,-8.739319,-9.029319,-9.209319,-9.139318,-9.069319,-9.119319,-9.309319,-9.199319,-8.939319,-8.889318,-9.049319,-9.229319,-9.389318,-9.579319,-10.019319,-9.969318,-9.5993185,-9.109319,-8.719318,-8.539319,-8.509319,-8.529319
-4.999319,-4.999319,-5.1093187,-5.409319,-5.809319,-5.9793186,-5.949319,-5.8593187,-6.039319,-6.759319,-7.789319,-8.759319,-9.339319,-9.439319,-9.689319,-9.379319,-8.899319,-8.949319,-9.3493185,-9.609319,-10.019319,-9.909319,-9.359319,-8.699319,-8.669319,-8.519319,-8.479319,-8.329319,-8.589319,-8.939319,-9.199319,-9.279319,-8.989319,-8.579319,-8.399319,-8.299319,-8.289319,-8.429318,-8.839319,-9.219318,-9.629319,-9.749319,-9.709319,-9.729319,-9.759319,-9.689319,-9.319319,-8.859319,-8.839319,-9.129319,-9.449319,-9.559319,-9.569319,-10.079319,-9.979319,-9.839319,-9.549319,-9.069319,-8.709319,-8.699319,-8.659319
-5.549319,-5.6493187,-5.6293187,-5.7093186,-5.989319,-6.139319,-6.069319,-6.009319,-6.1493187,-6.679319,-7.4193187,-8.009319,-8.489319,-9.009319,-8.879319,-8.859319,-8.539319,-8.449319,-8.829319,-9.009319,-9.569319,-9.809319,-9.169319,-8.779319,-8.929318,-8.889318,-8.789319,-8.579319,-8.779319,-9.139318,-9.309319,-9.339319,-9.139318,-8.769319,-8.569319,-8.499319,-8.489319,-8.5993185,-8.889318,-9.189319,-9.439319,-9.649319,-9.909319,-9.879319,-9.829319,-9.739319,-9.379319,-8.889318,-8.749319,-8.779319,-9.079319,-9.359319,-9.339319,-9.719318,-9.649319,-9.659319,-9.479319,-9.0993185,-8.709319,-8.579319,-8.559319
-5.719319,-5.8793187,-6.079319,-6.199319,-6.369319,-6.4793186,-6.3993187,-6.369319,-6.3393188,-6.619319,-7.019319,-7.279319,-7.639319,-8.079319,-8.0993185,-7.9393187,-7.969319,-7.829319,-7.969319,-8.269319,-8.699319,-9.119319,-8.669319,-8.399319,-8.5993185,-8.749319,-8.659319,-8.459319,-8.5993185,-8.979319,-9.199319,-9.189319,-9.149319,-8.909319,-8.649319,-8.369319,-8.219318,-8.249319,-8.449319,-8.649319,-8.909319,-9.219318,-9.419319,-9.409319,-9.379319,-9.289319,-9.019319,-8.789319,-8.639318,-8.409319,-8.3493185,-8.5993185,-8.739319,-8.919319,-8.929318,-8.989319,-9.109319,-8.949319,-8.539319,-8.139318,-7.9193187
