wind-weather/data/weather/current/current-wind-isobaric-850hPa-gfs-1.0.json
{"header": {"discipline":0,"disciplineName":"Meteorologicalproducts","gribEdition":2,"gribLength":75018,"center":7,"centerName":"USNationalWeatherService-NCEP(WMC)","subcenter":0,"refTime":"2017-11-24T12:00:00.000Z","significanceOfRT":0,"significanceOfRTName":"Analysis","productStatus":0,"productStatusName":"Operationalproducts","productType":0,"productTypeName":"Analysisproducts","productDefinitionTemplate":0,"productDefinitionTemplateName":"Analysis/forecastathorizontallevel/layeratapointintime","parameterCategory":2,"parameterCategoryName":"Momentum","parameterNumber":2,"parameterNumberName":"U-component_of_wind","parameterUnit":"m.s-1","genProcessType":0,"genProcessTypeName":"Analysis","forecastTime":0,"surface1Type":100,"surface1TypeName":"Isobaricsurface","surface1Value":85000.0,"surface2Type":255,"surface2TypeName":"Missing","surface2Value":0.0,"gridDefinitionTemplate":0,"gridDefinitionTemplateName":"Latitude_Longitude","numberPoints":65160,"shape":6,"shapeName":"Earthsphericalwithradiusof6,371,229.0m","gridUnits":"degrees","resolution":48,"winds":"true","scanMode":0,"nx":360,"ny":181,"basicAngle":0,"lo1":0.0,"la1":90.0,"lo2":359.0,"la2":-90.0,"dx":1.0,"dy":1.0}, "data":
[rows 0 to 25 of 181, columns 60 to 119 of 360]
-2.525354,-2.625354,-2.715354,-2.815354,-2.915354,-3.005354,-3.105354,-3.195354,-3.295354,-3.385354,-3.475354,-3.565354,-3.655354,-3.735354,-3.825354,-3.915354,-3.995354,-4.075354,-4.155354,-4.235354,-4.315354,-4.395354,-4.475354,-4.545354,-4.625354,-4.695354,-4.765354,-4.835354,-4.905354,-4.965354,-5.035354,-5.095354,-5.155354,-5.215354,-5.275354,-5.335354,-5.385354,-5.445354,-5.495354,-5.545354,-5.595354,-5.645354,-5.685354,-5.725354,-5.775354,-5.815354,-5.845354,-5.885354,-5.925354,-5.955354,-5.985354,-6.015354,-6.045354,-6.065354,-6.095354,-6.115354,-6.135354,-6.155354,-6.165354,-6.185354
-4.335354,-4.435354,-4.535354,-4.645354,-4.745354,-4.855354,-4.965354,-5.075354,-5.185354,-5.305354,-5.415354,-5.525354,-5.645354,-5.755354,-5.865354,-5.985354,-6.095354,-6.215354,-6.335354,-6.455354,-6.575354,-6.695354,-6.805354,-6.925354,-7.035354,-7.145354,-7.255354,-7.355354,-7.465354,-7.575354,-7.685354,-7.775354,-7.885354,-7.975354,-8.085354,-8.175354,-8.275354,-8.365354,-8.455354,-8.545354,-8.635354,-8.725354,-8.825354,-8.915354,-8.995354,-9.065354,-9.135354,-9.215354,-9.285354,-9.345354,-9.415354,-9.475354,-9.545354,-9.605354,-9.655354,-9.715354,-9.765354,-9.815354,-9.855354,-9.895354
-3.435354,-3.575354,-3.715354,-3.855354,-3.995354,-4.145354,-4.305354,-4.455354,-4.595354,-4.745354,-4.885354,-5.055354,-5.215354,-5.365354,-5.505354,-5.645354,-5.795354,-5.945354,-6.095354,-6.235354,-6.365354,-6.495354,-6.635354,-6.765354,-6.885354,-7.005354,-7.105354,-7.215354,-7.325354,-7.435354,-7.545354,-7.645354,-7.745354,-7.825354,-7.905354,-7.985354,-8.065354,-8.145354,-8.215354,-8.265354,-8.315354,-8.385354,-8.455354,-8.505354,-8.535354,-8.575354,-8.615354,-8.675354,-8.725354,-8.745354,-8.765354,-8.805354,-8.845354,-8.895354,-8.925354,-8.955354,-8.975354,-9.025354,-9.075354,-9.115354
0.774646,0.544646,0.304646,0.034645997,-0.225354,-0.495354,-0.785354,-1.105354,-1.405354,-1.685354,-2.025354,-2.375354,-2.665354,-2.955354,-3.245354,-3.565354,-3.905354,-4.175354,-4.435354,-4.745354,-5.065354,-5.285354,-5.515354,-5.795354,-6.045354,-6.245354,-6.425354,-6.595354,-6.805354,-7.035354,-7.175354,-7.325354,-7.495354,-7.655354,-7.785354,-7.905354,-8.015354,-8.135354,-8.255354,-8.355354,-8.455354,-8.535354,-8.625354,-8.715354,-8.785354,-8.865354,-8.935354,-9.005354,-9.065354,-9.135354,-9.185354,-9.245354,-9.305354,-9.355354,-9.395354,-9.445354,-9.495354,-9.535354,-9.575354,-9.635354
4.304646,3.994646,3.684646,3.374646,3.074646,2.794646,2.524646,2.274646,2.024646,1.794646,1.564646,1.304646,1.044646,0.764646,0.474646,0.154646,-0.18535401,-0.535354,-0.89535403,-1.265354,-1.655354,-2.035354,-2.405354,-2.765354,-3.155354,-3.505354,-3.845354,-4.265354,-4.565354,-4.905354,-5.315354,-5.565354,-5.815354,-6.085354,-6.455354,-6.725354,-6.985354,-7.325354,-7.545354,-7.785354,-8.055354,-8.265354,-8.445354,-8.635354,-8.855354,-8.995354,-9.145354,-9.315354,-9.415354,-9.525354,-9.645354,-9.715354,-9.795354,-9.875354,-9.985354,-10.075354,-10.165354,-10.235354,-10.325354,-10.385354
6.504646,6.184646,5.874646,5.404646,4.944646,4.434646,3.914646,3.394646,2.924646,2.534646,2.154646,1.954646,1.804646,1.674646,1.574646,1.524646,1.474646,1.424646,1.364646,1.354646,1.324646,1.274646,1.274646,1.114646,0.974646,0.834646,0.614646,0.364646,0.104646,-0.21535401,-0.545354,-0.89535403,-1.225354,-1.565354,-1.895354,-2.215354,-2.545354,-2.855354,-3.145354,-3.465354,-3.775354,-4.095354,-4.425354,-4.755354,-5.085354,-5.475354,-5.815354,-6.185354,-6.545354,-6.875354,-7.215354,-7.505354,-7.755354,-8.095354,-8.375354,-8.585354,-8.845354,-9.185354,-9.385354,-9.705354
6.184646,6.194646,6.244646,6.264646,6.264646,6.134646,5.864646,5.564646,5.084646,4.544646,3.934646,3.324646,2.774646,2.314646,1.874646,1.604646,1.374646,1.084646,0.884646,0.594646,0.424646,0.244646,0.064646,-0.045354005,-0.125354,-0.175354,-0.205354,-0.21535401,-0.21535401,-0.195354,-0.195354,-0.18535401,-0.175354,-0.175354,-0.195354,-0.225354,-0.265354,-0.335354,-0.415354,-0.515354,-0.625354,-0.725354,-0.885354,-1.045354,-1.185354,-1.395354,-1.605354,-1.775354,-2.035354,-2.185354,-2.525354,-2.815354,-3.045354,-3.355354,-3.625354,-3.955354,-4.245354,-4.545354,-4.835354,-5.155354
6.344646,6.134646,5.904646,5.674646,5.464646,5.334646,5.284646,5.314646,5.384646,5.434646,5.434646,5.364646,5.134646,4.844646,4.374646,3.934646,3.464646,3.034646,2.644646,2.254646,1.914646,1.574646,1.244646,0.924646,0.644646,0.404646,0.20464599,0.024645995,-0.125354,-0.295354,-0.435354,-0.575354,-0.765354,-0.925354,-1.095354,-1.235354,-1.385354,-1.495354,-1.595354,-1.665354,-1.725354,-1.765354,-1.815354,-1.815354,-1.835354,-1.835354,-1.825354,-1.805354,-1.775354,-1.725354,-1.675354,-1.605354,-1.565354,-1.525354,-1.465354,-1.425354,-1.395354,-1.435354,-1.445354,-1.485354
5.854646,5.794646,5.754646,5.734646,5.724646,5.674646,5.604646,5.454646,5.294646,5.104646,4.954646,4.864646,4.854646,4.914646,5.014646,5.064646,5.034646,4.954646,4.804646,4.574646,4.324646,4.064646,3.854646,3.644646,3.494646,3.334646,3.174646,3.004646,2.834646,2.654646,2.514646,2.344646,2.174646,1.954646,1.764646,1.554646,1.334646,1.094646,0.874646,0.644646,0.424646,0.20464599,-0.015354004,-0.205354,-0.405354,-0.575354,-0.735354,-0.885354,-1.035354,-1.155354,-1.285354,-1.405354,-1.545354,-1.645354,-1.745354,-1.845354,-1.935354,-2.015354,-2.065354,-2.105354
2.594646,3.064646,3.314646,3.394646,3.654646,3.864646,3.794646,3.924646,4.104646,4.314646,4.464646,4.564646,4.594646,4.584646,4.554646,4.534646,4.554646,4.624646,4.804646,5.064646,5.314646,5.544646,5.764646,5.894646,5.874646,5.804646,5.764646,5.684646,5.464646,5.014646,4.594646,4.574646,4.944646,5.434646,6.144646,6.454646,6.364646,5.874646,5.404646,4.944646,4.524646,4.114646,3.764646,3.474646,3.254646,3.054646,2.774646,2.504646,2.184646,1.844646,1.574646,1.294646,1.064646,0.804646,0.564646,0.354646,0.164646,-0.025354004,-0.21535401,-0.375354
0.044645995,-0.015354004,-0.015354004,0.034645997,0.17464599,0.374646,0.634646,0.984646,1.394646,1.854646,2.344646,2.844646,3.344646,3.834646,4.234646,4.524646,4.664646,4.644646,4.614646,4.584646,4.534646,4.554646,4.584646,4.674646,4.784646,4.914646,5.054646,5.114646,5.114646,5.124646,5.244646,5.754646,6.474646,7.144646,6.684646,5.434646,4.304646,6.014646,4.224646,5.304646,6.184646,6.404646,6.224646,5.814646,5.334646,5.034646,4.894646,4.704646,4.464646,4.154646,3.854646,3.584646,3.264646,2.964646,2.624646,2.374646,2.214646,2.124646,2.074646,2.054646
0.134646,0.17464599,0.17464599,0.134646,0.074645996,0.0046459963,-0.075354,-0.15535401,-0.235354,-0.28535402,-0.305354,-0.28535402,-0.175354,0.0046459963,0.284646,0.674646,1.154646,1.684646,2.234646,2.774646,3.274646,3.744646,4.104646,4.404646,4.624646,4.764646,4.904646,5.044646,5.174646,5.244646,5.344646,5.604646,5.944646,6.134646,5.804646,4.844646,4.294646,4.044646,4.734646,4.694646,3.184646,3.704646,4.994646,5.504646,6.414646,6.164646,6.874646,7.194646,7.154646,6.884646,6.624646,6.444646,6.254646,6.024646,5.794646,5.484646,5.144646,4.784646,4.434646,4.104646
-2.255354,-2.205354,-2.155354,-2.165354,-2.225354,-2.225354,-2.125354,-1.985354,-1.795354,-1.545354,-1.285354,-0.985354,-0.695354,-0.405354,-0.135354,0.154646,0.424646,0.694646,0.974646,1.294646,1.624646,1.974646,2.354646,2.744646,3.134646,3.524646,3.904646,4.294646,4.644646,4.984646,5.364646,5.734646,6.024646,6.254646,6.484646,6.684646,6.904646,7.144646,7.474646,7.964646,8.424646,8.424646,8.074646,7.724646,7.254646,6.664646,6.184646,5.914646,5.974646,6.244646,6.764646,7.284646,7.514646,7.514646,7.354646,7.094646,6.814646,6.544646,6.274646,6.014646
-2.765354,-2.625354,-2.395354,-2.145354,-1.875354,-1.595354,-1.275354,-0.945354,-0.535354,-0.195354,0.114645995,0.484646,0.864646,1.224646,1.574646,1.934646,2.314646,2.674646,3.014646,3.334646,3.624646,3.904646,4.164646,4.404646,4.624646,4.804646,4.964646,5.084646,5.194646,5.284646,5.364646,5.444646,5.504646,5.564646,5.574646,5.494646,5.404646,5.364646,5.434646,5.654646,6.034646,6.524646,7.014646,7.184646,6.764646,6.884646,7.354646,7.684646,8.034646,7.954646,7.234646,6.424646,6.104646,6.344646,6.834646,7.274646,7.524646,7.534646,7.314646,6.954646
-3.965354,-3.595354,-2.935354,-2.375354,-1.815354,-2.005354,-2.255354,-2.225354,-2.135354,-2.015354,-1.925354,-1.845354,-1.715354,-1.545354,-1.335354,-1.095354,-0.825354,-0.525354,-0.21535401,0.12464599,0.484646,0.85464597,1.224646,1.604646,1.974646,2.334646,2.674646,3.024646,3.344646,3.654646,3.954646,4.214646,4.424646,4.524646,4.594646,4.724646,4.884646,5.214646,5.414646,5.344646,5.374646,5.574646,5.654646,5.334646,5.244646,4.594646,4.474646,5.244646,6.184646,5.674646,4.234646,3.474646,4.994646,5.944646,5.954646,5.804646,5.874646,6.184646,6.594646,6.944646
-5.365354,-5.215354,-5.165354,-5.145354,-5.135354,-5.165354,-5.205354,-5.265354,-5.335354,-5.405354,-5.425354,-5.425354,-5.385354,-5.315354,-5.195354,-5.035354,-4.845354,-4.625354,-4.385354,-4.125354,-3.835354,-3.525354,-3.205354,-2.865354,-2.515354,-2.145354,-1.765354,-1.375354,-0.935354,-0.565354,-0.125354,0.17464599,0.514646,1.014646,1.394646,1.894646,2.314646,2.624646,3.004646,3.454646,3.764646,4.034646,4.104646,4.014646,4.454646,4.774646,5.074646,4.964646,4.434646,3.764646,3.464646,3.394646,3.704646,4.074646,4.494646,4.714646,4.704646,4.734646,4.854646,5.084646
-8.365354,-8.045354,-7.905354,-7.945354,-8.045354,-8.185354,-8.175354,-8.165354,-8.205354,-8.225354,-8.195354,-8.165354,-8.095354,-7.985354,-7.825354,-7.595354,-7.325354,-7.045354,-6.795354,-6.565354,-6.295354,-5.895354,-5.455354,-5.125354,-4.795354,-4.425354,-4.045354,-3.655354,-3.165354,-2.825354,-2.285354,-1.815354,-1.205354,-0.735354,-0.25535402,0.324646,0.724646,1.474646,1.954646,2.364646,2.874646,3.294646,3.734646,4.144646,4.434646,4.574646,4.804646,5.194646,5.484646,5.574646,5.484646,5.124646,4.904646,4.624646,4.134646,3.684646,3.424646,3.254646,3.114646,3.074646
-12.905354,-13.315354,-13.375354,-13.515354,-13.695354,-13.805354,-13.865354,-13.925354,-13.755354,-13.485354,-13.385354,-13.375354,-13.175354,-12.725354,-12.185354,-11.695354,-11.145354,-10.485354,-9.895354,-9.805354,-9.395354,-7.445354,-5.975354,-6.055354,-5.745354,-5.195354,-4.565354,-3.995354,-3.475354,-3.155354,-2.795354,-2.305354,-1.965354,-1.625354,-1.275354,-0.815354,-0.455354,-0.015354004,0.434646,0.804646,1.284646,1.744646,2.214646,2.654646,3.094646,3.474646,3.824646,4.114646,4.284646,4.434646,4.554646,4.574646,4.484646,4.204646,3.774646,3.354646,2.874646,2.324646,1.784646,1.414646
-14.985354,-15.665354,-16.325354,-16.945354,-17.485353,-17.815353,-17.895353,-17.895353,-17.855354,-18.135353,-18.305353,-17.985353,-17.775354,-17.265354,-16.855354,-16.275354,-15.225354,-14.345354,-13.425354,-12.625354,-12.015354,-11.605354,-10.935354,-9.865354,-8.945354,-7.915354,-6.625354,-5.265354,-4.365354,-3.985354,-3.565354,-2.895354,-2.275354,-1.805354,-1.305354,-0.845354,-0.335354,0.0046459963,0.344646,0.624646,0.884646,1.164646,1.484646,1.784646,2.074646,2.274646,2.614646,2.794646,3.034646,3.034646,3.024646,3.064646,3.004646,2.734646,2.574646,2.394646,2.004646,1.424646,0.724646,0.104646
-15.685354,-16.875355,-17.925354,-18.735353,-19.525354,-19.985353,-20.215355,-20.705355,-21.085354,-21.075354,-21.055353,-20.405354,-19.395353,-18.545355,-18.495354,-18.195354,-17.385353,-16.735353,-15.775354,-14.815354,-13.945354,-13.025354,-11.965354,-10.355354,-8.895354,-8.015354,-6.805354,-5.185354,-4.115354,-3.745354,-3.605354,-3.405354,-3.225354,-3.145354,-2.865354,-2.315354,-1.735354,-1.155354,-0.535354,0.044645995,0.554646,1.044646,1.514646,1.984646,2.204646,2.384646,2.324646,2.174646,2.314646,2.344646,2.454646,2.454646,2.414646,2.434646,1.994646,1.464646,0.864646,0.434646,-0.265354,-0.875354
-14.085354,-14.575354,-15.195354,-16.035355,-16.865355,-17.815353,-18.465355,-19.175354,-19.795355,-19.965355,-20.265354,-20.435354,-20.465355,-19.705355,-20.185354,-19.715355,-18.335354,-17.745354,-17.195354,-15.855354,-15.085354,-13.825354,-12.425354,-11.425354,-10.905354,-11.155354,-10.085354,-7.375354,-4.565354,-3.115354,-1.055354,-0.525354,-0.425354,-0.135354,0.454646,-0.085354,-0.575354,-0.505354,-0.315354,0.064646,0.394646,0.924646,1.514646,1.374646,1.804646,1.764646,1.8846459,1.654646,1.584646,1.274646,1.374646,1.394646,0.964646,0.744646,0.354646,0.094646,-0.315354,-0.615354,-1.075354,-2.025354
-8.605354,-9.265354,-10.495354,-11.615354,-10.255354,-9.705354,-9.735354,-9.005354,-8.695354,-9.975354,-11.125354,-11.895354,-12.315354,-13.245354,-14.835354,-16.565353,-17.645353,-17.655354,-17.145353,-16.515354,-15.085354,-13.675354,-12.845354,-11.705354,-10.355354,-10.625354,-10.175354,-6.945354,-8.065354,-6.465354,-5.705354,-3.795354,-1.765354,-2.895354,-1.765354,-0.635354,1.344646,2.174646,3.164646,1.984646,1.524646,1.274646,1.074646,1.004646,0.764646,0.704646,0.674646,0.66464597,0.474646,0.294646,0.0146459965,-0.385354,-0.485354,-0.635354,-1.355354,-2.255354,-2.885354,-3.245354,-3.845354,-4.175354
-0.28535402,-0.395354,0.17464599,0.744646,0.474646,0.27464598,2.094646,0.304646,-2.495354,-2.525354,-2.105354,-3.435354,-4.495354,-4.095354,-3.135354,-4.335354,-6.265354,-7.585354,-9.935354,-12.705354,-14.005354,-13.405354,-12.235354,-10.945354,-9.385354,-8.955354,-9.535354,-8.045354,-3.725354,-3.395354,-7.315354,-6.815354,-4.485354,-3.875354,-3.475354,-2.165354,-0.515354,0.844646,1.604646,2.204646,2.354646,1.264646,0.654646,0.27464598,-0.055354003,-0.165354,-0.415354,-0.565354,-0.695354,-1.245354,-1.795354,-2.275354,-3.135354,-3.555354,-4.395354,-4.875354,-5.345354,-5.665354,-5.685354,-6.265354
11.824646,11.264646,10.824646,9.694646,9.674646,10.404646,8.644646,7.394646,6.754646,4.704646,2.714646,2.534646,2.264646,2.814646,3.934646,2.904646,1.104646,-0.89535403,-1.525354,-3.255354,-5.675354,-7.955354,-10.315354,-10.335354,-9.265354,-8.405354,-7.805354,-8.105354,-7.865354,-6.215354,-7.565354,-6.675354,-6.445354,-6.465354,-4.855354,-3.725354,-2.705354,-1.755354,-1.435354,-0.325354,-0.415354,-0.64535403,-1.005354,-1.065354,-1.335354,-1.515354,-1.695354,-2.015354,-2.515354,-2.975354,-3.385354,-3.915354,-4.525354,-5.095354,-6.025354,-6.995354,-7.375354,-7.215354,-6.995354,-7.205354
17.814646,20.764647,22.154646,25.884645,19.254646,17.564646,14.754646,11.724646,11.184646,12.034646,13.804646,14.344646,12.854646,10.614646,8.954646,7.624646,6.414646,4.664646,3.884646,1.204646,-1.955354,-2.655354,-3.075354,-5.695354,-8.575354,-8.215354,-7.545354,-7.505354,-7.055354,-6.225354,-8.295354,-7.235354,-7.025354,-6.615354,-6.115354,-4.935354,-4.415354,-4.135354,-3.645354,-3.295354,-3.005354,-2.875354,-2.535354,-2.815354,-2.895354,-3.045354,-2.935354,-3.045354,-3.665354,-4.615354,-5.285354,-5.265354,-5.805354,-5.695354,-6.065354,-5.795354,-6.235354,-6.485354,-6.405354,-6.385354
19.014647,25.024647,21.804646,20.584646,19.544645,18.444647,17.724646,16.434647,16.524647,16.644646,17.474646,18.424646,18.544645,18.534645,17.074646,16.164646,14.404646,11.774646,9.624646,8.464646,7.794646,5.484646,3.124646,1.994646,-1.685354,-3.975354,-5.425354,-5.315354,-4.085354,-3.105354,-4.205354,-4.955354,-7.055354,-6.525354,-5.455354,-5.205354,-5.135354,-5.025354,-5.225354,-4.505354,-4.415354,-4.125354,-4.055354,-3.955354,-3.655354,-3.975354,-4.325354,-4.275354,-4.255354,-4.205354,-4.725354,-5.765354,-5.545354,-5.815354,-5.785354,-5.845354,-5.605354,-5.905354,-6.355354,-5.725354
