wind-weather/data/weather/current/current-temp-isobaric-850hPa-gfs-1.0.json
{"header": {"discipline":0,"disciplineName":"Meteorologicalproducts","gribEdition":2,"gribLength":41641,"center":7,"centerName":"USNationalWeatherService-NCEP(WMC)","subcenter":0,"refTime":"2017-11-24T12:00:00.000Z","significanceOfRT":0,"significanceOfRTName":"Analysis","productStatus":0,"productStatusName":"Operationalproducts","productType":0,"productTypeName":"Analysisproducts","productDefinitionTemplate":0,"productDefinitionTemplateName":"Analysis/forecastathorizontallevel/layeratapointintime","parameterCategory":0,"parameterCategoryName":"Temperature","parameterNumber":0,"parameterNumberName":"Temperature","parameterUnit":"K","genProcessType":0,"genProcessTypeName":"Analysis","forecastTime":0,"surface1Type":100,"surface1TypeName":"Isobaricsurface","surface1Value":85000.0,"surface2Type":255,"surface2TypeName":"Missing","surface2Value":0.0,"gridDefinitionTemplate":0,"gridDefinitionTemplateName":"Latitude_Longitude","numberPoints":65160,"shape":6,"shapeName":"Earthsphericalwithradiusof6,371,229.0m","gridUnits":"degrees","resolution":48,"winds":"true","scanMode":0,"nx":360,"ny":181,"basicAngle":0,"lo1":0.0,"la1":90.0,"lo2":359.0,"la2":-90.0,"dx":1.0,"dy":1.0}, "data":
[rows 104 to 129 of 181, columns 120 to 179 of 360]
294.77237,295.47235,295.87238,296.17236,296.07236,295.47235,294.57236,294.77237,294.67236,294.37238,293.77237,294.87238,295.37238,294.37238,292.67236,292.57236,292.57236,292.47235,292.17236,292.07236,292.07236,291.77237,291.87238,292.37238,291.67236,292.27237,291.87238,291.57236,290.77237,290.37238,291.17236,292.07236,292.37238,292.17236,292.97235,292.77237,292.37238,291.07236,291.27237,291.37238,291.87238,291.97235,292.17236,292.47235,292.17236,292.07236,291.87238,291.77237,291.87238,291.87238,291.97235,291.87238,291.97235,291.47235,291.17236,291.67236,291.87238,291.37238,291.27237,291.27237
295.87238,295.97235,296.17236,296.37238,296.07236,295.87238,295.57236,295.27237,295.87238,295.67236,295.67236,295.97235,296.17236,295.07236,294.47235,294.27237,293.47235,293.37238,292.77237,292.37238,292.37238,292.27237,291.67236,291.47235,290.57236,292.07236,291.27237,290.97235,290.37238,289.57236,289.97235,291.07236,292.07236,291.97235,292.17236,292.87238,292.17236,291.47235,291.27237,291.37238,291.57236,291.87238,291.97235,292.37238,292.17236,291.77237,291.77237,291.47235,291.57236,291.67236,291.87238,291.57236,291.17236,291.37238,291.27237,290.87238,290.87238,290.97235,290.97235,290.67236
295.57236,295.87238,295.77237,296.27237,296.17236,296.07236,297.07236,296.87238,296.07236,295.67236,296.17236,295.77237,295.17236,295.67236,294.47235,293.97235,294.07236,294.47235,293.77237,292.97235,292.37238,292.27237,292.17236,292.27237,291.87238,292.17236,290.77237,290.97235,290.77237,290.77237,289.57236,290.27237,291.17236,291.77237,291.97235,292.37238,292.37238,291.87238,291.67236,291.57236,291.47235,291.67236,291.87238,292.17236,292.17236,292.07236,291.87238,291.47235,291.37238,291.17236,291.57236,291.27237,290.87238,290.87238,291.07236,290.97235,290.47235,290.67236,290.77237,290.77237
296.17236,296.87238,296.67236,296.87238,297.57236,296.97235,297.57236,297.27237,296.97235,296.57236,296.47235,296.77237,296.07236,295.97235,295.97235,294.27237,294.77237,293.77237,293.47235,293.37238,292.97235,292.57236,292.67236,293.17236,292.27237,292.07236,291.07236,291.07236,290.97235,291.07236,289.87238,289.87238,290.17236,291.07236,291.57236,292.07236,292.37238,292.07236,292.17236,291.57236,291.47235,291.37238,291.57236,291.77237,291.57236,291.47235,291.37238,291.07236,290.87238,290.97235,290.57236,290.67236,290.97235,290.97235,290.77237,290.67236,290.27237,289.17236,290.27237,288.87238
297.47235,297.97235,298.07236,297.37238,298.27237,299.67236,298.57236,296.27237,297.57236,297.57236,297.37238,296.87238,296.87238,296.77237,296.37238,295.47235,294.17236,294.17236,293.67236,293.47235,293.77237,292.67236,293.37238,293.87238,293.27237,291.87238,291.17236,290.67236,290.87238,290.87238,290.27237,289.87238,289.97235,290.17236,290.77237,291.37238,291.67236,291.77237,292.07236,291.57236,291.17236,291.17236,291.27237,291.17236,291.27237,290.97235,290.87238,290.57236,290.67236,290.67236,290.87238,291.27237,291.17236,290.57236,290.07236,289.37238,288.77237,288.97235,287.77237,287.87238
298.27237,298.97235,298.77237,298.37238,300.17236,300.37238,300.17236,299.47235,299.77237,299.37238,298.97235,297.87238,297.27237,296.97235,296.97235,296.57236,295.87238,293.77237,294.17236,293.17236,293.57236,293.77237,293.57236,293.87238,293.67236,292.17236,291.17236,290.07236,290.77237,290.77237,290.27237,289.87238,289.67236,290.07236,290.57236,290.67236,291.07236,291.37238,291.37238,291.37238,290.67236,290.87238,290.87238,290.77237,290.57236,290.27237,290.07236,289.17236,289.37238,290.07236,289.87238,290.37238,289.77237,288.57236,288.37238,288.37238,287.97235,287.17236,286.87238,286.47235
299.27237,299.47235,298.97235,299.77237,299.77237,299.67236,299.87238,300.57236,300.97235,299.97235,299.17236,298.37238,297.97235,297.67236,297.17236,296.67236,296.57236,295.97235,295.57236,295.77237,293.97235,293.57236,293.27237,292.97235,293.77237,292.77237,292.07236,290.27237,290.37238,290.17236,290.07236,289.37238,289.27237,289.67236,289.97235,289.87238,289.87238,290.97235,291.07236,290.17236,290.67236,290.37238,290.27237,290.37238,290.17236,289.47235,288.57236,287.87238,289.47235,289.67236,288.77237,288.37238,287.07236,286.07236,285.47235,285.07236,285.07236,285.37238,285.47235,285.37238
299.57236,299.67236,299.87238,299.37238,298.97235,299.57236,299.97235,300.27237,301.17236,300.97235,299.77237,298.27237,297.67236,297.67236,297.67236,297.17236,297.17236,296.97235,296.27237,296.87238,296.37238,295.27237,293.87238,294.07236,293.67236,293.17236,292.57236,290.97235,290.77237,289.97235,289.57236,289.17236,288.87238,289.07236,289.47235,289.67236,289.87238,290.37238,290.87238,290.97235,290.87238,290.47235,290.27237,290.47235,290.57236,290.57236,287.77237,288.17236,289.67236,288.97235,288.47235,287.57236,285.57236,284.97235,285.07236,284.97235,284.87238,284.87238,284.97235,285.17236
300.67236,300.47235,299.67236,298.97235,298.67236,299.07236,299.57236,299.87238,300.57236,300.87238,300.07236,297.97235,297.87238,296.67236,296.97235,296.77237,296.97235,296.67236,296.97235,296.97235,296.17236,294.67236,294.97235,293.77237,293.27237,292.87238,292.47235,292.07236,291.27237,290.47235,289.27237,289.07236,288.67236,288.47235,288.67236,288.87238,289.17236,290.17236,290.87238,290.57236,290.47235,290.37238,289.97235,289.97235,289.87238,289.77237,289.67236,284.87238,287.57236,288.17236,287.47235,285.67236,284.67236,284.47235,284.17236,284.07236,284.17236,284.57236,284.87238,284.67236
301.37238,301.17236,299.47235,298.67236,298.27237,298.57236,298.87238,299.17236,299.77237,299.97235,300.27237,298.67236,297.47235,297.37238,297.17236,296.27237,295.37238,295.17236,295.37238,295.57236,295.47235,295.37238,294.17236,293.77237,293.07236,292.17236,291.37238,292.27237,291.27237,290.17236,289.87238,288.77237,288.87238,288.17236,287.97235,288.07236,288.47235,288.57236,289.77237,290.27237,290.27237,290.37238,289.47235,289.17236,288.97235,288.47235,287.97235,285.47235,284.47235,285.47235,285.27237,284.17236,284.17236,284.17236,283.57236,283.37238,283.17236,283.37238,283.57236,283.87238
299.77237,300.57236,298.97235,298.17236,297.77237,297.67236,297.77237,298.57236,298.97235,298.47235,297.87238,297.37238,296.57236,295.87238,295.17236,294.47235,293.87238,293.77237,293.97235,294.47235,294.87238,294.47235,294.07236,292.97235,293.07236,291.97235,291.17236,291.07236,291.47235,289.97235,289.57236,288.57236,288.87238,288.47235,287.87238,287.67236,287.87238,288.17236,288.57236,288.97235,290.27237,290.47235,289.37238,287.67236,286.57236,286.97235,284.47235,284.27237,284.67236,284.47235,284.47235,283.87238,283.57236,283.37238,283.27237,282.67236,282.87238,282.67236,282.67236,283.17236
299.67236,299.47235,298.27237,297.07236,296.47235,296.57236,296.77237,297.47235,297.67236,297.97235,297.37238,296.77237,295.77237,294.77237,293.77237,292.97235,292.67236,292.37238,292.97235,293.37238,293.97235,294.07236,293.57236,292.87238,292.67236,291.17236,291.57236,290.27237,290.47235,290.37238,288.87238,288.47235,288.07236,287.87238,287.17236,287.37238,287.37238,287.27237,286.97235,287.87238,288.67236,288.27237,290.27237,290.07236,287.97235,284.57236,284.47235,284.57236,283.97235,283.97235,283.87238,283.67236,283.47235,283.17236,283.07236,282.17236,282.37238,281.87238,282.87238,282.67236
300.77237,298.47235,296.47235,295.97235,295.17236,295.07236,295.47235,295.87238,295.97235,297.17236,296.27237,295.27237,294.17236,293.57236,292.57236,291.67236,290.87238,291.07236,291.17236,291.87238,293.67236,293.67236,293.07236,291.87238,292.77237,291.87238,291.57236,290.57236,290.37238,289.87238,289.27237,288.47235,287.97235,286.87238,287.27237,287.07236,286.87238,286.77237,286.77237,286.67236,286.57236,286.77237,285.87238,285.97235,285.57236,285.57236,283.67236,285.47235,284.07236,283.57236,283.57236,283.37238,283.07236,282.87238,282.37238,282.37238,282.07236,282.07236,282.37238,282.17236
297.47235,296.77237,295.97235,295.17236,293.97235,293.27237,293.07236,292.57236,293.27237,293.37238,292.97235,292.77237,292.17236,291.37238,291.07236,290.07236,289.37238,289.57236,289.67236,290.27237,291.57236,292.47235,292.87238,291.77237,292.27237,292.37238,292.17236,290.67236,289.87238,290.07236,289.77237,289.07236,287.17236,286.67236,286.97235,287.37238,286.77237,286.67236,286.67236,286.07236,286.57236,286.07236,284.87238,284.87238,284.87238,284.97235,285.17236,284.17236,284.47235,282.97235,282.77237,282.77237,282.67236,282.17236,281.87238,281.87238,281.97235,281.77237,281.67236,281.27237
296.67236,295.87238,294.77237,293.37238,292.47235,291.77237,290.97235,290.67236,291.17236,291.57236,291.07236,290.87238,289.97235,289.37238,288.87238,288.37238,288.67236,288.77237,288.77237,289.17236,290.37238,292.07236,292.27237,292.17236,292.17236,292.87238,291.67236,290.47235,289.77237,289.87238,289.47235,288.17236,287.27237,287.07236,286.67236,286.97235,286.77237,286.57236,286.17236,285.97235,285.57236,285.17236,284.67236,283.97235,284.07236,284.47235,284.97235,283.77237,284.17236,282.27237,282.27237,281.97235,281.77237,281.87238,281.57236,281.77237,281.17236,281.17236,281.17236,280.97235
295.07236,293.97235,292.97235,291.37238,290.67236,289.87238,289.27237,288.97235,288.67236,288.27237,288.37238,287.87238,287.77237,287.27237,286.87238,287.07236,287.77237,287.67236,287.27237,288.07236,289.57236,290.37238,291.57236,291.87238,291.97235,292.57236,291.27237,290.77237,289.97235,289.77237,289.07236,288.57236,286.87238,286.37238,286.57236,286.57236,286.67236,286.57236,286.07236,285.37238,284.97235,284.37238,283.57236,282.87238,282.37238,282.97235,283.87238,282.97235,282.67236,282.07236,281.87238,281.37238,281.37238,281.57236,281.37238,281.37238,280.97235,280.67236,280.67236,280.37238
293.97235,292.07236,291.67236,290.37238,289.37238,288.07236,287.27237,286.87238,286.17236,286.37238,285.77237,286.07236,285.17236,285.57236,285.27237,286.07236,285.97235,285.97235,286.27237,287.77237,289.47235,289.67236,290.87238,291.87238,292.07236,292.67236,291.27237,290.57236,289.97235,289.47235,289.17236,288.67236,285.97235,286.17236,286.27237,286.47235,286.37238,286.37238,285.77237,285.17236,285.17236,284.17236,283.27237,282.47235,281.97235,281.97235,282.17236,282.37238,281.87238,281.57236,281.47235,281.27237,281.47235,281.47235,281.17236,280.87238,280.37238,280.07236,280.67236,280.37238
292.87238,290.97235,290.27237,288.87238,287.47235,286.27237,285.57236,285.07236,285.37238,285.47235,285.57236,285.07236,285.57236,285.57236,285.07236,284.67236,284.97235,284.77237,285.27237,286.87238,288.77237,288.87238,290.37238,290.27237,292.17236,292.37238,291.37238,290.47235,290.07236,289.47235,288.77237,288.77237,286.57236,286.37238,285.97235,286.07236,286.07236,286.17236,285.57236,284.87238,284.67236,284.27237,283.77237,282.47235,281.97235,281.67236,281.57236,281.57236,281.27237,281.17236,280.97235,281.47235,282.57236,282.77237,283.17236,280.77237,280.27237,280.27237,280.67236,280.27237
291.37238,289.67236,288.47235,287.27237,285.67236,285.17236,284.77237,284.77237,285.37238,285.67236,285.37238,285.27237,285.07236,284.47235,284.27237,284.17236,283.97235,284.47235,285.57236,286.67236,287.67236,287.97235,288.97235,289.77237,291.77237,291.77237,291.47235,290.47235,290.37238,289.07236,288.47235,288.17236,287.57236,287.07236,285.97235,285.57236,285.87238,285.57236,284.97235,284.47235,284.37238,283.87238,283.47235,282.37238,281.47235,281.37238,281.17236,281.07236,280.97235,280.67236,280.77237,282.37238,283.37238,283.77237,283.97235,282.87238,281.47235,281.57236,281.07236,280.37238
290.97235,289.17236,287.77237,286.67236,285.37238,284.57236,284.57236,284.77237,285.17236,285.17236,284.97235,284.77237,283.77237,283.17236,284.27237,283.67236,283.87238,284.67236,284.87238,286.27237,286.97235,287.57236,288.97235,287.77237,291.27237,291.27237,291.47235,290.77237,290.07236,289.47235,288.97235,287.87238,287.57236,286.87238,285.97235,285.07236,285.77237,285.07236,284.77237,284.17236,283.87238,283.57236,283.57236,283.17236,282.17236,281.57236,280.67236,280.67236,280.17236,280.17236,281.27237,282.57236,283.57236,284.07236,283.77237,282.87238,282.57236,282.07236,281.17236,280.77237
290.07236,288.57236,287.27237,286.17236,284.87238,284.57236,284.77237,284.77237,284.47235,284.27237,284.07236,283.87238,283.17236,282.97235,283.47235,283.87238,284.17236,284.07236,285.27237,286.17236,286.37238,286.67236,288.17236,289.67236,290.37238,290.57236,291.47235,290.97235,290.47235,289.67236,288.47235,287.47235,286.87238,286.37238,285.67236,284.47235,285.37238,285.47235,284.37238,284.27237,283.37238,283.17236,283.87238,283.67236,282.87238,281.17236,279.97235,279.57236,279.37238,279.47235,280.67236,282.37238,282.87238,283.27237,283.47235,283.07236,282.97235,282.27237,281.67236,281.77237
286.67236,286.97235,286.37238,285.67236,284.57236,284.07236,283.87238,283.87238,283.67236,283.37238,283.17236,282.87238,282.77237,282.37238,282.77237,283.17236,283.87238,284.17236,285.37238,286.07236,286.67236,287.37238,288.47235,289.67236,290.97235,291.67236,291.47235,290.77237,289.87238,288.67236,287.87238,288.17236,286.47235,285.77237,285.37238,284.37238,284.37238,285.07236,284.37238,283.77237,283.37238,282.97235,283.57236,283.07236,281.77237,279.97235,279.47235,278.97235,279.47235,280.77237,281.27237,280.87238,280.87238,281.57236,281.87238,282.47235,283.27237,283.47235,283.17236,282.87238
284.97235,284.97235,284.67236,284.37238,283.67236,283.37238,283.07236,283.17236,282.67236,282.37238,282.27237,282.17236,282.57236,282.27237,282.27237,282.67236,283.47235,284.27237,285.37238,286.37238,287.27237,288.27237,289.67236,289.87238,290.27237,291.47235,291.37238,289.17236,288.97235,287.97235,288.07236,288.27237,287.17236,285.77237,285.27237,284.67236,284.07236,284.17236,283.77237,283.37238,282.67236,282.77237,282.97235,282.17236,281.17236,279.97235,279.47235,279.87238,279.27237,279.47235,279.37238,279.97235,280.37238,281.07236,281.07236,281.27237,282.27237,283.57236,283.97235,283.57236
282.67236,282.97235,282.97235,282.87238,282.67236,282.27237,282.37238,282.07236,281.27237,281.07236,281.17236,281.57236,282.17236,282.17236,282.17236,282.87238,282.57236,283.87238,284.97235,285.87238,286.47235,287.87238,289.37238,289.87238,289.97235,290.67236,289.97235,287.87238,287.67236,287.37238,287.77237,288.17236,287.37238,286.17236,285.57236,284.57236,283.97235,283.67236,283.27237,282.97235,282.27237,281.87238,281.67236,281.37238,280.97235,280.67236,279.47235,278.97235,278.87238,279.07236,279.27237,280.17236,280.37238,281.27237,281.87238,281.97235,282.67236,283.77237,284.67236,284.37238
281.57236,281.57236,281.67236,281.67236,281.47235,281.37238,280.97235,279.87238,279.27237,279.47235,279.87238,280.37238,281.07236,281.47235,281.77237,282.47235,282.37238,282.97235,284.17236,285.17236,285.67236,286.07236,287.17236,287.97235,289.57236,289.17236,288.57236,288.27237,287.87238,287.37238,287.57236,287.47235,286.67236,286.07236,285.37238,284.57236,283.97235,283.67236,282.97235,282.37238,281.57236,280.87238,280.47235,280.27237,280.47235,280.97235,280.27237,279.97235,279.87238,280.07236,280.57236,281.17236,281.87238,282.67236,282.97235,282.87238,283.07236,283.37238,284.57236,284.97235
280.67236,280.77237,280.77237,280.57236,280.37238,280.17236,278.97235,278.27237,278.07236,278.47235,278.77237,279.77237,280.37238,280.87238,281.17236,281.77237,282.47235,282.27237,282.87238,284.07236,284.77237,285.57236,286.67236,287.97235,287.27237,288.07236,288.27237,287.87238,287.27237,287.67236,287.67236,288.07236,286.87238,285.37238,284.97235,284.27237,283.57236,283.27237,282.47235,281.97235,281.27237,280.17236,280.47235,280.47235,280.27237,280.37238,279.87238,279.77237,279.77237,279.87238,280.37238,281.57236,282.77237,283.57236,283.87238,283.97235,284.17236,284.27237,284.47235,284.97235
