wind-weather/data/weather/current/current-total_precipitable_water-gfs-1.0.json
{"header": {"discipline":0,"disciplineName":"Meteorologicalproducts","gribEdition":2,"gribLength":46837,"center":7,"centerName":"USNationalWeatherService-NCEP(WMC)","subcenter":0,"refTime":"2017-11-24T12:00:00.000Z","significanceOfRT":0,"significanceOfRTName":"Analysis","productStatus":0,"productStatusName":"Operationalproducts","productType":0,"productTypeName":"Analysisproducts","productDefinitionTemplate":0,"productDefinitionTemplateName":"Analysis/forecastathorizontallevel/layeratapointintime","parameterCategory":1,"parameterCategoryName":"Moisture","parameterNumber":3,"parameterNumberName":"Precipitable_water","parameterUnit":"kg.m-2","genProcessType":0,"genProcessTypeName":"Analysis","forecastTime":0,"surface1Type":200,"surface1TypeName":"Entireatmospherelayer","surface1Value":0.0,"surface2Type":255,"surface2TypeName":"Missing","surface2Value":0.0,"gridDefinitionTemplate":0,"gridDefinitionTemplateName":"Latitude_Longitude","numberPoints":65160,"shape":6,"shapeName":"Earthsphericalwithradiusof6,371,229.0m","gridUnits":"degrees","resolution":48,"winds":"true","scanMode":0,"nx":360,"ny":181,"basicAngle":0,"lo1":0.0,"la1":90.0,"lo2":359.0,"la2":-90.0,"dx":1.0,"dy":1.0}, "data":
[rows 0 to 26 of 181, columns 61 to 121 of 360]
6.3412423,6.3412423,6.3412423,6.3412423,6.3412423,6.3412423,6.3412423,6.3412423,6.3412423,6.3412423,6.3412423,6.3412423,6.3412423,6.3412423,6.3412423,6.3412423,6.3412423,6.3412423,6.3412423,6.3412423,6.3412423,6.3412423,6.3412423,6.3412423,6.3412423,6.3412423,6.3412423,6.3412423,6.3412423,6.3412423,6.3412423,6.3412423,6.3412423,6.3412423,6.3412423,6.3412423,6.3412423,6.3412423,6.3412423,6.3412423,6.3412423,6.3412423,6.3412423,6.3412423,6.3412423,6.3412423,6.3412423,6.3412423,6.3412423,6.3412423,6.3412423,6.3412423,6.3412423,6.3412423,6.3412423,6.3412423,6.3412423,6.3412423,6.3412423,6.3412423,6.3412423
6.3412423,6.3412423,6.3412423,6.3412423,6.3412423,6.3412423,6.3412423,6.3412423,6.3412423,6.3412423,6.3412423,6.3412423,6.3412423,6.3412423,6.3412423,6.3412423,6.3412423,6.3412423,6.3412423,6.3412423,6.3412423,6.3412423,6.3412423,6.3412423,6.3412423,6.3412423,6.3412423,6.3412423,6.3412423,6.3412423,6.3412423,6.3412423,6.3412423,6.2412424,6.2412424,6.2412424,6.2412424,6.2412424,6.2412424,6.2412424,6.2412424,6.2412424,6.2412424,6.2412424,6.2412424,6.2412424,6.2412424,6.2412424,6.141242,6.141242,6.141242,6.141242,6.141242,6.141242,6.141242,6.141242,6.141242,6.141242,6.141242,6.141242,6.141242
6.041242,6.041242,6.141242,6.141242,6.141242,6.141242,6.141242,6.141242,6.141242,6.141242,6.2412424,6.2412424,6.2412424,6.2412424,6.2412424,6.2412424,6.2412424,6.2412424,6.2412424,6.2412424,6.2412424,6.2412424,6.141242,6.141242,6.141242,6.141242,6.141242,6.041242,6.041242,6.041242,6.041242,5.941242,5.941242,5.941242,5.941242,5.8412423,5.8412423,5.8412423,5.7412424,5.7412424,5.7412424,5.7412424,5.641242,5.641242,5.641242,5.641242,5.541242,5.541242,5.541242,5.541242,5.541242,5.441242,5.441242,5.441242,5.441242,5.441242,5.441242,5.441242,5.441242,5.441242,5.441242
6.141242,6.141242,6.141242,6.141242,6.141242,6.2412424,6.2412424,6.2412424,6.2412424,6.2412424,6.2412424,6.2412424,6.2412424,6.3412423,6.3412423,6.3412423,6.3412423,6.3412423,6.3412423,6.3412423,6.3412423,6.3412423,6.3412423,6.3412423,6.2412424,6.2412424,6.2412424,6.2412424,6.141242,6.141242,6.141242,6.041242,6.041242,6.041242,5.941242,5.941242,5.941242,5.8412423,5.8412423,5.7412424,5.7412424,5.7412424,5.641242,5.641242,5.641242,5.641242,5.541242,5.541242,5.541242,5.541242,5.541242,5.541242,5.541242,5.541242,5.541242,5.541242,5.541242,5.541242,5.541242,5.541242,5.541242
6.2412424,6.3412423,6.441242,6.541242,6.541242,6.641242,6.641242,6.641242,6.641242,6.641242,6.7412424,6.7412424,6.7412424,6.7412424,6.7412424,6.7412424,6.7412424,6.7412424,6.641242,6.641242,6.641242,6.641242,6.641242,6.641242,6.541242,6.541242,6.541242,6.441242,6.441242,6.441242,6.3412423,6.3412423,6.2412424,6.2412424,6.141242,6.141242,6.141242,6.041242,6.041242,5.941242,5.941242,5.8412423,5.8412423,5.8412423,5.7412424,5.7412424,5.7412424,5.7412424,5.641242,5.641242,5.641242,5.641242,5.641242,5.641242,5.641242,5.641242,5.641242,5.641242,5.641242,5.641242,5.641242
5.7412424,5.941242,6.041242,6.2412424,6.3412423,6.541242,6.641242,6.7412424,6.8412423,6.941242,6.941242,6.941242,6.941242,6.941242,6.941242,6.941242,6.941242,6.8412423,6.8412423,6.8412423,6.7412424,6.7412424,6.641242,6.641242,6.641242,6.541242,6.541242,6.441242,6.441242,6.3412423,6.3412423,6.3412423,6.2412424,6.2412424,6.141242,6.141242,6.141242,6.041242,6.041242,5.941242,5.941242,5.941242,5.8412423,5.8412423,5.8412423,5.7412424,5.7412424,5.7412424,5.641242,5.641242,5.641242,5.641242,5.541242,5.541242,5.541242,5.541242,5.541242,5.541242,5.441242,5.441242,5.441242
5.641242,5.641242,5.641242,5.641242,5.641242,5.7412424,5.8412423,5.941242,6.141242,6.2412424,6.3412423,6.441242,6.541242,6.541242,6.541242,6.541242,6.541242,6.541242,6.541242,6.441242,6.441242,6.441242,6.3412423,6.3412423,6.2412424,6.2412424,6.141242,6.141242,6.141242,6.041242,6.041242,6.041242,5.941242,5.941242,5.941242,5.8412423,5.8412423,5.8412423,5.7412424,5.7412424,5.7412424,5.641242,5.641242,5.641242,5.541242,5.541242,5.541242,5.541242,5.441242,5.441242,5.441242,5.441242,5.3412423,5.3412423,5.2412424,5.2412424,5.2412424,5.141242,5.141242,5.141242,5.141242
5.541242,5.541242,5.641242,5.641242,5.641242,5.7412424,5.7412424,5.7412424,5.7412424,5.7412424,5.7412424,5.8412423,5.8412423,5.941242,6.041242,6.041242,6.041242,6.041242,6.041242,6.041242,6.041242,6.041242,5.941242,5.941242,5.941242,5.8412423,5.8412423,5.8412423,5.7412424,5.7412424,5.641242,5.641242,5.541242,5.541242,5.541242,5.441242,5.441242,5.441242,5.3412423,5.3412423,5.3412423,5.3412423,5.2412424,5.2412424,5.2412424,5.2412424,5.141242,5.141242,5.141242,5.041242,5.041242,5.041242,5.041242,4.941242,4.941242,4.941242,4.8412423,4.8412423,4.8412423,4.7412424,4.7412424
5.441242,5.441242,5.441242,5.441242,5.441242,5.441242,5.441242,5.441242,5.441242,5.441242,5.441242,5.441242,5.441242,5.441242,5.441242,5.441242,5.441242,5.441242,5.441242,5.441242,5.441242,5.441242,5.441242,5.441242,5.3412423,5.3412423,5.3412423,5.3412423,5.2412424,5.2412424,5.2412424,5.141242,5.141242,5.041242,5.041242,4.941242,4.941242,4.8412423,4.8412423,4.7412424,4.7412424,4.641242,4.641242,4.541242,4.541242,4.541242,4.541242,4.541242,4.441242,4.441242,4.441242,4.441242,4.441242,4.441242,4.441242,4.441242,4.441242,4.441242,4.441242,4.441242,4.441242
4.641242,4.8412423,4.7412424,4.7412424,4.7412424,4.941242,4.941242,4.941242,4.941242,4.941242,4.941242,4.941242,4.941242,4.941242,4.941242,4.941242,4.8412423,4.8412423,4.8412423,4.7412424,4.7412424,4.7412424,4.641242,4.641242,4.541242,4.541242,4.441242,4.441242,4.3412423,4.2412424,4.141242,4.141242,4.041242,3.9412422,3.9412422,3.8412423,4.041242,4.041242,4.041242,3.9412422,3.9412422,3.9412422,3.9412422,3.8412423,3.8412423,3.8412423,3.8412423,3.8412423,3.8412423,3.8412423,3.8412423,3.8412423,3.8412423,3.8412423,3.8412423,3.8412423,3.8412423,3.8412423,3.8412423,3.8412423,3.8412423
3.9412422,3.8412423,3.9412422,3.9412422,3.9412422,3.9412422,4.041242,4.041242,4.041242,4.041242,4.141242,4.141242,4.141242,4.141242,4.141242,4.141242,4.041242,4.041242,4.041242,4.041242,3.9412422,3.9412422,3.9412422,3.9412422,3.8412423,3.8412423,3.8412423,3.7412422,3.7412422,3.7412422,3.6412423,3.5412421,3.4412422,3.4412422,3.2412422,3.1412423,2.8412423,3.1412423,3.2412422,3.3412423,3.4412422,3.4412422,3.4412422,3.4412422,3.4412422,3.4412422,3.4412422,3.4412422,3.4412422,3.4412422,3.4412422,3.4412422,3.4412422,3.3412423,3.3412423,3.3412423,3.3412423,3.3412423,3.3412423,3.3412423,3.3412423
3.3412423,3.3412423,3.3412423,3.4412422,3.4412422,3.5412421,3.5412421,3.5412421,3.5412421,3.5412421,3.5412421,3.5412421,3.5412421,3.5412421,3.5412421,3.5412421,3.5412421,3.5412421,3.5412421,3.4412422,3.4412422,3.4412422,3.3412423,3.3412423,3.3412423,3.3412423,3.2412422,3.2412422,3.2412422,3.2412422,3.1412423,3.1412423,3.0412421,3.0412421,3.0412421,2.9412422,2.8412423,2.6412423,2.2412422,2.6412423,2.7412422,2.5412421,2.6412423,2.7412422,2.9412422,3.0412421,3.0412421,3.1412423,3.1412423,3.0412421,3.0412421,3.0412421,3.0412421,3.0412421,3.0412421,3.0412421,3.0412421,3.1412423,3.1412423,3.1412423,3.1412423
3.6412423,3.6412423,3.6412423,3.5412421,3.5412421,3.5412421,3.4412422,3.4412422,3.4412422,3.4412422,3.3412423,3.3412423,3.3412423,3.2412422,3.2412422,3.2412422,3.1412423,3.1412423,3.1412423,3.1412423,3.0412421,3.0412421,3.0412421,3.0412421,2.9412422,2.9412422,2.9412422,2.9412422,2.9412422,2.9412422,2.8412423,2.8412423,2.8412423,2.8412423,2.8412423,2.8412423,2.8412423,2.8412423,2.8412423,2.7412422,2.7412422,2.7412422,2.6412423,2.6412423,2.6412423,2.6412423,2.7412422,2.7412422,2.8412423,2.8412423,2.8412423,2.8412423,2.8412423,2.8412423,2.8412423,2.8412423,2.8412423,2.8412423,2.8412423,2.8412423,2.8412423
3.0412421,3.0412421,3.0412421,3.0412421,3.0412421,2.9412422,2.6412423,2.4412422,2.4412422,2.4412422,2.4412422,2.4412422,2.4412422,2.4412422,2.4412422,2.4412422,2.4412422,2.4412422,2.5412421,2.5412421,2.5412421,2.5412421,2.5412421,2.5412421,2.5412421,2.5412421,2.5412421,2.5412421,2.5412421,2.5412421,2.5412421,2.5412421,2.5412421,2.5412421,2.5412421,2.5412421,2.5412421,2.5412421,2.5412421,2.6412423,2.5412421,2.5412421,2.4412422,2.5412421,2.5412421,2.5412421,2.5412421,2.5412421,2.5412421,2.5412421,2.5412421,2.5412421,2.5412421,2.5412421,2.5412421,2.6412423,2.6412423,2.6412423,2.6412423,2.6412423,2.6412423
1.8412422,1.6412423,1.7412422,1.7412422,1.8412422,2.0412421,2.2412422,2.2412422,2.3412423,2.3412423,2.3412423,2.3412423,2.3412423,2.3412423,2.3412423,2.3412423,2.3412423,2.3412423,2.3412423,2.3412423,2.2412422,2.2412422,2.1412423,2.1412423,2.1412423,2.1412423,2.2412422,2.2412422,2.2412422,2.2412422,2.2412422,2.2412422,2.2412422,2.1412423,2.1412423,2.2412422,2.2412422,2.2412422,2.2412422,2.3412423,2.3412423,2.3412423,2.3412423,2.2412422,2.2412422,2.2412422,2.1412423,1.9412422,2.0412421,2.0412421,2.2412422,2.3412423,2.3412423,2.3412423,2.3412423,2.4412422,2.4412422,2.5412421,2.5412421,2.5412421,2.5412421
1.8412422,1.9412422,2.0412421,2.0412421,2.0412421,2.0412421,2.0412421,2.0412421,2.0412421,2.0412421,2.0412421,2.0412421,2.1412423,2.1412423,2.1412423,2.1412423,2.1412423,2.1412423,2.2412422,2.2412422,2.2412422,2.2412422,2.2412422,2.2412422,2.2412422,2.2412422,2.1412423,2.1412423,2.1412423,2.1412423,2.0412421,2.0412421,2.0412421,2.0412421,2.0412421,2.1412423,2.1412423,2.0412421,2.1412423,2.1412423,2.1412423,2.0412421,2.1412423,2.2412422,2.1412423,2.1412423,2.1412423,2.1412423,2.1412423,2.0412421,2.0412421,2.1412423,2.1412423,2.1412423,2.2412422,2.2412422,2.3412423,2.3412423,2.4412422,2.4412422,2.5412421
2.4412422,2.4412422,2.3412423,2.2412422,2.1412423,2.0412421,1.9412422,1.9412422,1.9412422,1.8412422,1.8412422,1.8412422,1.8412422,1.8412422,1.8412422,1.8412422,1.8412422,1.8412422,1.8412422,1.8412422,1.8412422,1.8412422,1.8412422,1.8412422,1.9412422,1.9412422,1.9412422,1.9412422,1.9412422,1.9412422,1.9412422,1.9412422,1.9412422,1.9412422,1.8412422,1.9412422,2.0412421,2.0412421,2.0412421,2.1412423,2.1412423,2.1412423,2.2412422,2.2412422,2.2412422,2.2412422,2.2412422,2.2412422,2.3412423,2.3412423,2.3412423,2.3412423,2.2412422,2.0412421,2.0412421,2.1412423,2.2412422,2.3412423,2.3412423,2.4412422,2.4412422
2.7412422,2.6412423,2.5412421,2.3412423,2.2412422,2.1412423,2.0412421,1.9412422,1.8412422,1.7412422,1.7412422,1.6412423,1.6412423,1.5412421,1.5412421,1.5412421,1.4412421,1.4412421,1.4412421,1.4412421,1.4412421,1.3412421,1.3412421,1.4412421,1.4412421,1.5412421,1.5412421,1.6412423,1.6412423,1.6412423,1.7412422,1.7412422,1.7412422,1.7412422,1.8412422,1.8412422,1.8412422,1.9412422,1.9412422,1.9412422,2.0412421,2.0412421,2.0412421,2.1412423,2.1412423,2.1412423,2.1412423,2.1412423,2.1412423,2.2412422,2.2412422,2.1412423,2.1412423,2.0412421,1.9412422,1.9412422,1.9412422,2.1412423,2.2412422,2.2412422,2.2412422
4.041242,3.9412422,3.7412422,3.4412422,3.2412422,3.0412421,2.8412423,2.5412421,2.4412422,2.3412423,2.2412422,2.1412423,2.0412421,1.9412422,1.7412422,1.7412422,1.6412423,1.5412421,1.4412421,1.4412421,1.3412421,1.3412421,1.3412421,1.3412421,1.3412421,1.3412421,1.3412421,1.3412421,1.3412421,1.3412421,1.3412421,1.4412421,1.4412421,1.4412421,1.5412421,1.5412421,1.5412421,1.6412423,1.6412423,1.7412422,1.7412422,1.7412422,1.7412422,1.7412422,1.8412422,1.8412422,1.8412422,1.8412422,1.9412422,1.9412422,1.9412422,1.9412422,1.9412422,1.9412422,1.9412422,1.9412422,1.9412422,1.9412422,2.0412421,2.1412423,2.1412423
4.641242,4.641242,4.541242,4.541242,4.441242,4.441242,4.3412423,4.3412423,4.2412424,4.141242,4.041242,3.8412423,3.6412423,3.3412423,3.0412421,2.8412423,2.5412421,2.4412422,2.2412422,2.0412421,1.8412422,1.8412422,1.7412422,1.6412423,1.5412421,1.4412421,1.3412421,1.3412421,1.2412422,1.2412422,1.2412422,1.2412422,1.3412421,1.3412421,1.3412421,1.4412421,1.4412421,1.4412421,1.4412421,1.4412421,1.4412421,1.4412421,1.4412421,1.4412421,1.5412421,1.5412421,1.6412423,1.6412423,1.6412423,1.6412423,1.7412422,1.8412422,1.9412422,1.9412422,1.9412422,2.0412421,2.0412421,1.9412422,1.8412422,1.8412422,1.8412422
4.7412424,4.641242,4.641242,4.641242,4.541242,4.541242,4.541242,4.641242,4.641242,4.7412424,4.8412423,4.941242,5.041242,5.141242,5.141242,5.141242,4.8412423,4.441242,3.9412422,3.4412422,2.9412422,2.6412423,2.3412423,2.1412423,1.9412422,1.7412422,1.6412423,1.5412421,1.4412421,1.2412422,1.0412421,0.9412421,0.9412421,0.9412421,1.0412421,1.0412421,1.0412421,1.1412421,1.1412421,1.2412422,1.3412421,1.4412421,1.4412421,1.4412421,1.5412421,1.4412421,1.5412421,1.5412421,1.5412421,1.6412423,1.8412422,1.9412422,1.9412422,1.9412422,2.0412421,2.0412421,2.0412421,1.9412422,1.8412422,1.7412422,1.7412422
4.541242,4.3412423,4.3412423,4.641242,4.641242,4.7412424,4.8412423,4.941242,5.041242,5.2412424,5.3412423,5.541242,5.641242,5.7412424,5.8412423,5.8412423,5.8412423,5.8412423,5.7412424,5.541242,5.2412424,4.3412423,3.6412423,3.1412423,2.6412423,2.3412423,2.0412421,1.6412423,1.6412423,1.4412421,1.2412422,1.0412421,0.84124213,0.9412421,0.84124213,0.84124213,0.84124213,0.9412421,1.0412421,1.2412422,1.3412421,1.4412421,1.5412421,1.5412421,1.6412423,1.6412423,1.7412422,1.7412422,1.8412422,1.8412422,1.8412422,1.9412422,1.9412422,1.9412422,2.0412421,2.0412421,1.9412422,1.9412422,1.8412422,1.7412422,1.7412422
4.641242,4.8412423,5.041242,4.941242,4.8412423,4.3412423,4.641242,5.041242,5.3412423,5.641242,5.941242,6.141242,6.441242,6.7412424,6.8412423,6.941242,6.941242,6.941242,6.941242,6.7412424,6.541242,6.3412423,5.941242,5.141242,4.041242,3.4412422,2.8412423,2.4412422,2.0412421,1.6412423,1.4412421,1.3412421,1.1412421,0.9412421,0.9412421,0.9412421,0.9412421,1.0412421,1.1412421,1.1412421,1.3412421,1.4412421,1.5412421,1.5412421,1.6412423,1.6412423,1.7412422,1.7412422,1.8412422,1.8412422,1.8412422,1.8412422,1.8412422,1.9412422,1.9412422,1.9412422,1.9412422,1.8412422,1.8412422,1.8412422,1.9412422
4.641242,4.8412423,4.941242,5.041242,4.641242,4.441242,4.641242,4.941242,5.3412423,5.8412423,6.3412423,6.7412424,7.141242,7.441242,7.541242,7.7412424,7.941242,8.141242,8.141242,8.141242,8.041243,7.7412424,7.3412423,6.8412423,6.3412423,5.3412423,4.141242,3.2412422,2.7412422,2.2412422,1.8412422,1.4412421,1.3412421,1.1412421,1.0412421,0.9412421,0.9412421,1.0412421,1.1412421,1.2412422,1.3412421,1.3412421,1.4412421,1.4412421,1.5412421,1.5412421,1.6412423,1.6412423,1.6412423,1.7412422,1.7412422,1.7412422,1.8412422,1.8412422,1.8412422,1.8412422,1.9412422,1.9412422,1.9412422,2.0412421,2.0412421
4.141242,4.041242,3.6412423,4.7412424,4.941242,5.041242,4.941242,4.7412424,4.8412423,4.941242,5.3412423,5.7412424,6.141242,6.641242,7.141242,7.7412424,8.441242,8.741242,8.641242,8.741242,8.941242,9.141242,8.941242,8.441242,7.8412423,7.2412424,6.441242,4.941242,3.5412421,2.8412423,2.3412423,1.9412422,1.6412423,1.3412421,1.2412422,1.0412421,0.9412421,1.0412421,1.1412421,1.2412422,1.2412422,1.2412422,1.3412421,1.3412421,1.4412421,1.4412421,1.5412421,1.5412421,1.5412421,1.5412421,1.5412421,1.6412423,1.7412422,1.7412422,1.8412422,1.9412422,1.9412422,1.9412422,1.9412422,1.8412422,1.7412422
2.1412423,3.1412423,3.9412422,4.2412424,4.541242,4.541242,4.541242,4.641242,4.7412424,4.7412424,4.8412423,5.041242,5.441242,5.7412424,6.541242,7.541242,8.341242,8.641242,8.741242,8.641242,8.541243,8.441242,8.341242,8.841242,9.141242,8.641242,7.941242,7.141242,5.2412424,3.8412423,2.9412422,2.2412422,1.9412422,1.7412422,1.4412421,1.2412422,1.0412421,0.9412421,1.1412421,1.1412421,1.2412422,1.3412421,1.3412421,1.3412421,1.3412421,1.3412421,1.4412421,1.5412421,1.5412421,1.5412421,1.6412423,1.7412422,1.7412422,1.8412422,1.9412422,1.9412422,1.9412422,1.9412422,1.9412422,1.9412422,1.8412422
3.6412423,3.5412421,3.5412421,3.7412422,3.9412422,4.041242,3.9412422,4.141242,4.3412423,4.441242,4.441242,4.541242,4.941242,5.441242,6.8412423,7.941242,8.741242,9.341242,9.341242,8.941242,8.541243,8.141242,7.7412424,7.441242,7.8412423,8.841242,9.141242,8.441242,6.941242,5.541242,3.9412422,3.0412421,2.4412422,1.9412422,1.7412422,1.5412421,1.3412421,1.2412422,1.0412421,1.1412421,1.1412421,1.2412422,1.3412421,1.3412421,1.3412421,1.3412421,1.3412421,1.4412421,1.5412421,1.5412421,1.6412423,1.6412423,1.7412422,1.7412422,1.8412422,1.8412422,1.8412422,1.8412422,1.8412422,1.8412422,1.8412422
