wind-weather/data/weather/current/current-wind-isobaric-10hPa-gfs-1.0.json
{"header": {"discipline":0,"disciplineName":"Meteorologicalproducts","gribEdition":2,"gribLength":47109,"center":7,"centerName":"USNationalWeatherService-NCEP(WMC)","subcenter":0,"refTime":"2017-11-24T12:00:00.000Z","significanceOfRT":0,"significanceOfRTName":"Analysis","productStatus":0,"productStatusName":"Operationalproducts","productType":0,"productTypeName":"Analysisproducts","productDefinitionTemplate":0,"productDefinitionTemplateName":"Analysis/forecastathorizontallevel/layeratapointintime","parameterCategory":2,"parameterCategoryName":"Momentum","parameterNumber":2,"parameterNumberName":"U-component_of_wind","parameterUnit":"m.s-1","genProcessType":0,"genProcessTypeName":"Analysis","forecastTime":0,"surface1Type":100,"surface1TypeName":"Isobaricsurface","surface1Value":1000.0,"surface2Type":255,"surface2TypeName":"Missing","surface2Value":0.0,"gridDefinitionTemplate":0,"gridDefinitionTemplateName":"Latitude_Longitude","numberPoints":65160,"shape":6,"shapeName":"Earthsphericalwithradiusof6,371,229.0m","gridUnits":"degrees","resolution":48,"winds":"true","scanMode":0,"nx":360,"ny":181,"basicAngle":0,"lo1":0.0,"la1":90.0,"lo2":359.0,"la2":-90.0,"dx":1.0,"dy":1.0}, "data":
[rows 75 to 99 of 181, columns 0 to 56 of 360]
-2.2499926,-2.4499927,-2.6999927,-2.9199927,-3.0899928,-3.1499927,-3.1899927,-3.1499927,-3.0899928,-3.0599928,-3.0499926,-3.0899928,-3.1499927,-3.1899927,-3.2699926,-3.3499928,-3.4499927,-3.5999928,-3.7499926,-3.8499928,-3.9499927,-4.0499926,-4.1499925,-4.209993,-4.2999926,-4.3999925,-4.499993,-4.6499925,-4.7999926,-4.8999925,-4.999993,-5.0999928,-5.1999927,-5.1999927,-5.249993,-5.1999927,-5.0899925,-4.809993,-4.6399927,-4.309993,-3.9999926,-3.6099927,-3.3499928,-3.1999927,-3.2999926,-3.4999926,-3.7999926,-4.0099926,-4.0999928,-4.0999928,-4.0499926,-3.9999926,-3.9499927,-3.9499927,-3.9899926,-4.0499926,-4.0899925
-3.4999926,-3.7999926,-3.9999926,-4.1999927,-4.3999925,-4.499993,-4.499993,-4.3999925,-4.3999925,-4.2999926,-4.2999926,-4.2999926,-4.2999926,-4.3999925,-4.499993,-4.499993,-4.5999928,-4.6999927,-4.6999927,-4.709993,-4.7999926,-4.7999926,-4.8999925,-4.8999925,-4.999993,-5.0999928,-5.1999927,-5.2999926,-5.3999925,-5.5999928,-5.6999927,-5.7999926,-5.7999926,-5.7999926,-5.689993,-5.329993,-5.079993,-4.829993,-4.5999928,-4.3999925,-4.1699924,-4.0099926,-3.8999927,-3.8999927,-3.9999926,-4.1999927,-4.3999925,-4.5999928,-4.6999927,-4.6999927,-4.6999927,-4.6999927,-4.6999927,-4.8999925,-5.079993,-5.229993,-5.4899926
-5.1099925,-5.329993,-5.6099925,-5.709993,-5.809993,-5.809993,-5.749993,-5.709993,-5.6499925,-5.6099925,-5.5499926,-5.5499926,-5.5499926,-5.6099925,-5.709993,-5.809993,-5.9099927,-5.9499927,-6.0099926,-6.0099926,-5.9499927,-5.9099927,-5.9499927,-6.0099926,-6.1099925,-6.209993,-6.3499928,-6.4499927,-6.5499926,-6.6499925,-6.6499925,-6.709993,-6.709993,-6.5499926,-6.3499928,-6.1499925,-5.999993,-5.749993,-5.5499926,-5.459993,-5.209993,-5.1099925,-5.1099925,-5.249993,-5.4099927,-5.5099926,-5.709993,-5.9099927,-5.979993,-6.0099926,-6.0099926,-6.0099926,-6.1399927,-6.329993,-6.6099925,-6.9099927,-7.1099925
-6.809993,-7.0099926,-7.209993,-7.309993,-7.309993,-7.309993,-7.209993,-7.209993,-7.1099925,-7.0099926,-6.9099927,-6.9099927,-6.9099927,-7.0099926,-7.1099925,-7.209993,-7.309993,-7.4099927,-7.4099927,-7.309993,-7.2399926,-7.209993,-7.209993,-7.209993,-7.309993,-7.4099927,-7.5099926,-7.6099925,-7.709993,-7.809993,-8.009993,-8.009993,-7.8999925,-7.709993,-7.5099926,-7.2399926,-6.9899926,-6.809993,-6.709993,-6.5099926,-6.6099925,-6.709993,-6.809993,-6.9099927,-7.0099926,-7.209993,-7.4099927,-7.5099926,-7.6099925,-7.6099925,-7.6099925,-7.6099925,-7.709993,-7.939993,-8.289992,-8.609993,-8.909992
-8.419992,-8.619992,-8.719993,-8.819993,-8.819993,-8.759993,-8.659992,-8.559993,-8.499992,-8.459992,-8.419992,-8.359993,-8.319993,-8.319993,-8.389993,-8.459992,-8.559993,-8.619992,-8.659992,-8.619992,-8.529993,-8.459992,-8.359993,-8.419992,-8.459992,-8.579992,-8.719993,-8.819993,-8.919992,-9.039992,-9.119992,-9.119992,-9.059993,-8.979993,-8.819993,-8.619992,-8.349993,-8.119992,-7.999993,-8.019993,-8.019993,-8.119992,-8.359993,-8.619992,-8.789992,-8.919992,-9.119992,-9.219993,-9.319993,-9.259993,-9.219993,-9.1299925,-9.249992,-9.529993,-9.909992,-10.249992,-10.609993
-10.029993,-10.1299925,-10.229993,-10.229993,-10.199993,-10.019993,-9.909992,-9.809993,-9.729993,-9.709992,-9.609993,-9.519993,-9.509993,-9.509993,-9.509993,-9.609993,-9.609993,-9.709992,-9.709992,-9.709992,-9.609993,-9.509993,-9.509993,-9.509993,-9.609993,-9.719993,-9.899993,-10.009993,-10.109993,-10.1299925,-10.229993,-10.309993,-10.329992,-10.259993,-10.099993,-9.859993,-9.609993,-9.409992,-9.189993,-9.009993,-9.109993,-9.409992,-9.809993,-10.109993,-10.329992,-10.509993,-10.609993,-10.709992,-10.709992,-10.6299925,-10.519993,-10.509993,-10.609993,-10.919992,-11.309993,-11.709992,-11.999992
-11.369992,-11.469993,-11.539992,-11.469993,-11.359993,-11.169992,-11.019993,-10.869992,-10.769993,-10.769993,-10.659992,-10.479993,-10.469993,-10.369992,-10.369992,-10.369992,-10.439993,-10.469993,-10.569993,-10.569993,-10.569993,-10.569993,-10.569993,-10.639993,-10.759993,-10.869992,-10.969993,-11.069993,-11.169992,-11.339993,-11.469993,-11.479993,-11.469993,-11.369992,-11.169992,-10.999992,-10.769993,-10.479993,-10.269993,-10.239993,-10.349993,-10.569993,-10.869992,-11.169992,-11.469993,-11.569993,-11.719993,-11.769993,-11.769993,-11.599993,-11.469993,-11.469993,-11.639993,-11.969993,-12.349993,-12.669992,-12.869992
-12.419992,-12.419992,-12.419992,-12.319993,-12.189993,-12.019993,-11.719993,-11.599993,-11.499992,-11.419992,-11.319993,-11.199993,-11.099993,-11.019993,-10.999992,-10.999992,-11.009993,-11.099993,-11.209992,-11.299993,-11.319993,-11.319993,-11.319993,-11.319993,-11.419992,-11.609993,-11.719993,-11.819993,-11.919992,-11.999992,-11.999992,-11.999992,-11.919992,-11.919992,-11.919992,-11.819993,-11.499992,-11.209992,-10.979993,-10.799993,-10.919992,-11.119992,-11.449993,-11.789992,-12.059993,-12.299993,-12.419992,-12.499992,-12.399993,-12.219993,-12.099993,-12.099993,-12.279993,-12.609993,-12.919992,-13.209992,-13.419992
-12.969993,-12.969993,-12.899993,-12.869992,-12.769993,-12.519993,-12.269993,-11.999992,-11.799993,-11.699993,-11.599993,-11.499992,-11.389993,-11.299993,-11.269993,-11.299993,-11.299993,-11.399993,-11.569993,-11.699993,-11.799993,-11.799993,-11.799993,-11.869992,-11.969993,-12.069993,-12.199993,-12.299993,-12.299993,-12.299993,-12.299993,-12.299993,-12.299993,-12.299993,-12.199993,-12.029993,-11.889993,-11.619992,-11.449993,-11.369992,-11.3799925,-11.499992,-11.779993,-11.999992,-12.299993,-12.499992,-12.699993,-12.769993,-12.699993,-12.559993,-12.399993,-12.479993,-12.689993,-12.999992,-13.299993,-13.579992,-13.759993
-13.299993,-13.199993,-13.099993,-12.999992,-12.899993,-12.599993,-12.3799925,-12.099993,-11.899993,-11.709992,-11.589993,-11.399993,-11.299993,-11.299993,-11.299993,-11.299993,-11.299993,-11.399993,-11.599993,-11.699993,-11.799993,-11.869992,-11.899993,-11.919992,-11.999992,-12.119992,-12.269993,-12.369992,-12.369992,-12.299993,-12.199993,-12.169992,-12.099993,-12.099993,-12.239993,-12.299993,-12.089993,-11.819993,-11.669992,-11.499992,-11.599993,-11.699993,-11.799993,-11.969993,-12.199993,-12.499992,-12.689993,-12.769993,-12.699993,-12.599993,-12.599993,-12.699993,-12.919992,-13.229993,-13.499992,-13.799993,-13.919992
-13.219993,-13.059993,-12.819993,-12.619992,-12.519993,-12.319993,-12.109993,-11.839993,-11.599993,-11.399993,-11.219993,-11.1299925,-11.069993,-11.019993,-11.019993,-10.999992,-10.999992,-11.019993,-11.119992,-11.139993,-11.119992,-11.019993,-10.939993,-10.939993,-11.029993,-11.119992,-11.139993,-11.139993,-11.039992,-11.039992,-11.039992,-11.039992,-11.139993,-11.239993,-11.149993,-11.139993,-11.219993,-11.219993,-11.219993,-11.219993,-11.349993,-11.519993,-11.619992,-11.699993,-11.899993,-12.119992,-12.299993,-12.419992,-12.419992,-12.399993,-12.419992,-12.599993,-12.899993,-13.229993,-13.579992,-13.799993,-13.999992
-12.759993,-12.559993,-12.259993,-11.999992,-11.859993,-11.659992,-11.459992,-11.259993,-11.009993,-10.839993,-10.689993,-10.559993,-10.459992,-10.329992,-10.159992,-9.959992,-9.859993,-9.859993,-9.859993,-9.829992,-9.689993,-9.529993,-9.529993,-9.559993,-9.719993,-9.829992,-9.859993,-9.759993,-9.659992,-9.559993,-9.429993,-9.459992,-9.559993,-9.559993,-9.759993,-9.859993,-10.029993,-10.049993,-10.059993,-10.159992,-10.359993,-10.619992,-10.759993,-10.959992,-11.159992,-11.359993,-11.559993,-11.659992,-11.659992,-11.759993,-11.859993,-11.979993,-12.339993,-12.689993,-13.059993,-13.359993,-13.659992
-12.209992,-11.809993,-11.409992,-11.109993,-10.909992,-10.739993,-10.489993,-10.209992,-10.009993,-9.819993,-9.709992,-9.529993,-9.319993,-9.209992,-9.009993,-8.819993,-8.719993,-8.619992,-8.619992,-8.509993,-8.319993,-8.189993,-8.119992,-8.219993,-8.409992,-8.519993,-8.519993,-8.419992,-8.319993,-8.319993,-8.409992,-8.409992,-8.509993,-8.609993,-8.619992,-8.809993,-8.809993,-8.909992,-9.009993,-9.209992,-9.409992,-9.709992,-9.909992,-10.009993,-10.109993,-10.319993,-10.519993,-10.519993,-10.609993,-10.619992,-10.709992,-10.909992,-11.219993,-11.609993,-12.019993,-12.439993,-12.709992
-11.659992,-11.099993,-10.649993,-10.299993,-10.039992,-9.759993,-9.449993,-9.159992,-8.959992,-8.759993,-8.659992,-8.559993,-8.359993,-8.159992,-7.959993,-7.6599927,-7.479993,-7.209993,-7.1599927,-7.1099925,-6.979993,-6.8599925,-6.8599925,-6.9699926,-7.2599926,-7.559993,-7.6999927,-7.6999927,-7.5999928,-7.539993,-7.5999928,-7.7199926,-7.9499927,-8.179993,-8.309993,-8.399993,-8.499992,-8.599993,-8.599993,-8.689993,-8.819993,-8.999992,-9.199993,-9.199993,-9.259993,-9.259993,-9.159992,-9.209992,-9.259993,-9.309993,-9.399993,-9.609993,-9.949993,-10.429993,-10.899993,-11.279993,-11.509993
-11.199993,-10.599993,-9.999992,-9.499992,-8.999992,-8.599993,-8.299993,-8.029993,-7.809993,-7.6999927,-7.6999927,-7.5999928,-7.3999925,-7.1999927,-6.959993,-6.499993,-6.209993,-5.999993,-5.999993,-6.0999928,-6.0999928,-5.999993,-5.999993,-6.2999926,-6.6799927,-7.1299925,-7.499993,-7.7999926,-8.099993,-8.399993,-8.499992,-8.689993,-8.799993,-8.989993,-9.099993,-9.1299925,-9.099993,-8.999992,-8.999992,-9.099993,-9.199993,-9.299993,-9.399993,-9.399993,-9.049993,-8.699993,-8.399993,-8.099993,-7.999993,-7.999993,-8.099993,-8.399993,-8.779993,-9.299993,-9.779993,-10.199993,-10.399993
-10.799993,-10.169992,-9.549993,-9.019993,-8.489993,-8.069993,-7.7399926,-7.499993,-7.3999925,-7.2599926,-6.9499927,-6.8499928,-6.7999926,-6.7999926,-6.3999925,-6.0999928,-5.8199925,-5.5999928,-5.5999928,-5.6999927,-6.0499926,-6.459993,-6.8699927,-7.229993,-7.499993,-7.8499928,-8.149993,-8.389993,-8.599993,-8.819993,-9.249992,-9.549993,-10.049993,-10.149993,-9.949993,-9.949993,-9.969993,-10.099993,-9.999992,-10.049993,-10.149993,-10.249992,-10.179993,-9.899993,-9.549993,-9.099993,-8.519993,-7.999993,-7.5999928,-7.3999925,-7.499993,-7.709993,-8.139993,-8.659992,-9.179993,-9.569993,-9.789992
-10.399993,-9.699993,-9.089993,-8.539992,-7.979993,-7.5299926,-7.2999926,-7.1999927,-7.0999928,-6.9199924,-6.8999925,-6.8999925,-7.0999928,-7.1999927,-6.959993,-6.809993,-6.6099925,-6.4099927,-6.6099925,-7.0099926,-7.579993,-8.009993,-8.399993,-8.699993,-8.699993,-8.839993,-9.099993,-9.339993,-9.599993,-9.909992,-10.109993,-10.509993,-10.709992,-11.009993,-11.209992,-11.209992,-11.209992,-11.309993,-11.309993,-11.209992,-11.209992,-11.099993,-10.909992,-10.699993,-10.259993,-9.709992,-9.149993,-8.599993,-8.099993,-7.7999926,-7.769993,-7.8999925,-8.299993,-8.829992,-9.299993,-9.739993,-9.899993
-9.999992,-9.419992,-8.799993,-8.339993,-7.9899926,-7.7599926,-7.559993,-7.559993,-7.459993,-7.4099927,-7.6499925,-8.009993,-8.309993,-8.569993,-8.789992,-8.969993,-8.929993,-9.029993,-9.249992,-9.529993,-9.749992,-9.709992,-9.709992,-9.809993,-10.009993,-10.109993,-10.459992,-10.689993,-10.809993,-11.179993,-11.509993,-11.909992,-12.509993,-12.949993,-13.169992,-13.209992,-13.269993,-13.209992,-13.209992,-13.169992,-13.049993,-12.8799925,-12.669992,-12.319993,-11.839993,-11.269993,-10.589993,-9.969993,-9.489993,-9.169992,-9.109993,-9.279993,-9.659992,-10.179993,-10.709992,-11.109993,-11.209992
-10.419992,-10.029993,-9.829992,-9.6299925,-9.519993,-9.329992,-9.229993,-9.229993,-9.429993,-9.709992,-10.029993,-10.1299925,-10.439993,-10.929993,-11.489993,-11.939993,-12.339993,-12.549993,-12.529993,-12.439993,-12.369992,-12.229993,-12.1299925,-12.029993,-12.1299925,-12.569993,-12.919992,-12.719993,-12.729993,-13.069993,-13.319993,-13.769993,-14.439993,-15.089993,-15.419992,-15.429993,-15.529993,-15.529993,-15.429993,-15.419992,-15.319993,-15.219993,-15.029993,-14.729993,-14.329992,-13.729993,-13.179993,-12.529993,-12.039992,-11.729993,-11.6299925,-11.729993,-12.109993,-12.529993,-12.929993,-13.1299925,-13.119992
-12.959992,-12.859993,-12.759993,-12.689993,-12.649993,-12.459992,-12.259993,-12.189993,-12.359993,-12.689993,-12.969993,-13.159992,-13.569993,-14.049993,-14.489993,-14.889993,-15.189993,-15.389993,-15.389993,-15.289992,-15.289992,-14.989993,-14.789992,-14.589993,-14.589993,-14.889993,-15.089993,-15.089993,-15.089993,-15.289992,-15.529993,-15.989993,-16.639992,-17.369993,-17.789993,-17.829992,-17.729992,-17.599993,-17.429993,-17.429993,-17.319992,-17.129993,-16.929993,-16.729992,-16.429993,-16.089993,-15.659992,-15.189993,-14.829992,-14.589993,-14.489993,-14.559993,-14.789992,-15.089993,-15.289992,-15.389993,-15.239993
-15.949993,-15.949993,-15.959992,-15.969993,-15.869992,-15.669992,-15.569993,-15.569993,-15.659992,-15.869992,-16.049994,-16.039993,-16.239992,-16.449993,-16.839993,-17.239992,-17.639992,-17.849993,-17.939993,-17.849993,-17.849993,-17.619993,-17.239992,-17.239992,-17.449993,-17.749992,-17.849993,-17.649992,-17.549994,-17.549994,-17.739992,-18.089993,-18.739992,-19.499992,-19.939993,-19.939993,-19.739992,-19.439993,-19.239992,-19.119993,-18.839993,-18.639992,-18.439993,-18.239992,-18.079992,-17.839993,-17.539993,-17.249992,-17.089993,-17.039993,-17.049994,-17.249992,-17.529993,-17.849993,-18.139992,-18.249992,-18.159992
-18.639992,-18.819992,-18.919992,-18.919992,-18.739992,-18.519993,-18.339993,-18.239992,-18.139992,-18.039993,-18.069992,-18.039993,-18.039993,-18.269993,-18.609993,-18.869993,-19.159992,-19.439993,-19.609993,-19.669992,-19.499992,-19.239992,-19.089993,-19.039993,-19.339993,-19.839993,-19.839993,-19.639992,-19.439993,-19.489992,-19.639992,-19.899992,-20.379993,-21.009993,-21.549994,-21.539993,-21.239992,-20.849993,-20.619993,-20.389992,-20.139992,-19.879993,-19.739992,-19.669992,-19.569992,-19.469994,-19.339993,-19.139992,-19.039993,-19.039993,-19.189993,-19.459993,-19.839993,-20.319992,-20.539993,-20.639992,-20.539993
-20.329992,-20.429993,-20.429993,-20.429993,-20.309992,-20.059992,-19.829992,-19.649992,-19.609993,-19.529993,-19.529993,-19.449993,-19.529993,-19.629993,-19.829992,-20.029993,-20.229992,-20.429993,-20.629993,-20.829992,-20.849993,-20.629993,-20.529993,-20.669992,-20.909992,-21.229992,-21.229992,-20.989992,-20.729992,-20.829992,-20.929993,-21.029993,-21.429993,-22.089993,-22.629993,-22.729992,-22.329992,-21.849993,-21.519993,-21.209993,-20.919992,-20.699993,-20.599993,-20.629993,-20.729992,-20.729992,-20.729992,-20.549994,-20.439993,-20.459993,-20.629993,-20.929993,-21.299994,-21.629993,-21.829992,-21.829992,-21.729992
-20.799994,-20.899992,-20.899992,-20.899992,-20.799994,-20.699993,-20.599993,-20.499992,-20.479992,-20.399992,-20.399992,-20.379993,-20.379993,-20.399992,-20.479992,-20.679993,-20.799994,-20.979992,-21.099993,-21.379993,-21.589993,-21.399992,-21.319992,-21.379993,-21.479992,-21.699993,-21.679993,-21.499992,-21.499992,-21.499992,-21.499992,-21.499992,-21.979992,-22.749992,-23.299994,-23.399992,-23.059992,-22.529993,-21.989992,-21.519993,-21.199993,-20.999992,-20.899992,-20.999992,-21.139992,-21.299994,-21.379993,-21.279993,-21.189993,-21.209993,-21.389992,-21.599993,-21.889992,-22.099993,-22.299994,-22.299994,-22.199993
-20.899992,-20.899992,-20.969994,-20.999992,-20.999992,-20.899992,-20.799994,-20.729992,-20.699993,-20.699993,-20.699993,-20.699993,-20.699993,-20.699993,-20.699993,-20.799994,-20.939993,-20.999992,-21.069992,-21.399992,-21.599993,-21.399992,-21.199993,-21.179993,-21.299994,-21.369993,-21.369993,-21.329992,-21.399992,-21.379993,-21.269993,-21.269993,-21.699993,-22.439993,-23.069992,-23.219994,-22.979992,-22.429993,-21.839993,-21.269993,-20.849993,-20.579992,-20.569992,-20.669992,-20.879993,-21.169992,-21.299994,-21.299994,-21.299994,-21.369993,-21.499992,-21.699993,-21.949993,-22.169992,-22.299994,-22.369993,-22.299994
