wind-weather/data/weather/current/current-wind-isobaric-250hPa-gfs-1.0.json
{"header": {"discipline":0,"disciplineName":"Meteorologicalproducts","gribEdition":2,"gribLength":45625,"center":7,"centerName":"USNationalWeatherService-NCEP(WMC)","subcenter":0,"refTime":"2017-11-24T12:00:00.000Z","significanceOfRT":0,"significanceOfRTName":"Analysis","productStatus":0,"productStatusName":"Operationalproducts","productType":0,"productTypeName":"Analysisproducts","productDefinitionTemplate":0,"productDefinitionTemplateName":"Analysis/forecastathorizontallevel/layeratapointintime","parameterCategory":2,"parameterCategoryName":"Momentum","parameterNumber":3,"parameterNumberName":"V-component_of_wind","parameterUnit":"m.s-1","genProcessType":0,"genProcessTypeName":"Analysis","forecastTime":0,"surface1Type":100,"surface1TypeName":"Isobaricsurface","surface1Value":25000.0,"surface2Type":255,"surface2TypeName":"Missing","surface2Value":0.0,"gridDefinitionTemplate":0,"gridDefinitionTemplateName":"Latitude_Longitude","numberPoints":65160,"shape":6,"shapeName":"Earthsphericalwithradiusof6,371,229.0m","gridUnits":"degrees","resolution":48,"winds":"true","scanMode":0,"nx":360,"ny":181,"basicAngle":0,"lo1":0.0,"la1":90.0,"lo2":359.0,"la2":-90.0,"dx":1.0,"dy":1.0}, "data":
[rows 52 to 77 of 181, columns 236 to 294 of 360]
17.452423,13.652423,9.352423,6.152423,3.252423,-0.9475769,-2.047577,-3.247577,-5.647577,-8.647577,-12.9475765,-16.047577,-18.447577,-20.047577,-21.647577,-22.847576,-24.547577,-20.947577,-19.747578,-16.547577,-17.847576,-17.447577,-17.147577,-17.247578,-17.847576,-19.947577,-21.147577,-20.847576,-20.247578,-20.847576,-20.447577,-17.747578,-15.347577,-15.647577,-16.347576,-14.9475765,-11.647577,-9.147577,-7.447577,-8.847577,-13.147577,-13.147577,-10.547577,-8.247577,-7.447577,-5.947577,-2.1475768,4.152423,10.452423,16.552423,20.952423,22.152424,25.452423,28.552423,27.752422,25.952423,23.652424,21.152424,17.952423
16.552423,12.152423,8.5524235,6.2524233,4.652423,1.5524231,-1.5475769,-2.547577,-4.947577,-8.147577,-11.847577,-14.847577,-17.647577,-19.547577,-20.947577,-22.647577,-21.347576,-21.047577,-19.047577,-17.647577,-19.147577,-20.347576,-19.647577,-19.847576,-20.747578,-22.047577,-22.847576,-22.747578,-22.047577,-23.147577,-23.747578,-20.947577,-17.247578,-17.147577,-19.647577,-19.447577,-15.847577,-11.547577,-8.347577,-8.147577,-11.847577,-12.247577,-10.247577,-9.247577,-7.7475767,-3.247577,4.2524233,11.852423,18.952423,23.252422,24.752422,29.752422,30.752422,29.252422,26.852423,24.252422,20.752422,16.152424,12.652423
13.952423,11.0524235,8.852423,7.052423,5.152423,3.252423,0.2524231,-2.8475769,-4.647577,-7.7475767,-10.9475765,-13.647577,-16.747578,-18.747578,-19.147577,-18.647577,-18.647577,-17.847576,-17.747578,-18.147577,-20.647577,-22.047577,-22.447577,-22.647577,-22.747578,-23.447577,-24.147577,-24.047577,-23.547577,-23.847576,-25.247578,-24.847576,-21.447577,-19.447577,-21.447577,-22.647577,-18.947577,-13.9475765,-9.9475765,-9.047577,-11.847577,-12.647577,-10.9475765,-9.4475765,-4.547577,3.8524232,12.752423,20.652424,24.952423,28.152424,31.852423,31.152424,29.452423,29.152424,26.752422,23.252422,18.352423,14.752423,13.752423
14.752423,12.5524235,10.152423,7.852423,5.652423,3.3524232,0.7524231,-1.9475769,-4.947577,-7.7475767,-10.747577,-13.247577,-15.547577,-16.147577,-16.347576,-16.247578,-16.247578,-16.547577,-16.947577,-19.747578,-21.647577,-22.847576,-24.147577,-24.947577,-24.947577,-24.847576,-25.247578,-25.347576,-25.247578,-24.847576,-26.247578,-27.347576,-24.147577,-21.947577,-22.747578,-24.347576,-21.747578,-16.147577,-11.747577,-10.547577,-11.547577,-11.547577,-10.4475765,-6.547577,1.9524231,12.652423,21.052423,27.252422,31.752422,31.352423,30.452423,31.552423,30.752422,26.752422,22.452423,18.852423,15.952423,15.252423,13.152423
14.452423,12.952423,10.652423,8.0524235,5.152423,2.1524231,-1.0475769,-4.047577,-6.347577,-8.847577,-11.647577,-13.547577,-15.247577,-14.847577,-14.747577,-13.647577,-15.247577,-16.947577,-19.447577,-20.747578,-22.247578,-23.847576,-23.847576,-25.147577,-26.347576,-26.347576,-26.447577,-26.347576,-26.347576,-26.347576,-27.547577,-27.847576,-25.847576,-24.047577,-24.247578,-25.547577,-22.347576,-16.647577,-12.247577,-10.4475765,-10.4475765,-10.347577,-8.4475765,-0.6475769,11.252423,21.452423,29.452423,31.752422,31.852423,30.552423,32.352425,30.452423,26.152424,22.552423,20.652424,17.352423,15.352423,13.652423,12.0524235
13.5524235,12.352423,9.952423,7.352423,4.152423,0.6524231,-2.3475769,-4.347577,-6.347577,-9.9475765,-12.247577,-13.547577,-14.347577,-15.4475765,-16.447577,-16.147577,-15.547577,-17.347576,-19.047577,-20.747578,-21.947577,-22.447577,-23.347576,-24.447577,-26.547577,-27.147577,-27.247578,-27.147577,-27.247578,-27.647577,-28.547577,-28.547577,-27.547577,-25.947577,-25.647577,-24.647577,-20.347576,-15.047577,-11.4475765,-10.647577,-11.247577,-10.347577,-3.6475768,8.352423,19.752422,29.152424,32.452423,31.052423,32.952423,32.652424,31.852423,26.052423,22.952423,21.152424,18.552423,15.852423,14.352423,13.352423,12.952423
12.752423,11.152423,9.0524235,6.352423,3.552423,0.6524231,-2.547577,-5.047577,-6.447577,-8.547577,-10.4475765,-12.147577,-14.047577,-15.647577,-16.247578,-16.547577,-17.247578,-18.047577,-18.347576,-19.747578,-20.047577,-20.247578,-20.847576,-22.947577,-25.447577,-26.347576,-27.147577,-27.747578,-28.147577,-28.747578,-29.647577,-29.847576,-29.047577,-27.347576,-25.847576,-21.847576,-17.047577,-12.4475765,-11.247577,-12.547577,-12.4475765,-7.147577,4.652423,16.352423,25.552423,28.552423,27.252422,31.352423,32.752422,32.352425,26.452423,22.852423,22.252422,20.652424,20.252422,19.052423,17.252422,16.052423,15.252423
11.252423,9.252423,6.852423,4.452423,2.052423,-0.2475769,-2.547577,-4.947577,-7.047577,-7.447577,-9.4475765,-11.747577,-13.847577,-15.247577,-15.347577,-15.847577,-16.547577,-17.747578,-18.447577,-18.047577,-18.647577,-19.147577,-19.647577,-21.747578,-24.147577,-25.447577,-27.047577,-28.347576,-28.647577,-29.647577,-30.547577,-30.547577,-29.147577,-26.547577,-23.047577,-18.447577,-14.147577,-11.247577,-12.347577,-13.747577,-10.047577,0.4524231,12.252423,20.752422,23.752422,26.452423,27.952423,32.452423,30.452423,27.252422,26.952423,25.652424,24.152424,24.652424,21.952423,18.652424,17.552423,16.152424,13.852423
8.952423,6.652423,4.352423,2.052423,-0.047576904,-2.047577,-4.047577,-5.947577,-7.547577,-6.847577,-8.847577,-10.9475765,-12.047577,-13.847577,-13.647577,-13.647577,-14.9475765,-15.4475765,-16.747578,-16.047577,-17.147577,-18.947577,-19.947577,-21.747578,-23.947577,-25.947577,-27.547577,-28.347576,-29.147577,-30.247578,-30.747578,-29.447577,-26.447577,-22.247578,-18.747578,-14.847577,-11.647577,-11.147577,-12.847577,-11.147577,-3.047577,7.352423,16.252422,20.952423,26.352423,32.952423,35.652424,32.952423,27.852423,27.352423,28.652424,26.052423,25.252422,22.552423,19.152424,17.352423,14.352423,10.452423,7.552423
7.652423,5.452423,3.452423,1.3524231,-0.7475769,-2.947577,-5.347577,-7.847577,-9.347577,-9.247577,-10.4475765,-11.847577,-11.4475765,-10.9475765,-10.047577,-11.547577,-13.547577,-12.9475765,-13.9475765,-14.9475765,-16.847576,-19.647577,-20.947577,-22.447577,-24.447577,-26.347576,-27.947577,-28.447577,-28.647577,-29.447577,-28.447577,-24.747578,-19.547577,-16.847576,-14.4475765,-11.547577,-10.547577,-11.247577,-10.4475765,-3.947577,4.452423,12.5524235,18.152424,24.152424,31.752422,37.252422,32.452423,31.352423,30.152424,30.152424,28.152424,25.452423,23.352423,20.052423,17.152424,12.952423,7.2524233,4.452423,4.052423
7.552423,5.552423,3.552423,1.4524231,-0.9475769,-3.447577,-6.047577,-8.747577,-10.9475765,-12.147577,-12.547577,-13.4475765,-9.547577,-6.947577,-7.447577,-7.947577,-11.047577,-11.347577,-13.047577,-14.747577,-17.747578,-20.147577,-21.847576,-22.947577,-25.147577,-27.047577,-27.647577,-27.447577,-27.747578,-27.347576,-23.147577,-16.847576,-14.647577,-13.547577,-11.9475765,-10.9475765,-10.9475765,-9.747577,-5.147577,2.552423,10.452423,15.752423,21.252422,27.752422,34.952423,37.352425,34.752422,32.252422,31.452423,31.352423,27.452423,23.852423,18.152424,14.5524235,12.352423,8.452423,7.052423,5.7524233,4.852423
7.052423,5.2524233,3.552423,1.752423,-0.5475769,-3.3475769,-6.347577,-9.247577,-12.047577,-14.247577,-14.147577,-13.9475765,-9.347577,-4.647577,-5.2475767,-6.947577,-9.4475765,-10.4475765,-12.4475765,-14.747577,-17.747578,-19.647577,-21.847576,-22.947577,-25.347576,-26.347576,-26.347576,-26.847576,-27.047577,-23.047577,-15.9475765,-13.347577,-13.247577,-13.147577,-12.847577,-12.147577,-10.047577,-5.347577,1.6524231,9.152423,14.852423,19.352423,24.852423,32.652424,37.352425,36.852425,34.55242,32.752422,31.552423,29.652424,24.652424,19.652424,13.852423,11.5524235,9.452423,8.452423,7.952423,6.052423,4.052423
6.2524233,4.852423,3.3524232,1.9524231,-0.047576904,-2.6475768,-5.7475767,-8.9475765,-11.747577,-14.747577,-16.147577,-15.347577,-11.247577,-6.147577,-5.547577,-6.947577,-8.147577,-9.347577,-11.4475765,-14.547577,-17.447577,-19.347576,-21.047577,-22.947577,-24.247578,-24.747578,-25.347576,-26.747578,-24.047577,-16.947577,-13.147577,-13.4475765,-14.4475765,-14.547577,-13.047577,-9.647577,-4.347577,2.252423,8.752423,13.752423,18.552423,23.352423,30.652424,36.852425,37.252422,35.352425,33.752422,32.252422,29.852423,25.852423,21.652424,15.652423,13.5524235,11.0524235,7.552423,6.352423,5.852423,4.352423,2.552423
5.552423,3.752423,2.252423,1.3524231,0.052423097,-2.1475768,-5.047577,-8.347577,-11.547577,-14.747577,-17.447577,-17.147577,-12.547577,-6.147577,-4.347577,-6.647577,-7.7475767,-8.747577,-10.347577,-13.547577,-16.147577,-19.047577,-20.447577,-22.347576,-22.547577,-22.647577,-23.847576,-23.847576,-18.447577,-13.247577,-13.047577,-14.647577,-14.747577,-12.647577,-8.347577,-2.547577,3.052423,8.0524235,12.752423,17.152424,21.952423,28.752422,34.852425,36.152424,35.452423,34.252422,32.05242,31.052423,28.052423,23.852423,18.652424,16.352423,13.452423,9.352423,5.152423,3.952423,3.3524232,2.1524231,0.5524231
5.052423,2.752423,0.7524231,-0.047576904,-0.6475769,-2.3475769,-4.647577,-7.947577,-11.547577,-14.847577,-17.947577,-18.847576,-13.9475765,-5.547577,-3.8475769,-5.347577,-6.447577,-7.2475767,-8.9475765,-12.047577,-14.747577,-17.647577,-20.047577,-21.047577,-20.347576,-20.547577,-21.347576,-19.447577,-14.547577,-11.547577,-12.647577,-13.147577,-11.247577,-6.847577,-1.5475769,3.3524232,7.852423,12.0524235,15.852423,20.652424,27.352423,32.852425,34.452423,34.852425,34.952423,32.852425,32.152424,30.052423,25.852423,22.952423,18.852423,14.952423,11.352423,7.7524233,4.152423,1.752423,0.6524231,-0.2475769,-1.747577
4.652423,2.052423,-0.2475769,-1.3475769,-1.4475769,-2.747577,-4.7475767,-7.7475767,-11.347577,-14.9475765,-18.047577,-20.147577,-16.147577,-6.7475767,-4.147577,-3.447577,-4.847577,-6.547577,-8.547577,-9.547577,-12.747577,-15.347577,-18.447577,-19.447577,-17.847576,-18.147577,-18.547577,-16.247578,-12.4475765,-10.047577,-10.4475765,-9.347577,-6.047577,-1.4475769,3.252423,7.852423,11.752423,15.352423,19.852423,26.552423,30.752422,32.252422,33.05242,33.752422,33.152424,31.952423,31.352423,27.652424,25.952423,20.752422,17.252422,14.152423,10.452423,6.652423,3.1524231,0.2524231,-1.6475769,-2.6475768,-3.547577
4.052423,1.5524231,-0.5475769,-1.747577,-1.747577,-2.6475768,-4.7475767,-7.447577,-10.847577,-14.4475765,-17.847576,-20.547577,-19.147577,-9.847577,-4.847577,-2.947577,-3.8475769,-4.847577,-5.7475767,-8.747577,-11.247577,-13.547577,-16.247578,-17.247578,-15.547577,-14.347577,-15.047577,-13.747577,-10.847577,-8.247577,-6.947577,-4.7475767,-1.1475769,3.052423,7.152423,10.752423,14.352423,18.752422,25.652424,29.152424,30.252422,31.752422,31.552423,31.352423,31.452423,31.952423,29.752422,27.552423,22.552423,19.252422,15.5524235,11.752423,8.752423,5.952423,2.8524232,-0.5475769,-2.747577,-3.8475769,-5.2475767
3.452423,1.1524231,-0.7475769,-1.0475769,-0.9475769,-1.9475769,-4.047577,-6.947577,-10.047577,-13.4475765,-16.847576,-19.847576,-20.747578,-15.147577,-8.147577,-4.947577,-3.747577,-2.947577,-1.1475769,-3.6475768,-9.147577,-11.547577,-13.847577,-15.9475765,-14.247577,-11.847577,-10.847577,-10.747577,-9.047577,-6.7475767,-4.447577,-1.4475769,2.1524231,5.952423,9.152423,12.852423,17.152424,23.952423,27.352423,28.752422,30.252422,29.852423,29.952423,30.452423,31.452423,30.852423,28.552423,24.752422,21.252422,17.352423,13.752423,11.152423,9.152423,5.852423,2.1524231,-0.7475769,-2.247577,-4.2475767,-7.047577
2.8524232,0.8524231,-0.5475769,-0.4475769,-0.047576904,-0.5475769,-2.6475768,-5.547577,-8.547577,-11.647577,-14.847577,-17.847576,-19.347576,-18.547577,-13.247577,-7.7475767,-4.647577,-2.747577,0.4524231,-0.8475769,-4.947577,-9.847577,-11.547577,-12.747577,-13.547577,-11.147577,-8.247577,-7.447577,-7.147577,-5.147577,-2.547577,0.4524231,3.952423,7.7524233,10.752423,15.152423,21.452423,25.152424,27.052423,28.452423,28.552423,28.652424,28.452423,30.452423,30.652424,29.452423,26.352423,22.852423,18.552423,15.0524235,13.152423,10.952423,7.7524233,4.952423,2.8524232,0.6524231,-1.4475769,-4.447577,-8.247577
2.252423,0.8524231,-0.1475769,-0.1475769,0.2524231,0.6524231,-0.5475769,-3.247577,-6.147577,-9.247577,-12.247577,-14.847577,-16.447577,-17.147577,-15.4475765,-10.847577,-6.347577,-3.247577,-0.8475769,0.5524231,-2.6475768,-6.847577,-9.4475765,-9.647577,-12.147577,-10.747577,-7.7475767,-6.047577,-5.047577,-3.447577,-0.9475769,2.3524232,6.052423,8.752423,13.652423,19.252422,22.352423,24.552423,26.152424,26.752422,27.252422,26.552423,27.852423,29.452423,28.552423,26.252422,22.852423,19.252422,14.752423,12.752423,11.352423,10.852423,9.152423,5.552423,2.552423,-0.2475769,-2.947577,-7.047577,-8.847577
1.752423,0.6524231,0.052423097,0.052423097,0.2524231,0.3524231,0.1524231,-1.247577,-3.747577,-6.447577,-9.047577,-11.247577,-12.847577,-13.747577,-13.147577,-11.247577,-7.347577,-4.647577,-1.8475769,-0.9475769,-0.4475769,-4.547577,-6.2475767,-6.647577,-8.847577,-9.247577,-7.847577,-5.2475767,-3.6475768,-2.3475769,-0.2475769,2.552423,6.052423,12.352423,17.552423,19.852423,21.952423,23.352423,24.152424,25.152424,24.352423,25.552423,27.552423,28.352423,25.352423,21.352423,18.352423,13.0524235,10.852423,10.452423,11.752423,10.452423,8.0524235,5.352423,2.052423,-1.1475769,-2.547577,-8.747577,-10.9475765
1.4524231,0.7524231,0.4524231,0.3524231,0.5524231,0.4524231,-0.047576904,-0.7475769,-2.1475768,-4.347577,-6.547577,-8.147577,-9.4475765,-10.147577,-10.147577,-8.9475765,-6.947577,-4.647577,-2.447577,-1.3475769,-0.5475769,-1.747577,-5.647577,-5.347577,-8.147577,-7.347577,-6.547577,-4.347577,-3.947577,-1.9475769,0.2524231,4.352423,10.452423,16.452423,18.652424,20.152424,20.452423,21.352423,22.252422,21.852423,23.252422,24.752422,26.952423,24.052423,19.552423,15.752423,11.752423,8.352423,9.152423,11.0524235,10.252423,9.152423,7.352423,4.852423,1.9524231,-1.5475769,-4.7475767,-7.647577,-12.347577
0.5524231,0.6524231,0.7524231,1.0524231,1.252423,1.252423,0.6524231,-0.34757692,-1.4475769,-2.747577,-4.147577,-5.847577,-6.947577,-7.447577,-7.347577,-6.647577,-5.547577,-4.047577,-2.547577,-1.0475769,-0.7475769,-1.8475769,-4.147577,-5.347577,-6.047577,-6.7475767,-5.847577,-5.7475767,-4.447577,-1.747577,3.8524232,10.652423,15.752423,17.952423,18.352423,17.952423,18.852423,19.552423,19.252422,20.752422,22.852423,26.152424,23.352423,17.952423,14.252423,12.452423,8.352423,7.452423,8.852423,9.0524235,8.852423,8.652423,7.052423,4.452423,1.252423,-1.9475769,-5.647577,-8.847577,-11.147577
-0.7475769,0.2524231,1.1524231,1.9524231,2.3524232,2.3524232,1.9524231,1.1524231,-0.4475769,-1.8475769,-3.1475768,-4.2475767,-4.947577,-5.347577,-5.2475767,-4.7475767,-3.8475769,-2.747577,-1.4475769,-1.247577,-1.8475769,-2.3475769,-2.8475769,-3.447577,-4.847577,-5.147577,-4.547577,-2.947577,0.052423097,4.952423,10.452423,14.352423,15.452423,16.852423,17.252422,17.852423,17.652424,16.252422,17.152424,19.752422,23.652424,23.852423,17.652424,14.352423,11.452423,11.352423,4.7524233,4.852423,7.052423,7.152423,7.652423,6.852423,6.052423,4.652423,1.0524231,-2.247577,-5.347577,-9.247577,-12.247577
-3.1475768,-1.8475769,-0.1475769,1.752423,3.052423,3.552423,3.052423,1.9524231,0.6524231,-0.7475769,-2.1475768,-3.047577,-3.8475769,-4.047577,-3.747577,-3.247577,-2.447577,-1.747577,-1.3475769,-1.4475769,-1.5475769,-1.8475769,-1.747577,-1.6475769,-2.1475768,-2.047577,-0.7475769,1.9524231,5.7524233,9.652423,12.5524235,13.352423,15.352423,16.152424,16.552423,16.452423,15.352423,15.852423,17.452423,19.552423,21.852423,19.852423,13.252423,12.852423,8.652423,6.452423,3.3524232,4.052423,6.052423,6.2524233,6.452423,5.952423,5.152423,2.752423,-0.2475769,-2.947577,-5.847577,-8.747577,-12.747577
-3.8475769,-2.1475768,0.052423097,2.252423,3.552423,3.252423,3.252423,2.752423,1.4524231,-0.2475769,-0.8475769,-2.047577,-2.6475768,-2.547577,-2.1475768,-1.747577,-1.0475769,-0.34757692,0.052423097,0.1524231,0.052423097,0.3524231,1.0524231,1.8524231,2.552423,3.452423,4.852423,6.452423,8.752423,11.0524235,12.352423,15.152423,16.052423,16.652424,16.052423,16.852423,15.752423,16.852423,16.152424,18.752422,18.852423,15.152423,11.252423,10.752423,6.952423,3.6524231,3.1524231,4.052423,4.7524233,5.152423,5.552423,5.952423,5.2524233,1.752423,-1.747577,-3.747577,-6.147577,-8.747577,-11.347577
