wind-weather/data/weather/current/current-wind-isobaric-1000hPa-gfs-1.0.json
{"header": {"discipline":0,"disciplineName":"Meteorologicalproducts","gribEdition":2,"gribLength":76050,"center":7,"centerName":"USNationalWeatherService-NCEP(WMC)","subcenter":0,"refTime":"2017-11-24T12:00:00.000Z","significanceOfRT":0,"significanceOfRTName":"Analysis","productStatus":0,"productStatusName":"Operationalproducts","productType":0,"productTypeName":"Analysisproducts","productDefinitionTemplate":0,"productDefinitionTemplateName":"Analysis/forecastathorizontallevel/layeratapointintime","parameterCategory":2,"parameterCategoryName":"Momentum","parameterNumber":3,"parameterNumberName":"V-component_of_wind","parameterUnit":"m.s-1","genProcessType":0,"genProcessTypeName":"Analysis","forecastTime":0,"surface1Type":100,"surface1TypeName":"Isobaricsurface","surface1Value":100000.0,"surface2Type":255,"surface2TypeName":"Missing","surface2Value":0.0,"gridDefinitionTemplate":0,"gridDefinitionTemplateName":"Latitude_Longitude","numberPoints":65160,"shape":6,"shapeName":"Earthsphericalwithradiusof6,371,229.0m","gridUnits":"degrees","resolution":48,"winds":"true","scanMode":0,"nx":360,"ny":181,"basicAngle":0,"lo1":0.0,"la1":90.0,"lo2":359.0,"la2":-90.0,"dx":1.0,"dy":1.0}, "data":
[rows 26 to 51 of 181, columns 232 to 289 of 360]
0.50637937,1.5263793,0.6363794,0.42637938,-1.3536206,0.13637939,-0.6336206,-0.6436206,-0.7136206,0.2263794,-0.12362061,-0.14362061,-0.013620606,-0.2336206,-0.5136206,-0.5536206,-1.1336206,-1.5436206,-1.8636206,-2.0936205,-2.5436206,-2.8436205,-2.6736207,-3.1636207,-2.3736205,-1.6636206,-2.3136206,-3.5336206,-3.8236206,-3.8336205,-4.2136207,-2.6836207,-1.6836206,-2.5736206,-3.7036207,-4.2936206,-4.843621,-5.323621,-5.4036207,-4.343621,-1.2736206,-0.5236206,-1.2236207,-1.9536206,-3.4336207,-2.4436207,-2.1336205,-1.5936207,-2.0636206,-1.9336206,0.4163794,-0.7136206,-2.7736206,-2.1136205,-2.2336206,-1.7536206,-2.0836205,-1.9136206
0.2963794,-0.5636206,0.3563794,-0.4836206,-0.3036206,-0.8536206,-1.3436207,-2.5236206,-2.7236207,-1.1036206,-0.6736206,-1.0836205,-1.0836205,-0.32362062,-0.20362061,0.3263794,-1.1136206,-2.9336207,-2.8836205,-2.2836206,-2.4436207,-2.7036207,-2.7436206,-2.6936207,-2.7636206,-3.0536206,-3.8636205,-3.8936205,-4.0236206,-4.6136208,-4.6336207,-3.8336205,-4.1036205,-4.9236207,-5.6236205,-5.8336205,-5.5036206,-5.6036205,-3.1036205,-2.0736206,0.7163794,3.2663794,3.3863795,3.1463795,3.4963794,2.0563793,2.3763795,2.5163794,1.6163794,0.4763794,-0.9836206,-0.8336206,-1.7436206,-4.0036206,-1.3836206,-1.0636206,-1.6136206,-2.2836206
-0.9236206,-3.0436206,-2.5636206,1.2863793,-0.9236206,0.116379395,-1.3036206,-2.8036206,-3.6336205,-2.0836205,-2.3636205,-1.8336205,-1.9136206,-2.4636207,-2.2336206,-1.2736206,0.16637939,0.4063794,-0.5336206,-0.99362063,-1.5936207,-2.1736207,-2.2236207,-2.7836206,-2.9436207,-3.2636206,-3.4236207,-3.7636206,-3.6836207,-3.8136206,-4.0136204,-4.283621,-4.323621,-4.3936205,-4.8536205,-4.6036205,-3.8236206,-1.0336206,1.5763794,2.8063793,3.4263794,3.3663795,4.3763795,4.4763794,4.8263793,4.7663794,5.0763793,3.1963794,0.7663794,1.2863793,1.0663794,-1.2936206,0.1463794,0.1963794,0.0663794,-1.4836206,-0.5136206,1.5963794
-1.7736206,-0.8736206,-1.5936207,0.75637937,-0.14362061,-0.2836206,0.45637938,-0.2536206,0.5863794,0.5763794,-0.2136206,-0.8636206,-4.3836207,-2.8036206,3.1163795,-0.4336206,-1.3736206,-1.1536206,-1.0236206,-0.8236206,-2.1336205,-2.5736206,-2.7836206,-3.2536206,-3.5236206,-3.8836205,-3.9436207,-4.1536207,-4.3336205,-4.3936205,-4.283621,-4.3136206,-4.1936207,-4.0136204,-3.3736205,-2.6536207,-2.0636206,-1.0236206,0.3163794,1.3263794,2.1963794,2.7863793,5.2263794,5.466379,3.7263794,4.4163795,6.2763796,5.156379,3.7263794,3.0063794,1.5563794,-1.0736206,-2.2836206,-3.6136205,-3.3336205,-0.8436206,0.48637938,1.5463794
-0.2436206,-1.9336206,0.4463794,1.0863794,-0.9536206,-1.1236206,-1.1536206,-1.8036206,-1.2536206,-0.9236206,-1.7036206,-0.8936206,-0.9636206,-0.2536206,-1.1036206,-1.6436206,-1.7736206,-2.1736207,-2.0336206,-1.7636206,-1.7236207,-2.7736206,-3.0636206,-3.2336206,-3.7336206,-4.1536207,-3.9236207,-4.2136207,-4.4336205,-4.3636208,-4.4236207,-3.9136207,-4.0036206,-3.1836207,-2.2836206,-1.5036206,-0.1936206,0.9763794,1.7163794,2.1963794,3.1063795,3.7263794,5.0863795,5.446379,4.3663793,2.5863793,3.7563794,4.5963793,3.3963795,1.5763794,2.0063794,-0.033620607,-1.5036206,-2.1936207,-1.2536206,0.016379394,0.48637938,-0.1036206
1.3463794,2.9063795,3.3963795,-0.12362061,-1.6236206,-1.3136206,-1.1936206,-2.0136206,-1.6936206,-1.0036206,0.5763794,-0.93362063,-3.3036206,-2.3236206,-1.3036206,-1.0936207,-1.8136206,-2.4536207,-3.3836205,-2.0836205,-0.3136206,-1.3936206,-2.4736207,-2.8636205,-2.7936206,-3.3336205,-4.3836207,-4.8536205,-4.6536207,-4.2136207,-3.8636205,-3.0936205,-3.8336205,-3.4536207,-2.3436205,-0.7936206,0.18637939,1.1263794,1.9163795,3.3563795,4.3063793,3.7263794,4.2263794,5.5863795,5.0663795,4.966379,5.7763796,4.4163795,1.9863794,1.7363794,2.2463794,1.1663795,-1.0036206,-0.7236206,-0.3936206,0.026379395,0.21637939,-0.3036206
1.1663795,4.0763793,1.9363794,2.2063794,0.9763794,-0.4536206,0.21637939,0.9463794,1.2663794,-0.68362063,-0.9136206,-0.4336206,0.8663794,-0.9436206,0.7863794,-0.9836206,-2.5136206,-2.3536205,-1.8836206,-3.2736206,-2.8236206,-2.4436207,-2.8936205,-2.9336207,-3.0036206,-3.3936205,-4.8536205,-3.9636207,-4.4536204,-3.6436205,-2.5736206,-2.5136206,-2.8536205,-2.9036207,-2.6836207,-2.5036206,0.2563794,2.5963793,3.5863793,4.1163793,4.2963796,4.406379,4.4563794,4.676379,4.3563795,4.2863793,4.426379,4.2963796,3.0363793,1.1463794,-0.7136206,0.3163794,-0.013620606,-0.4136206,-0.7636206,-0.1336206,0.6763794,0.076379396
1.9963794,2.8263793,2.3663795,0.13637939,2.3263793,0.7763794,1.0563794,-0.053620607,0.3463794,-0.5736206,-0.1836206,-0.9636206,-1.7036206,-1.1036206,-1.7636206,-0.5136206,-0.013620606,-2.2436206,-3.1236205,-2.1736207,-2.1236205,-4.2136207,-5.1236205,-3.9136207,-2.6536207,-3.1736207,-3.7736206,-3.5536206,-2.9936206,-2.9236207,-2.1636207,-2.6336205,-2.4636207,-2.1036205,-3.2736206,-2.4536207,-0.5036206,0.4463794,2.1263795,3.6263795,4.446379,5.5163794,5.8263793,5.406379,4.9363794,4.6863794,4.6063795,4.3163795,3.8863795,2.6363795,0.9963794,-0.38362062,0.6063794,-0.20362061,-0.4936206,0.4663794,0.4963794,0.2063794
1.0563794,3.0163794,2.0363793,1.6963794,1.5963794,1.3063794,1.3863794,0.24637939,-0.8136206,-0.7636206,-2.3336205,-2.5736206,-1.4336206,-1.3936206,-1.0036206,-1.7836206,-1.1136206,-2.0136206,-1.7336206,-3.0336206,-3.8136206,-3.2536206,-3.0836205,-3.7036207,-4.0136204,-3.8636205,-3.5236206,-3.4136207,-3.1336205,-2.3736205,-2.2736206,-2.2336206,-2.0236206,-2.2536206,-2.0736206,-0.8736206,0.036379393,0.6263794,1.2563794,2.5363793,2.7763793,4.5963793,5.6263795,6.0963793,6.5463796,6.1663795,5.3663793,4.7763796,4.2463794,3.8363793,1.7763793,-0.3736206,0.1563794,0.2563794,0.6263794,1.5163794,0.7863794,-0.4136206
2.6863794,2.4263794,3.6163795,2.4563794,3.7163794,3.3163793,2.2763793,1.6963794,1.0363793,-0.14362061,-0.023620605,0.5363794,-0.3736206,-1.8436207,0.2063794,-0.6136206,-1.5836205,-1.2836206,-2.3536205,-2.0536206,-2.5636206,-3.2436206,-3.3936205,-6.1036205,-4.5236206,-4.9936204,-5.8336205,-5.0636206,-3.0636206,-2.4436207,-2.1636207,-1.4536206,-1.7336206,-1.7736206,-1.3436207,-0.8936206,-0.0036206055,0.8463794,1.3663794,2.5363793,5.0563793,5.4763794,4.5363793,4.8863792,4.676379,4.7663794,4.3663793,4.8163795,4.5263796,4.4563794,3.3263793,2.2663794,2.1963794,1.8663794,1.1363794,1.3263794,0.9263794,-1.1736206
6.3163795,4.446379,3.9463794,3.7663794,3.7063794,2.5063794,2.0863793,1.3263794,1.4863794,1.3763794,0.8863794,0.046379395,-1.4736207,-0.8736206,-1.0636206,-0.7136206,-0.093620606,-0.5336206,-2.0436206,-1.7636206,-1.7536206,-2.8336205,-3.0436206,-4.3136206,-1.7136207,-3.2436206,-4.2936206,-5.2936206,-3.8336205,-1.3436207,-0.6236206,-0.17362061,-0.4436206,-0.8136206,-0.6136206,-0.2536206,0.5263794,1.2563794,2.5763793,3.2063794,4.2363796,6.2963796,5.466379,5.676379,5.176379,4.8263793,5.8563795,7.176379,7.0663795,4.6063795,4.0063796,1.8763794,2.3463793,2.3463793,1.3363794,1.3463794,0.1263794,-0.6436206
6.9763794,7.196379,4.8863792,4.0163794,3.4763794,2.2863793,3.0663793,2.2363794,3.7063794,2.6563795,2.1763794,1.2663794,0.4963794,0.56637937,0.2863794,-0.3736206,-0.6236206,-0.6036206,-0.9636206,-0.8336206,-1.7836206,-2.8036206,-1.6336206,-2.2536206,-2.3236206,-4.4336205,-0.5536206,-2.8836205,-2.0536206,-0.4836206,-0.3736206,0.6063794,-0.2536206,-0.6636206,-0.14362061,0.3063794,0.18637939,1.7463794,2.5263793,3.8863795,4.8463793,5.2463794,5.5963793,5.156379,5.3463793,4.7063794,5.6263795,5.196379,7.5763793,5.0663795,4.216379,4.7063794,3.6463795,2.9763794,2.7663794,1.4863794,0.6063794,0.6563794
8.596379,6.2663794,7.676379,6.3163795,3.2663794,1.5863794,2.7463794,1.9463794,1.5363793,2.5263793,2.3563795,3.3963795,4.2863793,1.8063794,2.3663795,-0.29362062,0.2063794,-0.2736206,-0.8036206,-1.4136206,-2.3336205,-0.6536206,-1.5136206,-2.2636206,-1.5436206,-3.6336205,-1.7236207,-0.023620605,-2.6636207,0.13637939,0.6663794,-1.0736206,-0.9036206,-1.0036206,-0.8436206,-0.1936206,1.2363794,1.9263794,2.5663793,3.5363793,4.7063794,5.1263795,5.2263794,4.716379,4.0763793,6.8263793,6.2763796,6.9963794,9.086379,8.436379,3.9063795,3.7863793,3.4963794,3.2063794,2.0463793,2.5363793,0.1963794,-0.6136206
11.32638,2.4163795,3.7863793,4.8363795,6.8063793,5.1863794,3.7963793,3.0963793,1.5863794,1.6863794,1.1063794,2.4363794,1.9963794,2.2463794,0.5363794,1.8563794,-1.2536206,-1.8136206,-2.7936206,-2.7136207,-2.1436205,-2.5936205,-2.7236207,-1.8036206,-3.5536206,-4.303621,-2.2236207,-1.6336206,1.0763794,-0.3136206,-0.1936206,-1.6236206,-1.8336205,-1.6036206,-1.0336206,-0.2136206,0.1063794,1.8663794,2.5163794,2.9463794,3.3463793,4.2563796,4.446379,4.2963796,4.8063793,5.906379,4.5763793,4.2663794,4.426379,5.2563796,4.446379,3.5963793,3.0763793,2.5363793,1.2263794,0.2663794,-0.4636206,-0.4036206
12.32638,5.8663793,4.0363793,3.6063795,2.9163795,4.926379,3.4963794,4.5963793,3.0563793,2.7263794,2.2963793,1.3063794,1.0963794,0.4963794,1.1263794,1.0563794,0.6263794,-0.5736206,0.3863794,-0.5436206,-2.7336206,-2.2636206,-2.6736207,-3.5636206,-3.0036206,-2.0136206,-2.3936205,-1.9636207,-1.5736206,1.9463794,-0.0736206,-0.6336206,-1.4136206,-1.1236206,-0.7936206,-0.9536206,0.16637939,1.2563794,1.9063793,3.1463795,5.6063795,3.4263794,2.6263795,3.6763794,4.8463793,4.406379,5.1863794,5.426379,5.4963794,4.6863794,4.4763794,3.6263795,2.7463794,2.4663794,2.0063794,0.8463794,0.6763794,0.75637937
12.23638,10.74638,7.1463795,3.3963795,3.0763793,7.1063795,2.3863795,2.8263793,2.1363795,1.3263794,-0.7236206,1.5063794,1.9663794,2.2663794,4.1163793,2.9863794,-0.99362063,-2.5136206,-3.6036205,-1.6836206,-1.2336206,0.036379393,-1.7636206,-2.1136205,-1.0536206,-0.35362062,-1.7036206,-0.7736206,-2.7136207,-2.8636205,-2.1536207,-2.0136206,-1.6336206,-0.7736206,-1.2536206,-0.8836206,0.4063794,1.2163794,0.9263794,1.9063793,3.6263795,5.9163795,7.8063793,6.7663794,5.1363792,5.8563795,6.7363796,5.966379,5.3163795,4.2663794,3.9163795,3.3163793,2.8863795,1.9663794,1.7163794,0.36637938,-0.1936206,-0.08362061
11.296379,10.49638,9.186379,7.4863796,2.9263794,0.4163794,3.4663794,1.4463794,0.6663794,2.8363793,1.4063793,0.9663794,0.9063794,1.4063793,2.8863795,0.4163794,0.3363794,0.6963794,-0.9736206,-1.4536206,-3.2836206,-4.3836207,-4.073621,-3.0036206,-3.8336205,-3.4136207,-3.6236205,-3.3936205,-2.6436205,-2.3936205,-2.4236207,-1.9136206,0.8363794,0.7763794,0.4463794,1.1563793,1.8363794,0.8063794,1.4463794,7.4863796,6.4163795,7.7063794,10.94638,10.28638,8.936379,7.3663793,7.1363792,5.906379,4.6363792,4.1463795,3.5063794,3.1063795,2.0963793,1.1463794,0.3563794,0.1063794,-0.0036206055,-1.2736206
10.086379,9.016379,8.03638,6.4863796,4.6663795,3.2663794,1.9863794,0.086379394,2.2263794,3.8163793,4.8363795,2.0263793,0.7463794,0.3563794,-0.1536206,0.086379394,0.3363794,0.2663794,-2.0236206,-3.2336206,-4.2636204,-4.7636204,-2.9836206,-0.9836206,-2.2136207,-2.6536207,-1.7936206,-1.7436206,-0.9236206,-1.2236207,-1.8336205,-1.1536206,0.6263794,0.086379394,1.3663794,1.8463794,1.6063794,5.8763795,8.476379,7.1163793,8.096379,12.32638,14.516379,10.476379,7.696379,8.296379,8.15638,6.8963795,5.716379,4.1463795,3.7263794,2.7063794,0.7463794,0.7063794,-0.2336206,-1.6636206,-1.9536206,1.2363794
7.4563794,7.3063793,6.6463795,6.3063793,4.6063795,1.8763794,0.2963794,2.4063795,3.6063795,4.3663793,0.3463794,1.4963794,0.6763794,0.1563794,0.18637939,1.1463794,-0.0736206,-2.2636206,-2.0336206,-5.053621,-2.5936205,-2.1836207,-2.5536206,-2.8536205,-3.6536207,-3.0336206,-3.2936206,-2.5136206,-2.6336205,-3.7636206,-0.4736206,0.1063794,1.3663794,1.5463794,1.6163794,2.1563795,1.9163795,3.9163795,4.3863792,4.8763795,4.5163794,6.5863795,7.6663795,9.28638,7.0963793,9.426379,7.1363792,7.1163793,5.8463793,4.3163795,2.9463794,2.0063794,1.9063793,1.4463794,1.5463794,4.2063794,2.8163793,1.8563794
6.2763796,6.156379,5.3763795,3.6263795,3.5563793,5.6263795,0.6263794,3.7863793,1.3063794,-0.14362061,-3.1836207,0.116379395,0.9863794,-1.0136206,-2.3536205,-1.6836206,-2.2736206,-0.4636206,0.8463794,-3.3636205,4.3663793,-6.5436206,-5.7736206,1.7663794,-2.0436206,-4.0436206,-3.0236206,-2.9136207,-3.0136206,-1.6536206,0.9763794,1.1963794,1.6063794,2.2463794,3.7563794,3.2263794,4.3963795,5.6063795,5.8163795,4.8863792,6.8063793,10.77638,14.36638,7.216379,5.6163793,11.676379,12.836379,9.636379,7.6063795,4.0463796,3.8163793,3.2663794,3.1363795,3.4963794,2.9963794,4.3063793,3.3663795,1.2463794
5.5163794,5.2963796,4.2763796,2.7563794,2.8063793,2.4663794,0.3763794,0.4363794,-2.4736207,-3.0536206,0.026379395,-2.4036207,-1.5336206,-1.0736206,-2.6936207,-2.2736206,3.4663794,2.6763794,1.4863794,2.8863795,3.0563793,0.8263794,3.4363794,3.0463793,1.2863793,0.7463794,1.5363793,1.9163795,0.0063793943,0.2563794,1.2663794,1.8263794,3.0963793,3.8163793,3.6063795,5.8963795,6.906379,7.6163793,6.696379,7.5163794,7.6663795,12.896379,5.7563796,4.4763794,4.8163795,7.3963795,10.796379,5.4163795,5.2863793,3.7663794,3.6363795,2.3863795,4.0263796,3.6963794,1.2263794,4.0463796,1.6163794,0.6263794
4.1663795,3.7163794,1.9363794,0.5163794,1.3963794,-0.14362061,-0.1636206,0.116379395,-5.7436204,-6.1836205,-5.1436205,0.24637939,-3.2836206,0.5963794,2.3763795,2.3663795,1.7963794,0.3563794,0.0663794,2.9463794,4.466379,3.5763793,5.8463793,2.5963793,2.1963794,2.0363793,0.7263794,-0.8636206,-0.2136206,1.0363793,1.8863794,1.6863794,3.9163795,3.6663795,5.176379,5.7463794,8.336379,7.8863792,9.006379,8.666379,5.8863792,10.15638,6.196379,5.0263796,5.0963793,4.1663795,5.0563793,3.1363795,4.0963793,4.5863795,4.7863793,5.0863795,5.2463794,4.1263795,2.6263795,2.0363793,2.2663794,2.7663794
1.8963794,1.0463794,-0.6336206,-2.9036207,-0.2336206,-0.8936206,-1.1636206,-3.8436205,-0.3736206,0.2863794,2.9563794,2.6163795,3.5763793,1.6063794,0.9463794,-1.3836206,-0.8936206,-2.1836207,-2.2136207,-1.1136206,2.3863795,3.5463793,2.0363793,0.9963794,1.8663794,1.4863794,0.16637939,-0.6236206,-0.20362061,1.8363794,2.1863794,3.0863793,4.0263796,6.2863793,5.466379,7.696379,8.306379,8.69638,7.5263796,7.426379,5.6163793,9.49638,5.5163794,5.2663794,3.9763794,5.7563796,6.9963794,7.3963795,4.8463793,3.5163794,4.0263796,4.466379,4.1363792,1.7463794,1.5863794,1.0663794,1.0963794,1.0463794
-0.023620605,-1.3736206,-3.1236205,-5.5036206,-1.1336206,-0.8536206,1.9063793,1.7363794,0.9963794,1.7363794,2.4863794,1.2463794,1.7163794,0.5363794,-1.9436206,-2.5936205,-1.8436207,2.3463793,3.1963794,3.3663795,4.656379,2.9763794,4.9163795,-0.1036206,-1.5036206,-0.7636206,-0.4636206,-0.3736206,-0.3036206,1.1663795,2.1363795,3.2363794,3.9263794,6.4963794,8.216379,8.876379,8.016379,7.8363795,7.1363792,6.5863795,5.8263793,5.8363795,4.8563795,4.216379,4.6863794,5.2963796,4.5163794,3.5763793,2.7763793,2.6263795,2.4263794,2.5563793,1.6663795,0.6763794,-0.4936206,-0.4336206,-0.99362063,-1.5136206
-1.9036206,-3.1736207,-4.9736204,-8.073621,-3.1636207,0.4963794,-0.3136206,1.0363793,1.8563794,0.9663794,0.5563794,2.5463793,1.1463794,2.2463794,1.5563794,1.9263794,1.5663794,0.4663794,-1.0136206,1.8163794,3.7163794,1.0963794,1.2863793,1.4863794,1.8663794,-0.68362063,-1.9936206,0.5763794,0.8363794,0.6763794,2.3563795,3.8963795,5.7263794,6.5563793,7.1463795,7.2663794,6.8063793,5.6663795,5.216379,4.8163795,5.216379,5.9563794,4.3063793,4.4163795,4.0163794,3.3763795,3.0263793,2.6163795,2.8463793,2.5963793,1.2663794,0.6263794,-0.5236206,-0.5836206,-1.0236206,-2.0136206,-2.2636206,-2.4536207
-3.4536207,-4.9736204,-6.3736205,-7.6336207,-6.6536207,-0.8336206,1.4263794,-0.68362063,1.5663794,1.2363794,0.56637937,1.8663794,1.9463794,2.8963795,1.2963794,2.3463793,2.9063795,1.0863794,-1.3036206,2.9963794,-1.4936206,0.4163794,-1.6136206,1.0863794,-4.8936205,-7.533621,-4.8636208,-2.2636206,-0.4536206,0.8263794,2.3963795,4.5663795,5.4963794,6.2963796,6.5263796,6.1863794,5.0163794,3.4863794,3.2063794,3.8863795,4.6263795,4.2263794,2.4863794,1.9063793,3.3963795,2.3063793,2.2363794,1.8063794,3.1763794,1.6263794,1.1163794,1.1163794,0.5963794,-0.9036206,-3.3136206,-3.3236206,-2.9336207,-3.0036206
