wind-weather/data/weather/current/current-temp-isobaric-1000hPa-gfs-1.0.json
{"header": {"discipline":0,"disciplineName":"Meteorologicalproducts","gribEdition":2,"gribLength":41694,"center":7,"centerName":"USNationalWeatherService-NCEP(WMC)","subcenter":0,"refTime":"2017-11-24T12:00:00.000Z","significanceOfRT":0,"significanceOfRTName":"Analysis","productStatus":0,"productStatusName":"Operationalproducts","productType":0,"productTypeName":"Analysisproducts","productDefinitionTemplate":0,"productDefinitionTemplateName":"Analysis/forecastathorizontallevel/layeratapointintime","parameterCategory":0,"parameterCategoryName":"Temperature","parameterNumber":0,"parameterNumberName":"Temperature","parameterUnit":"K","genProcessType":0,"genProcessTypeName":"Analysis","forecastTime":0,"surface1Type":100,"surface1TypeName":"Isobaricsurface","surface1Value":100000.0,"surface2Type":255,"surface2TypeName":"Missing","surface2Value":0.0,"gridDefinitionTemplate":0,"gridDefinitionTemplateName":"Latitude_Longitude","numberPoints":65160,"shape":6,"shapeName":"Earthsphericalwithradiusof6,371,229.0m","gridUnits":"degrees","resolution":48,"winds":"true","scanMode":0,"nx":360,"ny":181,"basicAngle":0,"lo1":0.0,"la1":90.0,"lo2":359.0,"la2":-90.0,"dx":1.0,"dy":1.0}, "data":
[rows 26 to 51 of 181, columns 240 to 299 of 360]
251.10538,252.60538,254.00537,253.50537,252.40536,251.70537,251.60538,251.90536,252.00537,252.40536,251.30537,251.40536,251.80537,251.60538,251.20537,251.70537,251.80537,251.30537,251.70537,253.10538,254.20537,256.30536,259.50537,260.80536,258.50537,257.50537,257.10538,257.80536,258.50537,259.40536,261.40536,263.90536,265.40536,262.90536,260.00537,260.30536,261.40536,262.50537,262.30536,265.30536,268.30536,268.70538,268.50537,267.70538,267.60538,268.00537,266.80536,264.30536,262.70538,262.80536,262.40536,262.20538,263.20538,264.60538,265.20538,264.70538,266.50537,268.90536,269.60538,270.20538
252.90536,253.70537,255.80537,255.00537,253.80537,253.30537,253.10538,252.90536,252.20537,251.80537,251.30537,250.40536,251.00537,250.50537,250.50537,250.10538,249.90536,250.50537,253.10538,255.20537,253.20537,254.60538,255.90536,257.80536,257.90536,257.40536,257.50537,257.90536,259.80536,263.00537,266.40536,266.90536,268.40536,268.80536,268.30536,267.60538,267.00537,266.30536,267.40536,267.80536,267.60538,267.50537,267.20538,267.60538,267.40536,268.30536,268.90536,268.20538,267.60538,264.40536,263.50537,264.40536,265.70538,266.80536,265.70538,264.70538,267.40536,269.20538,270.00537,270.50537
258.80536,259.30536,257.10538,256.80536,255.90536,259.40536,260.80536,258.60538,258.10538,252.20537,250.00537,249.70537,249.50537,249.10538,249.10538,248.50537,248.70537,249.40536,250.40536,252.20537,253.00537,253.70537,253.70537,254.80537,256.10538,257.10538,257.40536,259.30536,264.90536,267.20538,267.60538,268.00537,268.00537,268.50537,268.80536,268.60538,268.80536,268.30536,268.50537,268.10538,264.80536,265.80536,259.60538,259.90536,260.60538,261.50537,261.90536,265.30536,268.00537,267.90536,268.10538,267.90536,267.50537,267.40536,267.90536,268.40536,269.10538,270.10538,270.60538,271.80536
255.80537,256.20538,258.90536,259.60538,262.80536,266.10538,260.50537,254.00537,254.10538,253.80537,253.10538,252.30537,251.10538,250.70537,250.00537,249.20537,249.00537,248.90536,249.50537,250.20537,250.50537,251.50537,251.90536,252.50537,253.70537,254.50537,256.90536,261.50537,263.20538,264.70538,266.20538,267.00537,267.50537,268.10538,268.40536,268.50537,268.70538,269.00537,268.70538,268.40536,268.10538,266.50537,261.30536,258.30536,258.60538,259.70538,261.60538,261.90536,260.40536,261.40536,264.40536,266.50537,267.80536,268.00537,268.60538,269.10538,269.70538,270.50537,271.70538,274.20538
258.70538,259.20538,260.00537,261.70538,261.40536,263.00537,259.70538,256.00537,255.10538,255.10538,255.10538,255.50537,254.00537,253.40536,253.20537,251.80537,251.50537,250.50537,252.80537,249.40536,249.70537,249.80537,249.90536,249.20537,249.40536,249.30537,258.10538,262.30536,263.70538,264.30536,265.40536,266.30536,267.00537,267.50537,267.80536,267.90536,268.30536,268.50537,268.70538,268.50537,268.20538,267.90536,264.60538,257.90536,258.40536,259.50537,259.70538,259.80536,259.50537,259.00537,259.00537,265.60538,267.30536,267.60538,268.10538,267.30536,268.40536,271.40536,272.70538,274.00537
259.50537,259.70538,259.20538,259.60538,263.40536,263.50537,261.80536,258.30536,256.60538,256.70538,259.60538,262.40536,259.10538,257.30536,256.80536,256.20538,255.30537,255.10538,254.10538,253.40536,252.20537,252.20537,252.00537,251.20537,250.70537,249.90536,257.00537,261.40536,262.70538,263.50537,264.00537,264.90536,265.60538,266.30536,266.90536,267.20538,267.20538,267.40536,267.60538,267.90536,268.20538,268.10538,263.50537,260.00537,259.00537,258.70538,259.80536,259.40536,259.30536,259.00537,259.30536,262.90536,266.90536,267.40536,266.20538,263.10538,264.70538,270.20538,272.30536,273.30536
264.60538,265.50537,263.60538,260.90536,262.10538,260.30536,260.10538,261.50537,261.00537,258.80536,259.60538,261.40536,260.90536,258.90536,258.40536,257.70538,257.20538,257.30536,257.40536,256.40536,256.60538,257.00537,256.90536,255.70537,254.40536,253.30537,252.90536,254.60538,261.50537,262.40536,262.60538,263.10538,263.70538,264.20538,264.60538,265.20538,265.80536,266.10538,266.50537,267.00537,267.60538,268.30536,268.40536,263.10538,258.90536,259.40536,259.30536,259.90536,259.70538,259.10538,259.40536,259.70538,259.40536,260.30536,261.60538,262.60538,263.50537,265.30536,268.70538,271.30536
268.30536,268.70538,267.20538,264.20538,266.50537,266.30536,264.90536,265.20538,264.10538,261.80536,261.30536,261.30536,262.20538,262.90536,262.00537,260.50537,258.30536,258.80536,259.20538,258.60538,259.10538,259.20538,258.40536,257.90536,257.60538,256.80536,256.00537,257.00537,257.40536,256.40536,256.80536,258.10538,261.10538,262.80536,263.50537,264.00537,264.30536,264.90536,265.60538,266.30536,266.90536,267.70538,268.10538,268.60538,263.50537,260.10538,260.60538,260.70538,260.20538,259.50537,259.70538,259.90536,259.40536,259.30536,259.80536,260.50537,261.10538,262.50537,264.90536,269.40536
273.40536,274.30536,273.70538,271.80536,272.20538,270.30536,269.50537,268.10538,267.20538,267.10538,265.30536,265.30536,264.50537,263.20538,263.70538,264.70538,262.50537,260.30536,260.50537,260.30536,260.20538,260.00537,259.70538,259.50537,259.20538,258.90536,259.00537,259.40536,259.30536,259.10538,258.50537,257.80536,257.50537,258.00537,259.60538,261.40536,261.60538,261.90536,262.80536,264.20538,265.60538,267.00537,268.00537,268.60538,266.00537,263.80536,262.50537,261.90536,260.90536,260.50537,261.90536,261.60538,261.50537,261.20538,260.00537,260.30536,260.00537,261.30536,263.70538,267.00537
279.20538,278.30536,277.00537,277.30536,278.20538,278.50537,276.90536,274.50537,270.70538,269.20538,269.50537,268.60538,267.10538,267.20538,267.00537,266.60538,266.20538,266.90536,264.30536,263.30536,262.80536,262.20538,262.10538,261.60538,261.70538,262.00537,261.90536,261.70538,261.40536,261.10538,260.80536,260.20538,259.60538,258.60538,258.10538,258.00537,256.50537,255.20537,258.70538,263.20538,265.60538,267.30536,264.60538,265.00537,264.80536,262.90536,263.80536,264.10538,261.70538,262.60538,262.00537,262.30536,262.80536,262.90536,263.70538,261.20538,261.10538,262.20538,263.50537,265.10538
280.30536,280.00537,280.20538,281.00537,281.20538,279.80536,279.20538,278.80536,277.40536,275.80536,276.60538,273.80536,271.70538,270.00537,269.20538,269.30536,269.70538,270.50537,270.60538,271.10538,269.50537,267.50537,266.30536,265.50537,265.40536,265.30536,265.00537,264.70538,264.50537,263.90536,263.40536,262.50537,261.80536,261.20538,260.60538,259.70538,258.80536,257.00537,261.20538,264.30536,266.00537,265.50537,264.50537,264.20538,263.90536,263.40536,263.90536,263.00537,262.90536,263.80536,263.30536,262.70538,264.00537,262.50537,264.10538,265.00537,263.00537,262.20538,264.20538,265.90536
279.80536,278.50537,280.10538,279.80536,281.30536,280.10538,280.50537,279.40536,279.10538,278.70538,277.80536,277.10538,277.90536,277.00537,274.80536,274.80536,274.70538,275.20538,275.20538,275.10538,272.60538,270.80536,270.00537,269.90536,270.10538,270.00537,269.50537,268.80536,267.60538,267.00537,265.60538,264.50537,263.50537,263.00537,262.40536,261.90536,261.10538,260.40536,259.90536,261.40536,264.70538,264.90536,260.40536,259.40536,260.60538,262.10538,262.50537,264.10538,264.80536,264.30536,264.20538,263.10538,263.40536,264.20538,266.00537,265.80536,265.40536,264.80536,264.80536,265.40536
279.20538,278.00537,277.50537,279.70538,281.00537,284.70538,282.40536,281.20538,279.90536,279.40536,279.10538,278.80536,278.40536,276.80536,276.60538,276.50537,276.00537,276.30536,275.80536,276.40536,276.30536,273.10538,271.60538,270.80536,273.70538,275.10538,274.70538,274.00537,272.70538,270.90536,269.80536,267.60538,266.00537,264.70538,264.10538,263.00537,262.20538,261.80536,261.40536,261.50537,264.10538,262.00537,258.30536,259.00537,259.40536,260.30536,260.80536,261.10538,262.10538,262.60538,262.80536,262.80536,263.10538,264.60538,266.90536,267.50537,266.80536,265.90536,266.30536,266.00537
278.30536,278.90536,277.70538,279.00537,278.20538,283.00537,282.90536,281.20538,280.90536,280.30536,280.20538,279.80536,279.30536,279.70538,278.40536,277.60538,278.00537,279.10538,277.70538,277.20538,278.10538,277.50537,275.80536,274.60538,274.80536,276.00537,276.40536,276.50537,276.30536,276.10538,276.00537,274.90536,271.00537,267.40536,266.00537,265.30536,264.70538,263.90536,262.80536,262.90536,262.90536,261.90536,260.60538,259.50537,258.30536,258.80536,260.60538,264.30536,263.00537,262.50537,262.90536,263.20538,263.70538,265.30536,267.90536,268.40536,267.20538,266.70538,267.10538,267.20538
280.80536,279.00537,280.80536,278.90536,279.00537,278.70538,282.90536,283.50537,283.10538,281.40536,280.90536,280.20538,280.10538,279.90536,280.10538,280.30536,279.00537,278.90536,280.20538,278.80536,278.00537,277.70538,277.00537,276.60538,276.80536,277.80536,278.60538,279.30536,280.00537,280.30536,279.60538,277.10538,277.40536,277.30536,274.70538,271.10538,268.30536,266.30536,265.30536,264.70538,263.70538,263.20538,263.00537,261.50537,259.90536,259.20538,259.30536,260.90536,262.20538,263.30536,263.70538,264.30536,265.10538,268.00537,270.70538,272.50537,271.70538,271.70538,271.90536,271.80536
280.50537,279.50537,277.70538,278.30536,278.90536,279.40536,281.00537,283.70538,284.60538,284.50537,284.40536,283.40536,283.80536,283.10538,283.90536,282.90536,281.80536,280.40536,280.30536,279.40536,280.00537,279.20538,279.10538,277.50537,277.90536,279.20538,280.30536,281.10538,281.00537,281.20538,281.00537,278.50537,277.10538,278.80536,279.30536,278.90536,277.80536,274.60538,271.30536,267.90536,266.20538,265.00537,264.20538,263.70538,262.60538,261.30536,261.60538,262.50537,262.40536,263.60538,264.20538,265.50537,268.80536,270.90536,270.10538,268.70538,270.40536,271.70538,272.30536,272.50537
280.70538,280.10538,278.50537,278.30536,278.10538,278.20538,281.70538,282.20538,285.30536,286.00537,286.10538,286.30536,287.00537,286.70538,285.70538,285.50537,285.00537,284.30536,284.60538,284.60538,282.50537,282.20538,282.30536,281.10538,280.90536,282.10538,281.90536,281.40536,281.70538,282.90536,282.20538,280.90536,281.30536,280.90536,281.10538,278.90536,278.90536,277.80536,276.40536,273.10538,268.60538,267.60538,266.60538,266.40536,266.00537,265.20538,265.30536,265.20538,265.30536,266.40536,267.60538,269.00537,270.30536,269.60538,271.20538,271.10538,271.70538,272.60538,273.70538,274.10538
280.80536,279.90536,280.80536,280.40536,281.20538,282.50537,283.10538,282.30536,284.90536,284.10538,286.00537,286.30536,287.50537,287.80536,288.20538,289.00537,289.60538,290.10538,289.90536,289.50537,287.70538,287.30536,286.80536,285.50537,283.50537,283.20538,281.90536,281.50537,281.10538,281.00537,282.50537,282.40536,282.60538,282.20538,280.50537,280.00537,277.70538,277.00537,277.40536,275.50537,273.80536,272.00537,271.00537,269.30536,268.50537,267.80536,268.50537,268.50537,268.60538,271.50537,272.00537,271.30536,270.50537,270.10538,271.20538,270.90536,272.60538,273.70538,274.70538,274.90536
281.60538,282.10538,281.30536,282.70538,283.60538,282.30536,283.50537,284.10538,285.90536,284.50537,287.00537,287.50537,289.10538,289.60538,290.10538,289.80536,290.20538,290.40536,290.70538,290.00537,287.50537,288.00537,284.60538,286.50537,284.00537,282.90536,281.00537,279.50537,279.20538,279.60538,279.80536,280.20538,279.40536,278.80536,280.50537,280.10538,278.80536,278.00537,278.20538,278.40536,276.50537,274.90536,273.40536,272.10538,271.60538,271.20538,273.10538,272.60538,272.90536,274.00537,273.70538,272.20538,270.20538,270.70538,270.70538,270.40536,272.60538,274.10538,274.40536,273.30536
281.60538,282.10538,283.40536,285.30536,286.50537,287.60538,288.70538,289.60538,288.70538,289.60538,291.00537,289.40536,289.50537,291.30536,291.40536,290.20538,291.60538,290.90536,289.90536,290.50537,290.30536,289.80536,286.50537,287.00537,286.60538,284.40536,282.90536,282.20538,281.00537,279.60538,279.30536,279.00537,279.00537,281.50537,282.10538,279.10538,278.20538,278.60538,280.10538,278.60538,277.80536,273.50537,273.30536,272.70538,272.20538,272.40536,274.10538,274.50537,272.10538,272.00537,271.40536,270.10538,271.80536,274.30536,275.80536,275.50537,273.40536,272.40536,274.20538,275.50537
283.40536,283.70538,287.40536,288.20538,288.30536,289.20538,290.70538,290.50537,289.70538,290.60538,291.00537,293.60538,290.20538,292.90536,292.90536,295.20538,293.10538,295.90536,292.30536,289.80536,289.00537,287.10538,286.50537,286.20538,284.90536,285.70538,284.10538,283.80536,284.00537,281.10538,280.60538,279.80536,280.50537,281.50537,278.70538,277.30536,275.10538,275.90536,279.40536,274.90536,275.10538,275.20538,276.80536,276.40536,275.80536,274.60538,275.10538,271.20538,272.20538,272.50537,271.90536,275.10538,277.20538,277.90536,276.60538,273.40536,277.40536,278.00537,278.40536,278.50537
286.80536,287.90536,289.00537,289.80536,290.40536,290.10538,289.60538,290.30536,289.20538,289.20538,290.10538,295.20538,293.40536,293.40536,293.00537,294.90536,295.90536,294.70538,294.00537,293.90536,292.50537,289.70538,287.20538,286.10538,284.50537,286.00537,285.80536,284.90536,282.90536,281.60538,280.80536,279.80536,279.60538,281.30536,278.10538,275.40536,275.00537,274.60538,274.90536,275.30536,276.20538,277.10538,273.90536,273.60538,274.30536,273.20538,272.70538,272.40536,273.10538,273.20538,276.70538,278.40536,278.90536,279.10538,279.10538,279.20538,279.20538,279.50537,279.90536,280.20538
289.50537,291.00537,290.20538,290.50537,289.80536,289.70538,291.20538,292.60538,291.70538,291.40536,290.90536,289.30536,291.50537,291.50537,292.40536,297.50537,295.50537,296.20538,295.80536,295.50537,293.10538,290.60538,289.40536,287.10538,285.90536,287.70538,286.50537,285.30536,283.90536,282.40536,280.20538,278.90536,278.40536,279.80536,275.80536,275.70538,274.60538,277.40536,279.40536,278.40536,274.00537,273.80536,273.80536,273.50537,272.70538,273.00537,273.20538,273.10538,273.10538,273.70538,276.60538,278.40536,279.30536,279.40536,279.60538,280.40536,281.30536,281.90536,282.10538,282.60538
289.00537,290.50537,291.80536,292.20538,291.20538,291.20538,294.10538,294.50537,294.40536,293.00537,293.90536,291.20538,290.20538,290.90536,293.30536,297.40536,297.50537,298.80536,297.80536,294.90536,293.20538,291.30536,289.30536,288.00537,288.00537,287.30536,286.40536,286.30536,284.30536,282.70538,279.90536,278.70538,277.00537,275.90536,275.30536,275.40536,275.10538,274.90536,274.10538,273.90536,273.20538,273.20538,273.40536,272.90536,272.90536,273.40536,274.50537,275.40536,277.00537,278.40536,278.80536,278.60538,279.40536,280.00537,280.60538,281.90536,283.20538,284.60538,285.20538,285.30536
290.20538,293.10538,293.90536,293.70538,294.50537,293.50537,295.60538,294.90536,295.10538,293.00537,292.50537,293.40536,291.20538,292.60538,289.90536,298.80536,298.40536,297.20538,295.70538,293.80536,292.70538,290.70538,288.60538,288.50537,288.80536,287.00537,286.10538,283.80536,283.80536,281.30536,279.30536,277.90536,276.20538,275.40536,275.60538,275.50537,275.10538,275.60538,273.90536,273.90536,273.80536,275.60538,274.10538,273.80536,273.00537,275.60538,274.70538,278.10538,279.20538,280.30536,280.70538,281.20538,281.80536,282.60538,283.50537,284.40536,285.60538,286.90536,287.30536,287.90536
290.20538,293.40536,297.20538,296.90536,296.70538,296.10538,295.60538,293.90536,296.60538,295.70538,295.40536,292.80536,291.30536,291.80536,292.30536,295.60538,300.30536,297.80536,295.60538,294.20538,292.70538,290.20538,288.40536,287.60538,287.70538,286.00537,284.60538,284.20538,282.30536,280.60538,279.50537,277.40536,275.60538,275.30536,275.00537,275.10538,275.10538,275.00537,274.40536,275.00537,277.80536,277.70538,274.70538,274.80536,276.40536,276.00537,277.20538,279.00537,280.60538,281.70538,282.20538,283.20538,284.50537,285.10538,285.50537,286.00537,286.80536,287.80536,288.60538,289.10538
