wind-weather/data/weather/current/current-temp-isobaric-1000hPa-gfs-1.0.json
{"header": {"discipline":0,"disciplineName":"Meteorologicalproducts","gribEdition":2,"gribLength":41694,"center":7,"centerName":"USNationalWeatherService-NCEP(WMC)","subcenter":0,"refTime":"2017-11-24T12:00:00.000Z","significanceOfRT":0,"significanceOfRTName":"Analysis","productStatus":0,"productStatusName":"Operationalproducts","productType":0,"productTypeName":"Analysisproducts","productDefinitionTemplate":0,"productDefinitionTemplateName":"Analysis/forecastathorizontallevel/layeratapointintime","parameterCategory":0,"parameterCategoryName":"Temperature","parameterNumber":0,"parameterNumberName":"Temperature","parameterUnit":"K","genProcessType":0,"genProcessTypeName":"Analysis","forecastTime":0,"surface1Type":100,"surface1TypeName":"Isobaricsurface","surface1Value":100000.0,"surface2Type":255,"surface2TypeName":"Missing","surface2Value":0.0,"gridDefinitionTemplate":0,"gridDefinitionTemplateName":"Latitude_Longitude","numberPoints":65160,"shape":6,"shapeName":"Earthsphericalwithradiusof6,371,229.0m","gridUnits":"degrees","resolution":48,"winds":"true","scanMode":0,"nx":360,"ny":181,"basicAngle":0,"lo1":0.0,"la1":90.0,"lo2":359.0,"la2":-90.0,"dx":1.0,"dy":1.0}, "data":
[rows 104 to 129 of 181, columns 300 to 359 of 360]
300.40536,301.60538,301.30536,301.50537,300.40536,301.20538,300.70538,300.60538,299.80536,298.40536,300.70538,299.00537,300.10538,301.40536,303.10538,301.00537,300.40536,302.40536,299.00537,300.50537,299.80536,297.10538,297.70538,297.60538,297.60538,297.60538,297.50537,297.30536,297.10538,296.80536,296.80536,296.70538,296.40536,296.10538,295.90536,295.80536,295.70538,295.60538,295.40536,295.50537,295.40536,295.30536,295.10538,294.70538,294.50537,294.20538,294.00537,293.80536,293.60538,293.30536,293.00537,292.80536,292.30536,292.20538,292.00537,291.80536,291.70538,291.50537,291.30536,290.80536
301.60538,301.90536,302.10538,301.30536,300.10538,300.70538,301.30536,300.70538,300.40536,298.20538,299.90536,300.40536,300.80536,301.30536,301.60538,301.10538,299.10538,300.40536,299.90536,300.20538,299.00537,297.80536,297.80536,297.70538,297.60538,297.60538,297.30536,297.10538,296.80536,296.70538,296.50537,296.40536,296.10538,295.90536,295.70538,295.70538,295.60538,295.60538,295.70538,295.70538,295.40536,294.90536,294.70538,294.40536,294.00537,293.80536,293.70538,293.40536,293.20538,293.00537,292.80536,292.50537,292.40536,292.10538,291.80536,291.70538,291.60538,291.40536,291.00537,290.80536
301.60538,303.10538,301.60538,303.60538,301.80536,302.50537,302.60538,300.90536,300.90536,299.60538,300.00537,301.00537,300.60538,301.90536,300.90536,300.90536,298.20538,298.70538,299.70538,298.40536,299.60538,298.60538,297.80536,297.80536,297.80536,297.60538,297.40536,296.90536,296.70538,296.40536,296.30536,296.10538,296.00537,295.90536,295.70538,295.70538,295.70538,295.80536,295.50537,295.30536,295.00537,294.60538,294.30536,294.20538,293.70538,293.60538,293.30536,293.10538,292.90536,293.00537,292.80536,292.50537,292.40536,292.00537,291.30536,291.70538,291.40536,291.30536,291.00537,290.60538
302.50537,301.50537,303.20538,303.80536,303.60538,302.30536,302.20538,301.40536,302.00537,301.40536,301.70538,302.30536,301.90536,300.40536,300.20538,300.20538,300.10538,297.10538,299.40536,299.30536,299.70538,297.70538,297.60538,297.60538,297.80536,297.70538,297.20538,296.80536,296.40536,296.00537,295.90536,296.00537,296.00537,295.90536,295.80536,295.80536,295.20538,295.00537,295.20538,295.00537,294.50537,294.10538,294.20538,293.80536,293.60538,293.30536,293.10538,293.10538,293.00537,292.80536,292.40536,292.30536,292.10538,292.10538,291.80536,291.40536,291.30536,291.00537,290.90536,290.80536
301.70538,303.50537,304.60538,304.10538,303.60538,303.10538,302.70538,302.40536,303.00537,302.60538,301.90536,301.40536,301.80536,300.00537,297.70538,298.70538,299.50537,295.60538,294.90536,298.00537,299.20538,297.70538,297.50537,297.50537,297.50537,297.50537,297.10538,296.50537,296.00537,295.80536,295.90536,295.60538,295.70538,295.80536,295.80536,295.40536,295.30536,295.10538,294.70538,294.30536,294.10538,294.00537,294.00537,293.60538,293.30536,293.20538,293.20538,293.00537,292.70538,292.50537,292.30536,292.00537,291.90536,291.90536,291.80536,291.40536,291.20538,290.90536,290.70538,290.50537
302.90536,303.60538,304.00537,303.50537,303.80536,303.10538,303.40536,303.30536,302.60538,302.80536,302.30536,302.20538,302.10538,300.50537,297.90536,298.40536,297.80536,295.70538,294.90536,294.60538,297.40536,297.50537,297.60538,297.40536,297.30536,297.20538,296.90536,296.30536,295.70538,295.60538,295.70538,295.50537,295.60538,295.40536,295.20538,295.20538,294.90536,294.50537,294.20538,294.10538,294.10538,294.00537,293.80536,293.50537,293.30536,293.20538,293.00537,292.70538,292.60538,292.50537,292.30536,292.10538,291.80536,291.50537,291.50537,291.20538,291.10538,290.90536,290.60538,290.60538
301.50537,303.50537,303.00537,301.70538,304.10538,303.70538,303.30536,304.00537,303.40536,302.90536,302.40536,302.00537,301.70538,300.90536,296.90536,298.00537,298.50537,294.80536,295.20538,295.20538,294.70538,296.60538,297.10538,297.30536,297.20538,297.10538,296.70538,296.10538,295.60538,295.50537,295.60538,295.50537,295.40536,295.40536,295.40536,295.00537,294.50537,294.10538,293.90536,293.90536,293.90536,293.80536,293.70538,293.60538,293.10538,292.90536,292.70538,292.80536,292.60538,292.40536,292.10538,292.00537,291.80536,291.40536,291.40536,291.10538,291.10538,290.80536,290.70538,290.40536
301.80536,302.80536,303.50537,304.40536,302.60538,303.30536,302.90536,302.60538,302.30536,301.50537,301.40536,301.00537,300.10538,298.60538,296.20538,298.40536,296.70538,296.30536,296.70538,293.60538,294.30536,294.60538,294.80536,296.50537,296.90536,296.90536,296.50537,296.10538,295.50537,295.20538,295.40536,295.30536,295.30536,295.40536,295.40536,294.80536,294.10538,293.80536,293.80536,293.80536,293.90536,293.70538,293.70538,293.50537,293.00537,292.70538,292.70538,292.80536,292.60538,292.40536,292.00537,291.60538,291.60538,291.30536,291.10538,291.10538,291.00537,290.70538,290.70538,290.30536
303.20538,302.80536,303.30536,303.00537,303.30536,301.40536,302.30536,301.50537,301.10538,300.40536,299.80536,299.30536,299.00537,299.80536,295.50537,297.60538,296.30536,295.20538,295.60538,294.00537,293.70538,293.80536,293.80536,294.40536,295.60538,296.40536,296.30536,296.00537,295.50537,295.10538,295.20538,295.30536,295.30536,295.20538,295.10538,294.50537,294.00537,293.70538,293.90536,294.00537,293.90536,293.80536,293.50537,293.40536,293.20538,292.80536,292.80536,292.90536,292.70538,292.30536,291.90536,291.70538,291.50537,291.30536,291.10538,290.80536,290.60538,290.60538,290.30536,290.20538
302.90536,303.00537,302.70538,302.10538,302.50537,300.50537,300.20538,300.10538,300.40536,299.20538,299.60538,300.00537,298.30536,299.30536,299.80536,299.40536,296.30536,293.80536,293.20538,293.80536,294.00537,294.20538,294.20538,294.30536,294.80536,295.40536,296.10538,295.90536,295.50537,295.00537,295.00537,295.10538,294.90536,295.00537,294.70538,294.40536,293.90536,293.70538,293.80536,293.90536,293.90536,293.70538,293.50537,293.20538,293.10538,292.70538,292.70538,292.80536,292.50537,292.20538,291.70538,291.50537,291.20538,290.90536,290.70538,290.40536,290.40536,290.30536,290.00537,290.00537
302.50537,301.60538,299.90536,301.30536,300.60538,298.40536,299.10538,300.60538,300.40536,299.80536,298.50537,299.70538,298.00537,297.40536,294.40536,293.30536,293.50537,293.40536,293.70538,293.90536,293.80536,294.10538,294.30536,294.30536,294.40536,294.80536,296.00537,295.70538,295.50537,295.00537,294.80536,294.90536,294.80536,295.10538,294.70538,294.20538,293.80536,293.60538,293.70538,293.80536,293.80536,293.80536,293.50537,293.10538,293.00537,292.70538,292.60538,292.50537,292.40536,292.10538,291.70538,291.40536,290.70538,290.40536,290.50537,290.00537,290.00537,289.90536,289.90536,289.80536
302.20538,300.30536,298.20538,297.90536,298.60538,299.00537,300.10538,299.60538,301.10538,300.10538,299.90536,298.50537,295.20538,292.80536,293.70538,293.60538,293.80536,293.80536,293.40536,293.10538,293.10538,293.40536,293.90536,293.90536,293.90536,294.50537,294.80536,296.30536,295.20538,295.00537,294.60538,294.70538,294.70538,294.90536,294.60538,294.10538,293.70538,293.50537,293.60538,293.50537,293.60538,293.80536,293.20538,292.80536,292.70538,292.50537,292.50537,292.40536,292.20538,291.90536,291.40536,291.20538,290.70538,290.30536,290.10538,289.90536,289.90536,290.00537,290.00537,289.90536
300.30536,299.10538,298.10538,297.90536,297.80536,297.20538,299.50537,297.40536,299.50537,297.60538,297.70538,297.60538,292.50537,293.50537,293.70538,293.90536,293.80536,293.40536,293.10538,292.80536,292.70538,292.70538,292.70538,292.90536,293.30536,293.70538,294.10538,294.50537,295.20538,294.80536,294.80536,294.60538,294.50537,294.60538,294.50537,294.00537,293.70538,293.50537,293.40536,293.40536,293.40536,293.40536,293.00537,292.80536,292.60538,292.40536,292.30536,292.20538,291.90536,291.60538,291.20538,290.70538,290.30536,290.00537,290.00537,289.60538,290.00537,290.10538,290.10538,289.90536
299.20538,298.20538,297.50537,297.10538,298.40536,298.60538,299.10538,298.20538,300.70538,299.10538,296.90536,295.90536,292.80536,293.60538,293.90536,293.80536,293.40536,293.00537,292.80536,292.60538,292.40536,292.00537,291.70538,291.80536,292.10538,292.90536,293.60538,293.80536,293.90536,293.20538,294.40536,294.40536,294.40536,294.20538,294.30536,294.10538,293.60538,293.40536,293.30536,293.10538,293.10538,293.40536,293.20538,292.70538,292.30536,292.10538,292.00537,291.80536,291.40536,291.10538,290.80536,290.30536,290.00537,290.10538,289.90536,290.00537,290.10538,290.20538,290.10538,289.70538
299.40536,298.10538,297.70538,298.20538,298.30536,297.80536,298.50537,298.10538,296.50537,297.60538,297.60538,299.40536,293.00537,293.70538,294.10538,293.70538,293.20538,292.70538,292.30536,292.10538,291.90536,291.40536,291.30536,291.50537,291.50537,291.60538,292.30536,292.90536,292.90536,293.00537,292.80536,293.10538,294.20538,293.80536,293.90536,294.30536,293.80536,293.30536,293.30536,293.00537,292.90536,293.30536,293.20538,292.80536,292.30536,292.10538,291.90536,291.50537,291.10538,290.60538,290.60538,290.40536,290.10538,290.00537,290.00537,289.90536,290.10538,290.00537,289.70538,289.50537
296.10538,296.30536,296.60538,296.40536,296.70538,297.50537,298.10538,298.10538,297.50537,297.40536,298.90536,293.70538,293.70538,294.00537,294.00537,293.50537,293.00537,292.50537,292.00537,291.60538,291.40536,290.90536,290.90536,291.00537,291.00537,290.90536,291.30536,291.80536,292.00537,292.00537,292.30536,292.40536,292.00537,293.60538,293.60538,293.70538,293.90536,293.30536,293.20538,292.90536,292.70538,292.70538,292.90536,292.60538,292.10538,291.80536,291.50537,291.20538,290.70538,290.40536,290.30536,290.30536,290.10538,289.80536,289.70538,289.90536,290.10538,290.10538,289.80536,289.30536
291.50537,292.20538,293.00537,296.10538,296.10538,294.70538,294.70538,295.00537,295.00537,296.60538,296.40536,293.50537,294.20538,294.20538,294.10538,293.50537,292.90536,292.40536,291.70538,291.20538,290.70538,290.40536,290.10538,290.30536,290.40536,290.30536,290.30536,291.00537,291.10538,291.10538,291.10538,291.20538,291.20538,291.70538,293.30536,293.40536,293.30536,293.60538,293.30536,292.90536,292.60538,292.50537,292.90536,292.30536,292.10538,291.60538,291.30536,291.10538,290.90536,290.60538,290.40536,290.20538,290.00537,289.70538,289.60538,289.60538,289.70538,289.70538,289.70538,289.40536
288.90536,288.80536,288.70538,290.40536,290.30536,290.10538,291.90536,294.10538,294.60538,294.10538,293.60538,294.00537,294.50537,294.30536,294.00537,293.60538,292.80536,292.30536,291.70538,291.20538,290.60538,289.90536,289.80536,289.80536,289.90536,289.80536,289.60538,290.20538,290.40536,290.50537,290.50537,290.40536,290.50537,290.70538,291.80536,293.10538,293.10538,293.20538,293.10538,293.00537,292.60538,292.40536,292.70538,292.60538,292.00537,291.80536,291.20538,290.90536,290.80536,290.60538,290.50537,290.30536,289.90536,289.70538,289.60538,289.50537,289.40536,289.30536,289.30536,289.30536
287.10538,286.10538,286.00537,287.60538,287.20538,287.60538,287.90536,289.30536,288.80536,288.80536,292.30536,294.40536,294.60538,294.20538,293.70538,293.30536,292.70538,292.10538,291.50537,290.90536,290.40536,290.00537,289.50537,289.50537,289.70538,289.40536,289.10538,289.30536,289.70538,289.80536,289.90536,290.00537,289.90536,289.90536,289.90536,290.80536,292.70538,292.70538,292.90536,293.00537,293.10538,292.40536,292.30536,292.60538,292.50537,291.90536,291.40536,290.90536,290.50537,290.60538,290.50537,290.30536,289.80536,289.50537,289.50537,289.70538,289.60538,289.40536,289.20538,289.10538
285.00537,285.40536,285.40536,285.90536,286.50537,286.60538,286.80536,288.50537,287.60538,288.30536,290.10538,292.60538,294.30536,294.00537,293.30536,292.80536,292.30536,291.90536,291.40536,290.90536,290.50537,290.00537,289.50537,289.30536,289.30536,289.20538,288.90536,288.90536,289.10538,289.20538,289.30536,289.30536,289.40536,289.00537,288.70538,288.70538,289.00537,290.20538,291.80536,292.20538,292.70538,293.40536,292.90536,292.10538,292.20538,292.30536,291.60538,290.90536,290.50537,290.30536,290.30536,290.10538,289.70538,289.60538,289.50537,289.70538,289.70538,289.40536,289.40536,289.40536
284.30536,284.40536,285.10538,285.50537,286.10538,286.40536,286.90536,286.80536,286.70538,287.80536,289.20538,290.20538,291.10538,293.20538,293.20538,292.40536,291.90536,291.60538,291.20538,290.80536,290.30536,290.00537,289.60538,289.30536,289.10538,288.90536,288.80536,288.80536,288.80536,288.60538,288.50537,288.40536,288.40536,288.20538,288.00537,287.80536,287.80536,287.90536,288.00537,288.50537,290.50537,292.00537,292.30536,292.10538,291.70538,291.80536,291.70538,291.10538,290.50537,290.20538,290.00537,289.90536,289.70538,289.50537,289.50537,289.60538,289.60538,289.40536,289.50537,289.70538
284.20538,283.70538,284.00537,283.90536,285.10538,285.40536,285.90536,285.80536,286.20538,286.90536,287.70538,288.50537,289.40536,290.10538,291.70538,292.50537,291.60538,291.30536,291.10538,290.70538,290.20538,289.90536,289.60538,289.50537,289.20538,288.90536,288.60538,288.60538,288.50537,288.20538,288.00537,287.70538,287.70538,287.70538,287.40536,287.20538,287.30536,287.00537,287.00537,287.20538,287.10538,287.00537,288.50537,291.00537,291.50537,291.30536,291.20538,291.10538,290.50537,290.20538,289.90536,289.70538,289.40536,289.40536,289.50537,289.50537,289.60538,289.40536,289.30536,289.70538
283.70538,283.70538,283.80536,283.40536,283.80536,285.00537,284.80536,284.70538,285.70538,286.40536,286.80536,287.20538,287.90536,288.70538,289.40536,290.40536,291.90536,291.10538,290.90536,290.50537,290.10538,289.90536,289.60538,289.30536,289.10538,288.80536,288.50537,288.40536,288.30536,288.10538,287.80536,287.60538,287.40536,287.40536,287.20538,287.00537,286.80536,286.70538,286.80536,287.00537,286.80536,286.40536,286.10538,286.10538,287.30536,289.60538,290.80536,290.70538,290.30536,289.90536,289.70538,289.50537,289.30536,289.30536,289.30536,289.30536,289.40536,289.30536,289.00537,288.80536
283.60538,284.00537,283.50537,283.60538,284.10538,283.80536,283.30536,284.10538,285.30536,285.90536,286.40536,286.90536,287.20538,287.60538,288.30536,289.30536,290.10538,291.00537,290.70538,290.40536,290.10538,289.80536,289.50537,289.20538,289.00537,288.70538,288.50537,288.20538,288.00537,288.00537,287.90536,287.60538,287.40536,287.20538,287.00537,287.00537,286.90536,286.80536,286.50537,286.40536,286.40536,286.40536,286.40536,286.10538,286.00537,286.20538,286.90536,288.50537,289.40536,289.40536,289.00537,289.20538,289.10538,289.10538,289.10538,289.20538,289.20538,289.10538,288.90536,288.50537
283.50537,284.00537,283.10538,282.70538,282.40536,282.30536,282.10538,283.70538,285.30536,286.10538,286.60538,287.00537,287.40536,287.40536,287.70538,288.40536,289.40536,290.00537,290.00537,290.10538,289.80536,289.50537,289.10538,288.80536,288.70538,288.60538,288.30536,288.10538,287.80536,287.70538,287.70538,287.70538,287.60538,287.30536,287.20538,287.10538,286.90536,286.70538,286.60538,286.40536,286.20538,286.00537,286.00537,285.90536,286.00537,286.20538,286.00537,285.90536,286.50537,288.00537,288.50537,288.50537,288.60538,288.50537,288.40536,288.50537,288.90536,288.90536,288.70538,288.30536
283.70538,282.90536,281.90536,281.50537,281.10538,281.00537,281.80536,284.70538,286.80536,287.40536,287.50537,287.30536,286.80536,286.80536,287.00537,287.60538,288.60538,289.50537,289.20538,288.90536,289.40536,289.10538,288.60538,288.30536,288.70538,288.50537,288.10538,287.90536,287.70538,287.40536,287.30536,287.30536,287.40536,287.40536,287.20538,286.90536,286.90536,286.70538,286.60538,286.40536,286.30536,286.20538,285.90536,285.70538,285.60538,285.60538,285.60538,285.80536,285.90536,285.60538,286.10538,287.20538,287.60538,287.80536,287.80536,287.70538,287.90536,288.30536,288.40536,288.20538
