wind-weather/data/weather/current/current-wind-isobaric-850hPa-gfs-1.0.json
{"header": {"discipline":0,"disciplineName":"Meteorologicalproducts","gribEdition":2,"gribLength":75018,"center":7,"centerName":"USNationalWeatherService-NCEP(WMC)","subcenter":0,"refTime":"2017-11-24T12:00:00.000Z","significanceOfRT":0,"significanceOfRTName":"Analysis","productStatus":0,"productStatusName":"Operationalproducts","productType":0,"productTypeName":"Analysisproducts","productDefinitionTemplate":0,"productDefinitionTemplateName":"Analysis/forecastathorizontallevel/layeratapointintime","parameterCategory":2,"parameterCategoryName":"Momentum","parameterNumber":2,"parameterNumberName":"U-component_of_wind","parameterUnit":"m.s-1","genProcessType":0,"genProcessTypeName":"Analysis","forecastTime":0,"surface1Type":100,"surface1TypeName":"Isobaricsurface","surface1Value":85000.0,"surface2Type":255,"surface2TypeName":"Missing","surface2Value":0.0,"gridDefinitionTemplate":0,"gridDefinitionTemplateName":"Latitude_Longitude","numberPoints":65160,"shape":6,"shapeName":"Earthsphericalwithradiusof6,371,229.0m","gridUnits":"degrees","resolution":48,"winds":"true","scanMode":0,"nx":360,"ny":181,"basicAngle":0,"lo1":0.0,"la1":90.0,"lo2":359.0,"la2":-90.0,"dx":1.0,"dy":1.0}, "data":
[rows 130 to 155 of 181, columns 60 to 119 of 360]
8.844646,9.164646,9.944646,10.564646,11.044646,11.194646,11.384646,11.784646,12.044646,12.004646,11.874646,11.434646,10.824646,10.004646,8.794646,7.454646,6.214646,5.494646,5.094646,5.124646,5.644646,6.124646,6.324646,6.304646,5.644646,4.914646,4.724646,4.714646,4.594646,4.414646,4.464646,4.804646,5.144646,5.524646,5.704646,5.974646,6.304646,6.784646,7.404646,8.064646,8.774646,9.224646,9.154646,8.984646,8.824646,8.944646,9.724646,11.034646,11.674646,11.434646,10.454646,11.664646,12.284646,13.104646,14.104646,14.084646,14.474646,14.484646,14.294646,13.304646
10.804646,10.094646,9.744646,10.284646,11.094646,11.664646,12.034646,12.454646,12.824646,13.054646,12.934646,12.904646,13.004646,12.934646,12.694646,12.094646,10.814646,9.574646,8.904646,8.234646,8.134646,8.524646,8.764646,8.834646,8.774646,7.984646,7.434646,7.134646,6.974646,6.634646,6.304646,6.234646,6.384646,6.594646,6.874646,7.114646,7.324646,7.584646,7.824646,8.394646,8.474646,8.504646,8.744646,8.324646,8.444646,8.564646,8.654646,8.764646,9.084646,9.534646,10.384646,11.164646,11.924646,13.694646,14.874646,15.214646,15.304646,14.784646,14.214646,15.944646
13.514646,14.524646,13.414646,11.834646,11.004646,11.084646,11.574646,12.084646,12.674646,12.974646,13.354646,13.744646,14.104646,14.694646,15.214646,15.394646,14.994646,13.894646,12.994646,12.054646,11.124646,10.844646,11.074646,11.324646,11.634646,11.354646,10.554646,9.804646,9.454646,9.334646,9.164646,8.894646,8.774646,8.884646,9.124646,9.084646,9.304646,9.384646,9.464646,9.664646,9.864646,10.124646,10.254646,10.404646,10.494646,10.094646,9.384646,8.764646,8.684646,8.894646,9.234646,9.654646,10.394646,11.574646,14.404646,15.344646,15.974646,16.224646,16.004646,15.384646
15.724646,16.754646,16.124645,16.074646,15.924646,14.754646,12.934646,11.324646,10.154646,9.594646,9.984646,11.304646,13.264646,15.244646,16.734646,17.544645,17.974646,17.924646,17.264647,16.134645,15.164646,14.314646,13.744646,13.644646,14.054646,14.034646,13.624646,12.694646,11.934646,11.684646,11.574646,11.444646,11.444646,11.444646,11.594646,11.804646,11.774646,11.514646,11.204646,11.034646,11.374646,11.874646,11.784646,12.114646,11.604646,10.864646,10.334646,10.464646,10.864646,11.264646,11.454646,11.104646,11.124646,11.894646,13.444646,14.274646,15.144646,15.614646,16.044645,16.654646
17.624645,16.364647,15.784646,16.344646,17.944647,18.534645,18.644646,18.164646,17.084646,16.304646,16.044645,15.514646,14.884646,14.914646,15.724646,17.594646,19.664646,20.714645,20.764647,20.184647,19.334646,18.504646,17.534645,16.674646,16.854647,17.044645,16.684647,15.874646,14.924646,14.274646,13.994646,13.784646,13.534646,13.454646,13.564646,13.754646,13.754646,13.234646,12.544646,12.224646,12.544646,12.644646,12.454646,12.104646,12.184646,12.014646,12.134646,12.644646,13.084646,12.864646,12.484646,12.004646,11.664646,11.314646,11.314646,12.714646,14.254646,14.024646,15.204646,15.924646
18.974646,18.784645,18.234646,17.384645,16.894646,17.794645,19.364647,20.434647,20.984646,21.524647,21.764647,22.094646,22.074646,21.794645,21.564646,21.304646,21.034645,21.364647,22.404646,23.094646,23.114647,22.604647,21.664646,20.684647,20.024647,20.204645,20.174646,19.584646,18.494646,17.434647,16.814646,16.344646,15.904646,15.614646,15.484646,15.484646,15.584646,14.784646,13.494646,13.094646,13.394646,13.104646,12.474646,12.904646,13.144646,13.344646,13.994646,14.174646,13.654646,13.164646,13.164646,13.094646,12.954646,12.694646,11.994646,11.394646,12.214646,13.654646,13.164646,14.364646
18.974646,19.454645,19.204645,19.124645,19.094646,18.844646,19.074646,19.614647,20.674646,22.124645,23.794645,25.014647,25.654646,25.824646,25.884645,25.794645,25.674646,25.424646,24.474646,23.994646,24.134645,24.504646,24.724646,24.414646,23.704645,23.334646,23.334646,22.964645,22.414646,21.294645,20.274647,19.374645,18.704645,18.204645,17.884645,17.494646,17.114647,15.834646,14.474646,14.444646,14.464646,14.014646,13.744646,14.324646,15.094646,14.804646,14.394646,14.304646,14.634646,14.804646,14.804646,14.944646,15.054646,14.754646,14.364646,13.294646,12.194646,12.944646,13.414646,13.164646
16.914646,16.954645,17.404646,17.934647,18.054646,18.164646,18.734646,19.814646,21.184647,22.804646,24.504646,25.974646,27.224646,28.274647,28.974646,29.364647,29.464645,29.174646,28.964645,28.384645,27.784645,27.104647,26.554646,26.374645,26.224646,26.134645,26.174646,25.974646,25.434647,24.834646,23.854647,22.714645,21.634645,20.904646,20.134645,19.284645,18.494646,17.044645,16.454645,15.664646,15.274646,15.234646,15.364646,15.194646,14.724646,14.884646,15.424646,15.934646,16.464645,16.844646,17.244646,17.304646,17.074646,16.624645,16.134645,15.664646,14.844646,13.484646,13.264646,12.924646
16.374645,16.904646,17.424646,17.414646,16.674646,16.604647,16.394646,16.404646,16.594646,17.464645,18.304646,19.564646,21.344646,23.714645,26.264647,28.904646,31.124645,32.434647,32.974648,32.824646,32.504646,31.484646,30.824646,29.864647,29.244646,29.154646,29.294645,29.094646,28.634645,27.694647,26.824646,25.584646,24.474646,23.324646,22.074646,21.084646,20.174646,18.694647,17.584646,16.924646,16.294645,16.074646,15.514646,15.424646,16.044645,16.844646,17.364647,17.834646,18.354647,18.224646,17.964645,17.684647,17.324646,16.844646,16.314646,15.914646,15.604646,14.774646,13.734646,13.484646
11.784646,10.124646,9.534646,10.444646,10.974646,10.964646,10.694646,10.734646,11.124646,13.314646,11.294646,12.764646,14.414646,15.944646,17.914646,19.824646,22.044645,24.784645,27.964645,30.814646,32.734646,33.194645,33.224648,32.484646,32.094646,31.304646,30.944647,31.404646,31.564646,30.964645,29.754646,28.704645,27.204645,25.624645,24.064646,22.034645,20.734646,18.904646,18.164646,17.234646,16.804646,17.054646,17.194647,17.614647,17.954645,18.454645,18.624645,18.864647,18.584646,18.534645,18.424646,18.244646,17.784645,17.334646,17.094646,16.834646,16.534645,16.174646,15.434646,14.304646
11.824646,12.504646,13.144646,14.104646,14.454646,14.314646,13.944646,13.424646,13.174646,12.994646,12.614646,13.214646,13.824646,14.434646,15.704646,17.414646,19.654646,22.014647,24.074646,26.484646,28.464645,30.164646,31.804646,32.764645,32.694645,32.574646,32.344646,31.804646,31.184647,31.204645,30.844646,30.334646,29.324646,27.254646,24.864647,22.064646,20.054646,18.624645,17.774647,17.294645,17.614647,18.154646,18.624645,18.574646,18.374645,18.654646,19.274647,19.714645,19.534645,19.304646,19.014647,18.824646,18.634645,18.434647,18.214645,18.044645,18.004646,17.974646,17.584646,16.734646
16.724646,17.074646,17.344646,17.514647,17.634645,17.614647,17.394646,16.974646,16.584646,16.404646,16.334646,15.844646,15.564646,15.524646,15.484646,15.434646,16.114647,18.214645,20.454645,23.444647,25.934647,27.524647,28.974646,30.364647,31.544645,31.674646,31.634645,31.964645,32.184647,31.964645,31.014647,30.454645,29.444647,27.504646,24.164646,21.714645,19.364647,17.904646,17.524647,17.624645,18.254646,18.634645,18.314646,18.514647,18.984646,19.674646,20.124645,19.894646,19.784645,19.674646,19.874645,19.754646,19.534645,19.524647,19.574646,19.574646,19.634645,19.574646,19.374645,18.944647
16.184647,16.784645,17.604647,18.384645,19.034645,19.604647,20.044645,20.354647,20.484646,20.444647,20.194647,19.954645,19.214645,18.034645,17.044645,15.744646,15.704646,15.784646,16.924646,19.214645,22.574646,25.254646,26.794645,28.054646,28.774647,29.574646,30.294645,30.324646,30.874645,31.874645,32.104645,31.644646,28.584646,24.194647,20.884645,19.304646,17.634645,17.374645,17.954645,18.184647,17.934647,17.924646,18.894646,19.704645,20.144646,20.134645,20.034645,19.944647,20.124645,20.424646,20.734646,20.814646,20.734646,20.614647,20.404646,20.204645,20.254646,20.604647,20.934647,20.494646
15.064646,15.094646,15.454646,16.154646,17.124645,18.284645,19.714645,20.564646,21.134645,21.304646,21.184647,20.714645,20.024647,18.684647,18.164646,16.694647,15.954646,15.954646,14.904646,14.614646,16.524647,20.134645,23.184647,25.304646,26.324646,27.124645,27.914646,28.804646,29.324646,29.884645,29.554646,25.744646,21.594646,19.094646,17.704645,16.834646,16.934647,17.394646,17.164646,16.764647,17.564646,18.814646,19.654646,19.764647,20.134645,20.454645,20.304646,19.834646,20.164646,20.374645,20.744646,21.144646,21.554646,21.684647,21.454645,21.284645,21.204645,21.344646,21.664646,21.694647
14.534646,14.404646,14.364646,14.514646,14.834646,16.044645,17.154646,18.204645,19.154646,19.834646,20.374645,20.464645,20.274647,19.894646,18.784645,17.714645,17.284645,16.424646,15.334646,14.084646,12.434646,11.364646,13.934646,18.334646,20.124645,20.154646,19.454645,19.744646,21.284645,22.164646,17.954645,15.254646,14.714646,15.124646,15.494646,15.724646,15.514646,15.674646,16.214645,17.154646,17.494646,17.974646,18.984646,20.174646,20.064646,19.504646,19.454645,19.904646,20.274647,19.794645,19.754646,20.504646,21.224646,21.744646,22.254646,22.584646,22.734646,22.764647,22.444647,22.164646
13.734646,13.564646,13.594646,13.654646,13.894646,14.434646,15.264646,16.224646,17.254646,18.034645,18.674646,19.294645,19.594646,19.314646,18.754646,18.084646,17.214645,15.954646,14.484646,13.094646,11.754646,9.494646,6.724646,4.454646,4.024646,5.184646,6.304646,7.684646,8.534646,7.214646,8.014646,9.654646,11.054646,12.064646,13.094646,13.584646,14.584646,15.194646,15.784646,16.184647,16.764647,17.914646,19.074646,18.664646,18.044645,18.294645,18.744646,18.464645,18.454645,19.154646,20.044645,20.674646,21.054646,21.494646,22.054646,22.464645,22.594646,22.514647,22.174646,21.614647
14.484646,14.574646,15.204646,15.854646,16.294645,16.624645,16.834646,16.924646,17.094646,17.434647,17.824646,18.224646,18.454645,18.424646,18.244646,17.814646,17.024647,15.814646,14.314646,12.684646,11.164646,9.674646,8.114646,5.674646,3.754646,2.404646,2.384646,3.114646,4.284646,5.764646,7.254646,8.834646,10.534646,12.104646,13.354646,14.244646,14.654646,15.104646,15.754646,15.494646,16.084646,17.294645,17.034645,16.574646,17.024647,17.224646,17.214645,18.114647,19.254646,19.844646,20.244646,20.694647,21.014647,21.194647,21.194647,21.044645,20.724646,20.444647,20.144646,19.664646
13.844646,14.444646,14.994646,15.334646,15.904646,16.194647,16.424646,16.814646,17.294645,17.674646,17.944647,18.104647,18.114647,17.904646,17.504646,17.094646,16.624645,15.934646,14.814646,13.314646,11.754646,10.434646,9.044646,7.934646,7.374646,6.964646,6.824646,6.854646,7.274646,8.184646,9.444646,10.624646,11.654646,12.204646,12.564646,13.574646,14.364646,14.434646,14.284646,15.614646,16.864647,15.804646,15.394646,15.784646,15.894646,16.404646,17.364647,18.434647,19.214645,20.134645,20.574646,20.664646,20.664646,20.314646,19.644646,18.994646,17.954645,17.214645,16.714645,16.404646
12.434646,12.984646,13.324646,13.264646,13.254646,13.604646,14.354646,15.144646,15.934646,16.634645,17.144646,17.414646,17.394646,17.194647,16.784645,16.354647,15.974646,15.494646,14.994646,14.164646,13.034646,11.964646,11.054646,10.204646,9.604646,9.374646,9.464646,9.874646,10.264646,10.744646,11.064646,11.434646,11.894646,12.674646,13.264646,13.464646,13.644646,13.884646,14.894646,15.444646,14.834646,14.694646,14.794646,15.024646,15.624646,16.594646,17.654646,18.704645,19.164646,19.994646,19.974646,20.314646,19.824646,18.614647,17.824646,16.674646,15.034646,13.804646,13.164646,12.894646
11.444646,10.794646,10.034646,9.864646,10.194646,10.824646,11.604646,12.364646,12.734646,13.224646,13.854646,14.424646,14.784646,14.764646,14.444646,14.164646,13.954646,13.914646,13.634646,13.244646,12.994646,12.574646,12.074646,11.774646,11.514646,11.234646,11.204646,11.294646,11.414646,11.604646,11.554646,11.434646,11.914646,11.964646,12.394646,12.854646,12.984646,13.724646,14.274646,13.704646,13.574646,13.634646,14.114646,14.974646,15.824646,16.544645,17.594646,17.684647,18.874645,19.264647,19.014647,18.324646,17.964645,17.114647,15.624646,13.374646,11.264646,10.264646,9.784646,9.684646
10.624646,9.944646,9.674646,9.534646,9.424646,9.324646,8.654646,8.914646,9.964646,10.394646,11.004646,11.724646,12.404646,12.794646,13.004646,12.974646,12.654646,12.254646,11.774646,11.594646,11.494646,11.384646,11.094646,10.704646,10.454646,10.334646,10.134646,10.184646,10.424646,10.494646,10.724646,11.224646,11.244646,11.514646,11.484646,11.484646,12.314646,12.944646,12.324646,11.904646,12.634646,13.284646,13.624646,14.544646,15.284646,16.354647,15.944646,16.604647,17.034645,16.784645,16.344646,16.164646,15.674646,14.494646,11.964646,8.884646,7.314646,6.874646,6.794646,6.944646
11.504646,11.654646,12.064646,12.234646,11.704646,10.694646,10.114646,9.634646,8.364646,7.924646,7.894646,8.134646,9.234646,10.234646,11.124646,11.724646,12.024646,12.094646,11.724646,11.104646,10.654646,10.294646,10.004646,9.754646,9.714646,10.084646,10.374646,10.214646,10.114646,10.604646,10.764646,10.464646,9.914646,9.484646,9.734646,10.694646,11.104646,10.074646,10.024646,10.964646,11.454646,11.584646,12.934646,13.834646,14.174646,13.064646,13.094646,13.874646,13.744646,12.974646,12.854646,12.404646,11.494646,9.514646,5.284646,3.384646,3.204646,3.384646,3.724646,4.224646
13.134646,13.444646,13.444646,13.164646,12.964646,12.984646,13.404646,12.314646,10.694646,9.644646,9.054646,8.994646,8.884646,8.604646,8.664646,9.044646,9.924646,10.934646,11.284646,11.064646,10.694646,10.294646,10.064646,9.934646,9.834646,9.614646,9.714646,9.724646,9.444646,8.754646,8.284646,7.694646,7.384646,7.944646,9.144646,8.594646,7.624646,8.154646,8.664646,8.964646,9.994646,11.404646,10.934646,10.364646,9.954646,10.054646,10.914646,9.824646,8.304646,7.684646,6.734646,5.084646,1.644646,-1.895354,-2.565354,-1.855354,-0.995354,-0.245354,0.574646,1.574646
12.864646,12.944646,13.324646,14.274646,15.144646,14.514646,13.524646,11.894646,10.564646,10.964646,11.314646,10.814646,9.884646,9.234646,8.864646,8.994646,8.394646,7.404646,7.334646,8.494646,9.474646,9.954646,10.024646,9.784646,9.454646,8.684646,7.594646,6.684646,5.934646,5.674646,5.564646,6.304646,7.734646,7.694646,6.334646,6.174646,6.724646,6.894646,7.594646,9.114646,8.754646,6.784646,6.994646,7.484646,7.264646,7.384646,5.744646,3.184646,1.534646,-0.465354,-3.495354,-6.965354,-8.115354,-7.765354,-6.635354,-5.255354,-4.045354,-2.845354,-1.715354,-0.745354
14.104646,13.954646,13.574646,11.734646,10.134646,9.864646,8.774646,8.584646,10.344646,10.724646,10.104646,9.674646,9.544646,9.204646,8.684646,8.104646,7.404646,6.474646,6.654646,5.994646,5.374646,4.814646,4.744646,4.794646,4.634646,4.244646,3.484646,2.674646,2.844646,4.094646,5.554646,5.324646,4.134646,3.834646,4.704646,5.164646,5.834646,6.724646,6.954646,4.624646,2.404646,3.324646,3.944646,3.944646,4.414646,2.954646,-0.28535402,-2.755354,-4.825354,-7.275354,-8.625354,-8.745354,-9.005354,-8.575354,-7.555354,-6.405354,-5.245354,-3.955354,-2.795354,-2.035354
12.604646,10.984646,8.884646,8.384646,8.034646,7.284646,7.744646,7.104646,6.034646,6.124646,6.604646,6.774646,6.644646,6.644646,7.064646,7.544646,5.524646,3.314646,3.634646,3.144646,2.784646,2.744646,1.3846459,0.194646,-0.405354,0.034645997,1.444646,2.734646,2.784646,1.654646,1.034646,1.644646,2.504646,3.054646,3.814646,4.774646,3.954646,2.024646,-0.045354005,-1.245354,-0.525354,-2.175354,-3.845354,-2.645354,-1.995354,-3.425354,-5.125354,-6.475354,-7.325354,-8.215354,-8.555354,-8.705354,-8.325354,-7.535354,-6.555354,-5.605354,-4.765354,-4.035354,-3.425354,-2.635354
