wind-weather/data/weather/current/current-wind-isobaric-250hPa-gfs-1.0.json
{"header": {"discipline":0,"disciplineName":"Meteorologicalproducts","gribEdition":2,"gribLength":45625,"center":7,"centerName":"USNationalWeatherService-NCEP(WMC)","subcenter":0,"refTime":"2017-11-24T12:00:00.000Z","significanceOfRT":0,"significanceOfRTName":"Analysis","productStatus":0,"productStatusName":"Operationalproducts","productType":0,"productTypeName":"Analysisproducts","productDefinitionTemplate":0,"productDefinitionTemplateName":"Analysis/forecastathorizontallevel/layeratapointintime","parameterCategory":2,"parameterCategoryName":"Momentum","parameterNumber":3,"parameterNumberName":"V-component_of_wind","parameterUnit":"m.s-1","genProcessType":0,"genProcessTypeName":"Analysis","forecastTime":0,"surface1Type":100,"surface1TypeName":"Isobaricsurface","surface1Value":25000.0,"surface2Type":255,"surface2TypeName":"Missing","surface2Value":0.0,"gridDefinitionTemplate":0,"gridDefinitionTemplateName":"Latitude_Longitude","numberPoints":65160,"shape":6,"shapeName":"Earthsphericalwithradiusof6,371,229.0m","gridUnits":"degrees","resolution":48,"winds":"true","scanMode":0,"nx":360,"ny":181,"basicAngle":0,"lo1":0.0,"la1":90.0,"lo2":359.0,"la2":-90.0,"dx":1.0,"dy":1.0}, "data":
[rows 130 to 155 of 181, columns 59 to 117 of 360]
-12.247577,-9.847577,-7.7475767,-6.147577,-4.7475767,-3.1475768,-1.4475769,0.1524231,1.5524231,2.6524231,3.3524232,3.8524232,4.452423,5.352423,6.552423,7.652423,8.352423,8.0524235,6.452423,4.052423,2.052423,0.4524231,-0.6475769,-1.6475769,-2.747577,-3.747577,-4.7475767,-5.2475767,-5.647577,-5.947577,-6.047577,-5.847577,-5.2475767,-4.647577,-4.047577,-3.047577,-1.247577,1.0524231,3.752423,6.852423,10.0524235,12.852423,15.452423,17.652424,19.752422,21.952423,24.352423,26.852423,28.852423,30.552423,31.552423,30.952423,27.052423,20.752422,13.0524235,5.652423,-0.1475769,-2.3475769,-1.3475769
-15.347577,-13.747577,-11.9475765,-10.247577,-8.647577,-7.147577,-5.547577,-3.6475768,-1.747577,-0.2475769,0.9524231,1.752423,2.252423,2.8524232,3.8524232,5.152423,6.452423,7.152423,6.852423,5.7524233,3.452423,0.8524231,-1.247577,-2.6475768,-3.447577,-3.8475769,-4.2475767,-4.447577,-4.447577,-4.447577,-4.447577,-4.347577,-3.8475769,-3.047577,-1.8475769,-0.2475769,1.752423,4.052423,6.652423,9.352423,12.152423,14.752423,17.052423,19.152424,21.452423,24.152424,26.952423,29.752422,32.55242,35.05242,36.252422,34.252422,29.052423,21.652424,12.5524235,1.9524231,-6.647577,-11.4475765,-11.347577
-17.047577,-15.4475765,-13.647577,-11.747577,-10.147577,-8.9475765,-8.047577,-7.047577,-5.647577,-4.147577,-2.6475768,-1.4475769,-0.4475769,0.4524231,1.3524231,2.552423,3.952423,5.2524233,6.152423,6.2524233,5.452423,3.952423,1.5524231,-0.8475769,-2.547577,-3.6475768,-4.147577,-4.047577,-3.6475768,-3.3475769,-2.947577,-2.447577,-1.8475769,-0.7475769,0.5524231,2.1524231,4.052423,5.952423,8.152423,10.5524235,13.252423,15.852423,18.352423,21.052423,24.052423,27.352423,30.552423,33.55242,36.652424,39.652424,40.252422,36.752422,29.852423,21.352423,12.352423,2.252423,-8.747577,-17.547577,-21.247578
-18.647577,-16.347576,-14.4475765,-13.4475765,-12.247577,-10.847577,-9.847577,-8.9475765,-8.047577,-6.947577,-5.7475767,-4.7475767,-3.747577,-2.6475768,-1.5475769,-0.1475769,1.4524231,2.952423,4.152423,4.952423,5.352423,5.152423,4.352423,2.952423,1.252423,-0.2475769,-1.5475769,-2.3475769,-2.547577,-2.3475769,-1.8475769,-1.1475769,-0.1475769,0.9524231,2.3524232,3.952423,5.652423,7.452423,9.452423,11.852423,14.5524235,17.352423,20.252422,23.352423,26.552423,30.052423,33.752422,37.652424,41.55242,43.652424,42.152424,37.252422,29.852423,21.152424,12.152423,2.952423,-7.547577,-18.347576,-26.247578
-18.847576,-18.447577,-17.647577,-15.547577,-12.9475765,-11.547577,-11.247577,-10.647577,-9.847577,-9.247577,-8.547577,-7.647577,-6.647577,-5.447577,-4.147577,-2.8475769,-1.3475769,0.3524231,1.6524231,2.6524231,3.3524232,3.952423,4.352423,4.352423,4.052423,3.3524232,2.452423,1.6524231,0.8524231,0.3524231,0.3524231,0.6524231,1.252423,2.252423,3.552423,5.052423,6.7524233,8.452423,10.5524235,13.152423,16.152424,19.052423,21.752422,24.952423,28.852423,32.952423,37.05242,40.852425,44.05242,44.55242,41.352425,35.952423,28.752422,20.152424,11.852423,3.552423,-5.647577,-16.647577,-26.947577
-17.247578,-16.847576,-16.447577,-16.247578,-15.847577,-14.9475765,-12.847577,-10.747577,-9.747577,-9.9475765,-9.847577,-9.247577,-8.547577,-7.547577,-6.647577,-5.7475767,-4.447577,-3.1475768,-1.6475769,-0.2475769,0.7524231,1.4524231,2.052423,2.752423,3.3524232,3.8524232,4.052423,4.152423,4.052423,3.752423,3.552423,3.6524231,4.052423,4.7524233,5.7524233,6.952423,8.352423,9.952423,12.0524235,14.652423,17.352423,20.152424,23.152424,26.852423,31.152424,35.352425,39.352425,43.05242,44.55242,42.952423,39.252422,33.652424,26.352423,18.252422,10.652423,3.552423,-4.447577,-14.147577,-24.947577
-16.947577,-17.047577,-16.747578,-16.247578,-15.547577,-14.847577,-14.047577,-13.4475765,-12.4475765,-11.047577,-9.647577,-8.747577,-8.4475765,-8.247577,-7.847577,-7.347577,-6.947577,-6.2475767,-5.2475767,-3.8475769,-2.3475769,-1.247577,-0.34757692,0.3524231,1.1524231,1.9524231,2.6524231,3.3524232,3.952423,4.452423,4.852423,5.352423,5.952423,6.7524233,7.652423,8.752423,9.952423,11.352423,13.152423,15.5524235,18.552423,21.952423,25.552423,29.552423,33.352425,37.152424,40.752422,43.05242,42.852425,40.55242,36.752422,31.052423,23.752422,16.052423,9.0524235,2.952423,-3.947577,-12.247577,-22.147577
-15.047577,-17.247578,-18.247578,-18.247578,-17.347576,-16.147577,-15.347577,-14.547577,-13.4475765,-12.147577,-10.347577,-8.547577,-7.447577,-6.7475767,-6.647577,-6.847577,-7.347577,-7.847577,-7.647577,-6.647577,-5.2475767,-3.747577,-2.447577,-1.4475769,-0.5475769,0.3524231,1.0524231,1.9524231,2.752423,3.452423,4.052423,4.852423,5.652423,6.7524233,7.852423,9.152423,10.5524235,12.152423,14.252423,17.352423,20.852423,24.252422,27.552423,30.752422,34.152424,37.252422,39.55242,40.352425,39.852425,37.852425,33.952423,28.152424,21.352423,14.252423,7.652423,2.052423,-3.947577,-10.847577,-19.347576
-9.747577,-12.847577,-16.047577,-18.247578,-19.247578,-18.847576,-17.447577,-15.9475765,-14.347577,-12.747577,-10.647577,-8.747577,-6.947577,-5.447577,-4.947577,-5.2475767,-5.7475767,-6.147577,-6.547577,-6.847577,-6.347577,-5.2475767,-4.047577,-2.8475769,-1.9475769,-1.247577,-0.6475769,0.2524231,1.1524231,2.1524231,3.052423,4.152423,5.352423,6.552423,7.852423,9.352423,10.952423,12.852423,15.252423,18.452423,21.952423,24.952423,27.852423,30.752422,33.452423,35.55242,36.952423,37.752422,37.352425,35.352425,31.252422,25.352423,18.652424,12.352423,6.7524233,1.252423,-4.2475767,-10.147577,-17.147577
-4.047577,-7.2475767,-10.4475765,-13.547577,-16.347576,-17.847576,-17.947577,-16.747578,-14.747577,-12.647577,-10.347577,-8.547577,-7.147577,-6.047577,-5.347577,-4.947577,-4.847577,-5.147577,-5.647577,-6.047577,-5.847577,-5.347577,-4.547577,-3.8475769,-2.947577,-1.9475769,-1.3475769,-0.9475769,-0.2475769,0.8524231,2.1524231,3.452423,4.7524233,6.052423,7.452423,8.952423,10.652423,12.652423,15.152423,18.252422,21.652424,24.552423,27.152424,29.452423,31.452423,33.152424,34.452423,34.952423,34.452423,32.05242,27.752422,22.252422,16.452423,10.652423,5.352423,0.8524231,-4.447577,-9.647577,-15.247577
0.3524231,-2.547577,-5.447577,-8.247577,-10.4475765,-12.247577,-13.347577,-13.347577,-12.4475765,-10.9475765,-9.747577,-8.647577,-7.047577,-6.847577,-6.847577,-6.647577,-6.447577,-6.2475767,-5.947577,-5.847577,-5.847577,-5.947577,-5.7475767,-4.947577,-3.947577,-3.047577,-2.047577,-0.8475769,0.1524231,1.1524231,2.1524231,3.452423,4.7524233,6.152423,7.652423,9.0524235,10.752423,12.652423,14.952423,17.752422,20.852423,23.552423,25.952423,28.152424,30.152424,31.652424,32.652424,33.05242,31.752422,28.852423,24.452423,19.552423,14.252423,9.0524235,4.2524233,-0.047576904,-4.547577,-9.4475765,-14.047577
4.552423,2.052423,-0.8475769,-3.447577,-5.447577,-6.947577,-7.847577,-8.147577,-8.047577,-7.347577,-6.7475767,-6.147577,-6.047577,-6.2475767,-5.947577,-5.847577,-6.447577,-7.047577,-7.347577,-7.147577,-6.847577,-6.547577,-6.047577,-5.547577,-4.947577,-4.047577,-2.8475769,-1.5475769,-0.34757692,1.1524231,2.6524231,4.152423,5.452423,6.852423,8.152423,9.752423,11.452423,13.152423,14.952423,17.252422,20.052423,22.952423,25.252422,27.252422,28.852423,30.152424,30.952423,30.652424,28.852423,25.552423,21.252422,16.852423,12.252423,7.652423,3.1524231,-1.0475769,-4.947577,-9.147577,-13.4475765
5.152423,4.2524233,2.952423,1.4524231,-0.047576904,-1.3475769,-2.047577,-2.247577,-2.047577,-1.5475769,-0.9475769,-0.5475769,-0.5475769,-0.6475769,-1.247577,-2.3475769,-3.3475769,-4.047577,-4.647577,-5.447577,-5.947577,-6.2475767,-6.347577,-6.2475767,-5.947577,-5.2475767,-4.047577,-2.3475769,-0.6475769,0.6524231,1.9524231,3.3524232,5.152423,7.052423,8.752423,10.0524235,11.352423,12.5524235,14.152423,16.252422,18.752422,21.452423,23.752422,25.752422,27.052423,28.052423,28.452423,27.752422,25.452423,22.052423,18.152424,14.252423,10.352423,6.352423,2.252423,-1.747577,-5.447577,-8.847577,-12.4475765
2.252423,2.3524232,2.1524231,1.752423,1.4524231,1.252423,1.252423,1.5524231,2.1524231,2.8524232,3.552423,3.8524232,3.8524232,3.552423,2.8524232,2.052423,1.0524231,-0.1475769,-1.247577,-2.047577,-2.947577,-3.747577,-4.547577,-5.047577,-5.147577,-4.947577,-4.2475767,-3.447577,-2.047577,0.1524231,1.8524231,3.3524232,4.652423,6.052423,7.352423,8.452423,9.5524235,11.0524235,12.752423,14.652423,16.652424,19.052423,21.452423,23.152424,24.452423,25.352423,25.452423,24.152424,21.652424,18.352423,14.952423,11.652423,8.452423,5.052423,1.4524231,-1.9475769,-5.447577,-8.747577,-11.647577
-0.9475769,-0.34757692,0.2524231,0.8524231,1.4524231,2.252423,3.1524231,4.152423,5.2524233,6.2524233,7.2524233,7.852423,8.0524235,7.552423,6.552423,5.152423,3.8524232,2.6524231,1.252423,-0.047576904,-1.1475769,-2.047577,-2.747577,-3.447577,-3.947577,-4.2475767,-3.8475769,-3.1475768,-2.247577,-1.1475769,0.4524231,2.052423,3.3524232,4.152423,4.952423,6.152423,7.352423,8.652423,10.0524235,11.752423,13.852423,15.852423,17.852423,19.752422,21.352423,22.152424,21.652424,20.052423,17.752422,14.952423,12.0524235,9.352423,6.7524233,3.8524232,0.6524231,-2.447577,-5.347577,-8.047577,-10.9475765
-1.5475769,-1.1475769,-0.1475769,1.1524231,2.452423,3.8524232,5.352423,6.7524233,7.952423,8.752423,9.252423,9.652423,9.652423,9.452423,8.852423,7.7524233,6.452423,5.152423,3.8524232,2.552423,0.9524231,-0.6475769,-2.047577,-2.947577,-3.6475768,-3.8475769,-3.6475768,-3.047577,-2.1475768,-1.247577,-0.2475769,0.7524231,1.9524231,2.952423,3.6524231,4.2524233,5.052423,6.152423,7.552423,9.152423,10.752423,12.752423,14.952423,17.152424,18.252422,18.452423,17.852423,16.352423,14.152423,11.952423,9.852423,7.7524233,5.452423,2.752423,-0.34757692,-3.1475768,-5.447577,-7.347577,-9.547577
-0.4475769,-0.4475769,0.3524231,1.752423,3.3524232,5.152423,7.152423,9.0524235,10.5524235,11.652423,12.0524235,11.952423,11.352423,10.652423,9.952423,9.0524235,7.952423,6.7524233,5.652423,4.352423,2.8524232,1.3524231,-0.34757692,-1.8475769,-2.747577,-2.947577,-2.747577,-2.1475768,-1.5475769,-0.8475769,-0.1475769,0.4524231,0.9524231,1.5524231,2.252423,2.952423,3.952423,4.852423,5.852423,7.2524233,9.0524235,11.0524235,13.0524235,14.452423,15.0524235,15.0524235,14.252423,12.852423,11.252423,9.752423,8.152423,6.352423,4.052423,1.5524231,-1.1475769,-3.447577,-5.347577,-6.947577,-8.647577
1.8524231,1.252423,1.4524231,2.552423,4.2524233,6.2524233,8.352423,10.452423,12.152423,13.652423,14.352423,14.252423,13.352423,12.0524235,11.0524235,10.152423,9.452423,8.252423,6.952423,5.552423,3.952423,2.452423,0.8524231,-0.5475769,-1.747577,-2.247577,-2.247577,-1.8475769,-1.1475769,-0.6475769,-0.34757692,0.052423097,0.5524231,1.0524231,1.5524231,2.252423,2.8524232,3.8524232,5.152423,6.652423,8.0524235,9.452423,10.852423,11.952423,12.252423,12.0524235,11.352423,10.5524235,9.452423,8.252423,6.7524233,4.852423,2.752423,0.4524231,-1.5475769,-3.247577,-4.7475767,-6.147577,-7.847577
4.452423,3.752423,3.952423,4.652423,6.052423,7.7524233,9.752423,11.652423,13.452423,14.652423,15.252423,14.952423,14.252423,12.952423,11.652423,10.752423,10.152423,9.652423,8.452423,6.852423,5.052423,3.1524231,1.5524231,0.2524231,-0.8475769,-1.747577,-2.247577,-2.3475769,-2.047577,-1.5475769,-1.0475769,-0.4475769,0.052423097,0.7524231,1.252423,1.8524231,2.6524231,3.6524231,4.652423,5.652423,6.852423,8.352423,9.352423,9.752423,9.852423,9.852423,9.752423,9.352423,8.5524235,7.152423,5.452423,3.452423,1.4524231,-0.1475769,-1.3475769,-2.447577,-3.547577,-4.947577,-6.847577
7.052423,6.7524233,6.952423,7.652423,8.752423,10.252423,11.852423,13.252423,14.352423,15.0524235,15.152423,14.852423,14.152423,13.352423,12.752423,11.852423,10.952423,9.752423,8.652423,7.552423,5.7524233,3.6524231,1.752423,0.2524231,-0.8475769,-1.747577,-2.447577,-2.747577,-2.747577,-2.547577,-2.047577,-1.4475769,-0.6475769,-0.1475769,0.5524231,1.5524231,2.252423,3.052423,4.052423,5.452423,6.552423,7.052423,7.2524233,7.652423,8.252423,8.952423,9.152423,8.852423,7.7524233,6.052423,4.052423,2.1524231,0.5524231,-0.34757692,-1.0475769,-1.5475769,-2.447577,-3.8475769,-5.947577
9.452423,9.352423,9.5524235,10.352423,11.252423,12.352423,13.352423,14.352423,14.852423,14.952423,14.652423,14.152423,14.0524235,14.352423,14.252423,13.352423,11.652423,9.5524235,7.652423,6.2524233,5.2524233,3.952423,2.3524232,0.6524231,-0.7475769,-1.747577,-2.547577,-2.947577,-3.3475769,-3.447577,-3.1475768,-2.547577,-1.9475769,-1.247577,-0.2475769,0.6524231,1.5524231,2.8524232,4.052423,4.452423,4.452423,4.652423,5.352423,6.552423,7.852423,8.952423,9.152423,8.5524235,7.052423,4.852423,2.752423,0.9524231,-0.047576904,-0.4475769,-0.5475769,-0.9475769,-1.8475769,-3.3475769,-5.547577
11.152423,11.452423,12.0524235,12.652423,13.152423,13.752423,14.252423,14.352423,14.352423,14.352423,14.5524235,15.0524235,15.652423,15.752423,14.952423,13.252423,10.852423,8.652423,6.7524233,5.352423,4.152423,3.252423,2.3524232,1.0524231,-0.4475769,-1.8475769,-2.947577,-3.547577,-3.947577,-4.147577,-4.347577,-4.2475767,-3.447577,-2.6475768,-1.747577,-0.6475769,0.5524231,1.252423,1.4524231,1.5524231,1.8524231,2.952423,4.652423,6.652423,8.452423,9.452423,9.452423,8.152423,5.952423,3.452423,1.4524231,0.1524231,-0.2475769,-0.1475769,-0.1475769,-0.7475769,-2.047577,-3.747577,-5.947577
13.0524235,13.652423,13.952423,13.952423,14.152423,14.452423,14.5524235,14.652423,15.0524235,15.852423,16.552423,16.852423,16.352423,14.952423,13.0524235,11.0524235,9.0524235,7.352423,6.2524233,5.2524233,4.152423,2.952423,1.6524231,0.4524231,-0.9475769,-2.3475769,-3.447577,-4.047577,-4.547577,-4.7475767,-4.647577,-4.547577,-4.347577,-3.947577,-3.247577,-2.6475768,-2.1475768,-1.9475769,-1.4475769,-0.6475769,0.6524231,2.952423,5.352423,7.7524233,9.452423,10.0524235,9.252423,6.852423,4.2524233,1.8524231,0.052423097,-0.34757692,0.052423097,0.4524231,0.052423097,-1.1475769,-2.747577,-4.7475767,-6.847577
14.452423,14.652423,14.5524235,14.5524235,15.0524235,15.652423,16.352423,17.252422,17.752422,17.652424,16.852423,15.452423,13.652423,11.852423,10.152423,8.752423,7.352423,6.152423,5.452423,4.852423,3.8524232,2.552423,1.0524231,-0.4475769,-1.747577,-2.8475769,-3.6475768,-4.2475767,-4.547577,-4.7475767,-4.947577,-5.047577,-4.947577,-4.847577,-4.547577,-4.347577,-4.047577,-3.6475768,-2.547577,-0.5475769,1.9524231,4.852423,7.652423,9.852423,10.652423,9.952423,7.652423,4.852423,2.052423,-0.1475769,-1.0475769,-0.34757692,0.5524231,0.4524231,-0.1475769,-1.247577,-3.447577,-5.7475767,-8.047577
14.752423,15.252423,16.152424,17.352423,18.352423,19.052423,19.152424,18.652424,17.352423,15.752423,14.0524235,12.452423,10.752423,9.152423,7.552423,6.352423,5.2524233,4.452423,3.952423,3.452423,2.6524231,1.252423,-0.34757692,-1.8475769,-3.1475768,-3.947577,-4.547577,-4.847577,-5.047577,-5.2475767,-5.347577,-5.347577,-5.447577,-5.447577,-5.347577,-5.2475767,-4.547577,-2.947577,-0.34757692,2.452423,5.652423,8.752423,10.952423,11.752423,10.752423,8.352423,4.852423,1.8524231,-0.4475769,-1.747577,-1.247577,-0.34757692,0.5524231,0.7524231,-0.047576904,-1.9475769,-4.147577,-6.647577,-9.047577
17.452423,18.352423,18.952423,19.252422,18.952423,17.752422,16.452423,15.352423,14.352423,13.152423,11.752423,10.152423,8.452423,7.052423,5.652423,4.2524233,3.1524231,2.3524232,1.8524231,1.3524231,0.4524231,-0.7475769,-2.1475768,-3.447577,-4.447577,-5.2475767,-5.647577,-5.847577,-5.947577,-5.947577,-6.047577,-6.147577,-6.147577,-6.047577,-5.547577,-4.2475767,-2.047577,0.7524231,3.8524232,7.2524233,10.352423,12.352423,12.952423,11.752423,8.5524235,4.7524233,1.252423,-1.247577,-2.8475769,-2.747577,-1.9475769,-0.34757692,0.8524231,0.5524231,-0.6475769,-2.6475768,-5.147577,-7.647577,-9.847577
