wind-weather/data/weather/current/current-wind-isobaric-700hPa-gfs-1.0.json
{"header": {"discipline":0,"disciplineName":"Meteorologicalproducts","gribEdition":2,"gribLength":73620,"center":7,"centerName":"USNationalWeatherService-NCEP(WMC)","subcenter":0,"refTime":"2017-11-24T12:00:00.000Z","significanceOfRT":0,"significanceOfRTName":"Analysis","productStatus":0,"productStatusName":"Operationalproducts","productType":0,"productTypeName":"Analysisproducts","productDefinitionTemplate":0,"productDefinitionTemplateName":"Analysis/forecastathorizontallevel/layeratapointintime","parameterCategory":2,"parameterCategoryName":"Momentum","parameterNumber":3,"parameterNumberName":"V-component_of_wind","parameterUnit":"m.s-1","genProcessType":0,"genProcessTypeName":"Analysis","forecastTime":0,"surface1Type":100,"surface1TypeName":"Isobaricsurface","surface1Value":70000.0,"surface2Type":255,"surface2TypeName":"Missing","surface2Value":0.0,"gridDefinitionTemplate":0,"gridDefinitionTemplateName":"Latitude_Longitude","numberPoints":65160,"shape":6,"shapeName":"Earthsphericalwithradiusof6,371,229.0m","gridUnits":"degrees","resolution":48,"winds":"true","scanMode":0,"nx":360,"ny":181,"basicAngle":0,"lo1":0.0,"la1":90.0,"lo2":359.0,"la2":-90.0,"dx":1.0,"dy":1.0}, "data":
[rows 150 to 174 of 181, columns 232 to 289 of 360]
-1.4422754,-1.9622754,-1.9222754,-1.4222754,-0.6822754,-0.2622754,-0.2622754,-0.18227538,0.06772461,0.46772462,0.6777246,1.1077247,1.6977246,2.3977246,3.0177245,3.3977246,3.5877247,4.0977244,4.3477244,3.8077247,3.5177245,3.0777247,2.2277246,0.7977246,-0.5522754,-1.7222754,-2.8022754,-3.4722755,-3.7122755,-3.5422754,-3.0922754,-2.3822753,-1.8522754,-1.5022753,-1.2522753,-1.2122754,-0.9722754,0.04772461,1.4677246,2.8777246,4.2677245,5.6577244,6.927725,8.217725,9.707725,11.267725,12.477725,13.217725,13.857724,14.447724,14.837725,14.457725,14.277724,13.637725,12.0377245,10.587725,8.897724,7.1177244
-0.08227539,-0.2022754,-0.3022754,-0.31227538,-0.3022754,-0.21227539,0.027724609,0.3977246,0.8477246,1.3677247,1.7677246,2.0677247,2.5477247,3.0977247,3.6077247,3.6977246,2.7477245,2.0877247,2.5277245,3.6177247,3.4677246,2.5577247,2.1677246,1.5077246,0.10772461,-1.8622754,-3.6622753,-4.9822755,-6.2022753,-6.742275,-6.5022755,-5.742275,-4.8322754,-3.8122754,-2.8022754,-1.7922754,-0.5822754,1.0277246,2.8777246,4.8077245,6.4577246,7.8077245,8.987724,10.047725,11.267725,12.437725,13.137725,13.597725,14.047725,14.727725,15.327724,15.717725,15.7877245,15.137725,13.597725,11.477725,8.947724,5.3877244
1.0777246,1.0077246,0.8677246,0.63772464,0.4477246,0.37772462,0.4577246,0.6277246,0.9177246,1.2577246,1.5877246,1.9177246,2.1277246,2.3277247,2.7977247,3.3077247,2.8877246,1.3177246,0.1577246,1.1177247,1.9877247,0.9077246,-0.25227538,-1.6422753,-2.5622754,-3.9422753,-4.992275,-5.3622756,-5.5822754,-5.2022753,-4.552275,-3.7322755,-2.6822753,-1.3222754,0.3277246,1.9977247,3.5077245,4.6677246,5.5477247,6.447725,7.4177246,8.387725,9.497725,10.907724,12.137725,12.977725,13.397724,13.547725,14.047725,14.957725,15.697724,15.817724,15.147724,13.927725,12.397724,10.807725,8.587725,5.6577244
2.7777245,3.0877247,2.7477245,2.2477245,1.7377247,1.3577247,1.1077247,1.0077246,1.0977246,1.1677246,1.1277246,1.0577246,1.1577246,1.2477247,1.4777246,1.5577246,0.8777246,-0.5322754,1.1677246,-0.102275394,-1.7022754,-2.4822755,-2.3422754,-1.1822754,0.6077246,1.6577246,1.8877246,1.0877246,0.05772461,-0.5922754,-0.5822754,-0.11227539,0.6777246,1.7077246,2.8177247,3.7877245,4.5477247,5.2877245,5.9377246,6.6577244,7.8077245,9.157724,10.417725,11.357724,11.757725,11.807725,11.797725,12.227725,13.237724,14.107724,14.777724,14.727725,13.707725,12.337725,10.807725,9.177725,6.9577246,4.2477245
4.2277246,4.2777247,3.5677247,2.8277247,2.3677247,2.0477247,1.7877246,1.5677246,1.3077246,1.0277246,0.7577246,0.5277246,0.51772463,0.5577246,0.22772461,-0.3222754,-2.3522754,-4.9822755,-1.3522754,0.7377246,1.7577246,1.3277246,0.57772464,0.2677246,0.3977246,0.4177246,0.3577246,0.2577246,0.2977246,0.43772462,0.7777246,1.2377247,1.6377246,2.1177247,2.7777245,3.6277246,4.697725,5.9077244,7.0977244,8.057725,8.597725,8.827724,9.027724,9.457725,9.987724,10.147724,10.177725,10.7877245,11.837725,13.087725,13.397724,12.587725,11.857724,10.997725,9.517725,7.8877244,6.177725,4.5377245
3.3077247,3.1477246,2.8977246,2.7577245,2.6777246,2.5177245,2.3277247,2.1277246,1.8477246,1.4577246,1.0377246,0.63772464,0.2577246,-0.06227539,-0.24227539,-1.1122754,-2.6722753,-6.4122753,-5.3822756,-1.8022754,1.3577247,2.4077246,1.7877246,0.8477246,0.13772461,-0.09227539,-0.01227539,0.1577246,0.4277246,0.7177246,0.9077246,1.0877246,1.6477246,2.7177246,4.1077247,5.5177245,6.6577244,7.507725,7.8877244,7.8077245,7.4577246,7.3177247,7.4977245,8.057725,8.5377245,8.867724,9.277724,9.807725,10.457725,10.937725,11.027724,11.097725,11.387725,10.827724,8.657724,6.0677247,4.0577245,2.6177247
1.0677246,1.4477246,1.6677246,1.7977246,1.9877247,2.2477245,2.5177245,2.6177247,2.4677246,2.1477246,1.7577246,1.2577246,0.5477246,-0.28227538,-0.9522754,-1.7222754,-4.1822753,-6.5422754,-5.8722754,-5.5222754,-2.0522754,1.4977247,2.5277245,1.6077247,0.3277246,-0.4122754,-0.5122754,-0.40227538,-0.2722754,0.14772461,1.1077247,2.2577245,3.4277246,4.3577247,5.0877247,5.7977247,6.5177245,6.987725,7.0777245,6.9777246,6.8277245,6.947725,7.1177244,7.3477244,7.5277247,7.5777245,7.5377245,7.3577247,7.177725,7.0377245,7.177725,7.717725,8.177725,8.147724,7.177725,5.4177246,3.2777245,2.0177245
0.31772462,0.57772464,0.9677246,1.5277246,2.2077246,2.7577245,2.9577246,2.7377245,2.2877245,1.8877246,1.6577246,1.3477246,0.7577246,-0.08227539,-1.2422754,-2.4722755,-3.6022754,-5.6622753,-7.0022755,-5.6022754,-2.2722754,0.04772461,0.22772461,-0.4622754,-0.9722754,-1.1022754,-0.9422754,-0.4622754,0.27772462,1.3877246,2.7277246,3.6877246,4.2277246,4.4577246,4.7777247,5.2677245,5.7477245,5.987725,6.0577245,6.0877247,6.1477246,6.3077245,6.507725,6.8077245,7.0677247,7.1277246,7.0877247,6.7677245,6.5277247,6.4777246,6.487725,6.487725,6.1177244,5.6677246,5.0477247,4.4377246,3.5177245,2.2177246
0.70772463,0.9977246,1.3877246,1.8677247,2.4077246,2.8777246,3.0677247,2.9177246,2.3977246,1.5777246,0.70772463,-0.02227539,-0.47227538,-1.1122754,-1.6022754,-2.1422753,-2.7122755,-3.1422753,-3.3722754,-3.1822753,-2.8422754,-2.7222755,-3.1822753,-3.2622755,-2.6822753,-1.8222754,-0.79227537,-0.01227539,1.2477247,2.8577247,4.0277247,4.5977244,4.927725,5.0577245,5.0877247,5.237725,5.3377247,5.4177246,5.3477244,5.3177247,5.3977246,5.4577246,5.487725,5.5977244,5.7977247,5.9177246,5.9777246,5.9077244,5.7677245,5.6277246,5.7277246,5.9177246,5.8677244,5.8277245,5.717725,5.257725,4.8677244,4.487725
1.2777246,1.7477247,2.1977246,2.5677247,2.8277247,3.0677247,3.1977246,3.0177245,2.4877245,1.6477246,0.5677246,-0.6322754,-1.6622754,-2.3122754,-2.9022753,-3.3322754,-3.4722755,-3.3422754,-3.2922754,-3.5322754,-4.0822754,-4.5222754,-4.3622756,-3.5822754,-2.5522754,-1.6522754,-0.5022754,1.1277246,2.9077246,4.3677244,5.3177247,5.7977247,5.8877244,5.7477245,5.5677247,5.4177246,5.3377247,5.2877245,5.1477246,4.9777246,4.8377247,4.7877245,4.7977247,4.9577246,5.1877246,5.3777246,5.5177245,5.5377245,5.447725,5.3977246,5.257725,4.7677245,4.3977246,5.3477244,7.0777245,7.7477245,6.6877246,3.1777246
1.8477246,1.9777246,2.2477245,2.8277247,3.3077247,3.5477247,3.7977247,3.7677245,3.0777247,1.5077246,-0.4422754,-2.0522754,-3.1422753,-3.8622754,-4.2722754,-4.4122753,-4.4522753,-4.5422754,-4.6822753,-4.7122755,-4.532275,-4.2122755,-3.7722754,-2.8922753,-1.6122754,-0.11227539,1.4477246,3.0977247,4.4777246,5.3577247,5.7277246,5.7677245,5.697725,5.507725,5.257725,5.0877247,5.0177245,5.0177245,4.947725,4.7477245,4.5277247,4.487725,4.6177244,4.8177247,5.0477247,5.237725,5.4077244,5.5277247,5.6077247,5.447725,4.507725,3.3477247,3.8077247,5.717725,6.7477245,5.7877245,4.1177244,3.0877247
0.5377246,0.5977246,0.6577246,1.0077246,2.2877245,3.9077246,4.2777247,2.9277246,1.2777246,-0.1422754,-1.7822754,-3.2822754,-4.3122754,-4.8722754,-5.1122756,-5.0822754,-4.7722754,-4.3422756,-3.8022754,-3.1722753,-2.4422753,-1.6122754,-0.7722754,0.14772461,1.1777246,2.3177247,3.3277247,4.0477247,4.4077244,4.6277246,4.7277246,4.7777247,4.8377247,4.967725,4.947725,4.7077246,4.5177245,4.5177245,4.447725,4.2277246,4.1077247,4.0977244,4.0277247,4.0577245,4.3377247,4.6377244,4.9577246,5.2677245,5.0877247,4.217725,3.1677246,3.0877247,3.6177247,3.8177247,3.0777247,3.0777247,3.4477246,3.7677245
-2.3222754,-2.6322753,-2.4622755,-0.9022754,0.8577246,1.5477246,1.4677246,0.8377246,-0.12227539,-1.2222754,-2.2322755,-2.9422753,-3.3122754,-3.3422754,-3.0622754,-2.5022755,-1.6722754,-0.6822754,0.20772462,0.8377246,1.2277246,1.5777246,2.0377245,2.6077247,2.9477246,3.0877247,3.0277245,3.3077247,3.8377247,4.1177244,4.3077245,4.7677245,4.9777246,4.9777246,4.8977246,4.677725,4.197725,3.5577247,3.0477247,2.6177247,2.2377245,2.1877246,2.6277246,3.3377247,3.9677246,4.3777246,4.447725,4.177725,3.7477245,3.3377247,2.9777246,2.6477246,2.4077246,2.2677245,2.3477247,2.9377246,3.6977246,4.0677247
-4.052275,-3.7822754,-3.2522755,-2.4922755,-1.4422754,-0.5622754,-0.08227539,-0.18227538,-0.5722754,-0.9422754,-1.1522754,-1.1022754,-0.7422754,-0.07227539,0.76772463,1.5677246,2.0877247,2.3177247,2.3477247,2.3377247,2.3277247,2.2977247,2.1677246,2.0077245,2.0277245,1.9177246,2.3177247,2.6777246,3.0577247,3.3277247,3.6477246,3.9277246,4.2477245,4.3677244,4.0777245,3.3877246,2.4677246,1.8277246,1.4777246,1.3877246,1.4677246,1.8077246,2.0577247,2.1477246,2.2977247,2.8377247,3.4377246,3.9577246,4.0877247,3.7877245,3.2077246,2.8277247,2.5877247,2.6977246,2.9077246,2.9477246,2.8177247,2.6877246
-4.7022753,-2.7822754,-1.5922754,-1.4022754,-1.9522754,-1.9322754,-0.8222754,0.2577246,0.51772463,1.2677246,1.4777246,1.6677246,1.7177246,1.8577247,1.9277246,2.0577247,2.1577246,2.2177246,2.2877245,2.3377247,2.3977246,2.4877245,2.5777247,2.5777247,2.4877245,2.3077247,2.0877247,1.7977246,1.6677246,1.3877246,1.2977246,1.6877246,2.2477245,2.3677247,1.8677247,1.2377247,0.8777246,0.9277246,0.9277246,0.9077246,1.1077247,1.1177247,1.1977246,1.7777246,2.5877247,3.1277246,3.3677247,4.0477247,4.0777245,4.1277246,4.0977244,3.6877246,2.9077246,2.9577246,4.2877245,5.2977247,4.5977244,4.1877246
-1.6222754,-1.2822754,-0.9522754,-0.7122754,-0.43227538,-0.19227539,0.1877246,0.6277246,0.9977246,1.2177246,1.1577246,1.0077246,1.4277246,2.4477246,3.2577245,3.7477245,3.5677247,3.2777245,2.9177246,2.7777245,2.7677245,2.6077247,2.1977246,1.6377246,1.0777246,0.3977246,-0.3322754,-0.7822754,-0.6522754,-0.31227538,0.077724606,0.3677246,0.17772461,-0.24227539,-0.5822754,-0.5722754,-0.25227538,0.14772461,0.03772461,-0.21227539,0.19772461,1.0377246,1.6177247,1.9377246,1.9677246,2.0777247,2.5677247,3.3577247,4.2777247,4.7777247,5.3877244,6.197725,6.4777246,6.5177245,6.5777245,6.7877245,6.737725,7.2077246
-1.7822754,-1.0422754,-0.2722754,0.24772461,1.3077246,1.7877246,2.3277247,2.5177245,2.6077247,3.1777246,4.1377244,4.757725,4.9377246,4.467725,3.5977247,2.4577246,2.4177246,2.9977245,2.7277246,1.7877246,0.7777246,0.3977246,0.3077246,0.017724609,-0.3522754,-0.6322754,-0.8722754,-1.0122753,-1.1022754,-1.2022754,-1.2722754,-1.3922753,-1.2422754,-1.0522754,-0.6922754,-0.21227539,-0.1422754,-0.3222754,-0.37227538,-0.08227539,0.20772462,0.3877246,0.5877246,0.9377246,1.4177246,2.0577247,2.7977247,3.4377246,4.217725,4.9777246,5.4377246,5.8277245,6.467725,7.4177246,8.557725,9.487724,9.707725,9.797725
0.6477246,0.95772463,0.6277246,2.0077245,2.6077247,3.1777246,3.5477247,3.7677245,4.1577244,4.6877246,5.007725,4.5277247,3.9377246,3.2377245,2.8577247,2.7077246,2.5177245,2.1177247,1.4577246,0.6177246,-0.22227539,-0.8722754,-1.4322754,-1.5722754,-1.3722754,-1.0322754,-0.8322754,-0.9722754,-1.3422754,-1.6622754,-1.8122754,-1.7822754,-1.7222754,-1.7122754,-1.7022754,-1.6822754,-1.6322753,-1.4922754,-1.1622754,-0.6322754,-0.11227539,0.46772462,1.1577246,1.8877246,2.5077245,3.1577246,3.8977246,4.9177246,5.3977246,5.967725,7.677725,9.707725,10.957725,11.2877245,11.417725,11.117724,10.157724,8.817724
1.2377247,1.5477246,1.8377246,2.1577246,2.4277246,2.5977247,2.6277246,2.6877246,2.8977246,2.9477246,2.3877246,1.4777246,0.8177246,0.6177246,0.6977246,0.7877246,0.63772464,0.2977246,-0.18227538,-0.8222754,-1.4022754,-1.8322754,-2.0622754,-2.1322753,-2.0622754,-1.9522754,-1.7622753,-1.5322754,-1.2822754,-0.9722754,-0.6622754,-0.4822754,-0.3922754,-0.34227538,-0.3822754,-0.6422754,-0.9722754,-1.0822754,-1.0222754,-0.5122754,0.08772461,0.6277246,1.3777246,2.1877246,3.8877246,6.0377245,6.0977244,5.8177247,7.2677245,8.397724,8.667725,8.687725,9.197724,9.987724,9.567724,8.957725,8.347725,7.3077245
1.0377246,1.3077246,1.5877246,1.7277246,1.6377246,1.4677246,1.4577246,1.6377246,1.5877246,1.0077246,-0.0022753906,-1.0022753,-1.5722754,-1.7922754,-1.8622754,-2.0722754,-2.3522754,-2.4822755,-2.4522753,-2.3122754,-2.1222754,-1.6222754,-1.0222754,-0.25227538,0.43772462,0.7977246,0.88772464,0.8477246,0.8377246,0.8777246,0.9077246,0.9277246,0.8077246,0.3877246,-0.2722754,-0.9622754,-1.4322754,-1.3022754,-0.24227539,0.6977246,1.4977247,1.8677247,1.7777246,1.8377246,2.5977247,4.257725,5.1677246,5.4077244,6.1677246,7.2077246,8.077724,8.547725,8.677725,8.637725,8.5377245,8.277724,7.5577245,6.4977245
2.2077246,2.2477245,1.9977247,1.6577246,1.4177246,1.3077246,1.1977246,0.88772464,0.1577246,-0.8422754,-1.7422754,-2.0522754,-2.0222754,-2.0122755,-2.3722754,-3.0022755,-3.5822754,-3.8722754,-3.7222755,-3.2622755,-2.5822754,-1.5922754,-0.79227537,-0.3522754,-0.3022754,-0.3522754,-0.4922754,-0.6322754,-0.8422754,-1.0722754,-1.1222754,-0.9422754,-0.31227538,0.7177246,1.8877246,2.7577245,3.2677245,3.5977247,3.6777246,3.4377246,3.4077246,3.4277246,3.6377246,3.5777247,4.1677246,5.177725,5.4577246,5.1877246,5.1577244,5.4077244,6.0277247,6.1577244,6.1877246,6.217725,6.007725,5.8477244,5.967725,6.0477247
2.3077247,2.4577246,2.3677247,2.3977246,2.3877246,2.0077245,1.3877246,0.3577246,-0.9622754,-2.3822753,-3.4422753,-3.8422754,-3.5322754,-2.7922754,-2.1922753,-2.0222754,-2.3722754,-2.9422753,-3.4322753,-3.6522753,-3.4922755,-3.1622753,-2.9422753,-2.8222754,-2.8922753,-2.9722755,-2.8222754,-2.2022753,-1.0322754,0.1877246,1.0877246,1.7077246,2.0977247,2.4977245,2.8277247,2.9877245,3.0777247,3.1577246,3.2177246,3.1577246,3.2277246,3.4177246,3.0277245,2.6377246,2.8377247,3.0677247,3.2977247,3.5277245,3.8277247,4.3477244,4.7677245,4.9977245,4.9577246,4.8477244,4.5277247,4.1177244,3.7977247,3.6377246
1.6277246,1.6977246,1.6277246,1.3077246,0.7477246,-0.07227539,-1.1922754,-2.4422753,-3.6522753,-4.6122756,-5.2322755,-5.4422755,-5.2222753,-4.6522756,-3.9822755,-3.3422754,-2.9722755,-2.8322754,-3.0822754,-3.7222755,-4.6322756,-5.512275,-5.9522753,-5.7322755,-4.8922753,-3.7522755,-2.6422753,-1.7122754,-0.8222754,-0.03227539,0.6977246,1.1977246,1.6177247,2.0077245,2.4277246,2.7377245,2.9277246,3.0977247,3.0777247,2.9977245,2.9677246,2.7677245,2.5777247,2.4477246,2.2977247,2.0177245,2.0477247,2.2977247,2.4977245,2.5877247,2.6877246,2.8577247,3.0177245,3.1377246,3.2477245,3.2977247,3.2477245,3.1677246
0.9677246,0.2977246,-0.5622754,-1.5522754,-2.4922755,-3.3422754,-3.9522753,-4.4222755,-4.6822753,-4.8622756,-4.8822756,-4.7522755,-4.6522756,-4.6322756,-4.802275,-5.1422753,-5.5822754,-5.822275,-5.7522755,-5.5822754,-5.4722753,-5.532275,-5.552275,-5.1322756,-4.4322753,-3.6222754,-2.7322755,-1.7322754,-0.8222754,0.04772461,0.7777246,1.3777246,1.8677247,2.3077247,2.7277246,2.9777246,3.1777246,3.1777246,3.1477246,3.1577246,2.8677247,2.5077245,2.3877246,2.3977246,2.2577245,2.1477246,2.0177245,1.9477246,1.9077246,1.9177246,1.8977246,1.9577246,2.0877247,2.1077247,2.0477247,1.9977247,1.8077246,1.5577246
-2.7422755,-3.1622753,-3.4722755,-3.6422753,-3.6922753,-3.6822753,-3.7122755,-3.8322754,-4.1922755,-4.7922754,-5.4422755,-6.1022754,-6.6422753,-6.9622755,-6.992275,-6.762275,-6.492275,-6.262275,-6.072275,-5.8522754,-5.4722753,-4.8622756,-4.0922756,-3.3222754,-2.6922753,-2.1822753,-1.8322754,-1.5522754,-1.3822753,-1.2022754,-0.9722754,-0.7222754,-0.3322754,0.03772461,0.2577246,0.3977246,0.6877246,1.2577246,1.1877246,1.0177246,1.2377247,1.3077246,1.3277246,1.4477246,1.4677246,1.4477246,1.5077246,1.6477246,1.8077246,1.9477246,1.9977247,1.9777246,1.8677247,1.7877246,1.6877246,1.5777246,1.4977247,1.3377246
