wind-weather/data/weather/current/current-temp-isobaric-10hPa-gfs-1.0.json
{"header": {"discipline":0,"disciplineName":"Meteorologicalproducts","gribEdition":2,"gribLength":19481,"center":7,"centerName":"USNationalWeatherService-NCEP(WMC)","subcenter":0,"refTime":"2017-11-24T12:00:00.000Z","significanceOfRT":0,"significanceOfRTName":"Analysis","productStatus":0,"productStatusName":"Operationalproducts","productType":0,"productTypeName":"Analysisproducts","productDefinitionTemplate":0,"productDefinitionTemplateName":"Analysis/forecastathorizontallevel/layeratapointintime","parameterCategory":0,"parameterCategoryName":"Temperature","parameterNumber":0,"parameterNumberName":"Temperature","parameterUnit":"K","genProcessType":0,"genProcessTypeName":"Analysis","forecastTime":0,"surface1Type":100,"surface1TypeName":"Isobaricsurface","surface1Value":1000.0,"surface2Type":255,"surface2TypeName":"Missing","surface2Value":0.0,"gridDefinitionTemplate":0,"gridDefinitionTemplateName":"Latitude_Longitude","numberPoints":65160,"shape":6,"shapeName":"Earthsphericalwithradiusof6,371,229.0m","gridUnits":"degrees","resolution":48,"winds":"true","scanMode":0,"nx":360,"ny":181,"basicAngle":0,"lo1":0.0,"la1":90.0,"lo2":359.0,"la2":-90.0,"dx":1.0,"dy":1.0}, "data":
[rows 0 to 33 of 181, columns 154 to 230 of 360]
198.19998,198.19998,198.19998,198.19998,198.19998,198.19998,198.19998,198.19998,198.19998,198.19998,198.19998,198.19998,198.19998,198.19998,198.19998,198.19998,198.19998,198.19998,198.19998,198.19998,198.19998,198.19998,198.19998,198.19998,198.19998,198.19998,198.19998,198.19998,198.19998,198.19998,198.19998,198.19998,198.19998,198.19998,198.19998,198.19998,198.19998,198.19998,198.19998,198.19998,198.19998,198.19998,198.19998,198.19998,198.19998,198.19998,198.19998,198.19998,198.19998,198.19998,198.19998,198.19998,198.19998,198.19998,198.19998,198.19998,198.19998,198.19998,198.19998,198.19998,198.19998,198.19998,198.19998,198.19998,198.19998,198.19998,198.19998,198.19998,198.19998,198.19998,198.19998,198.19998,198.19998,198.19998,198.19998,198.19998,198.19998
199.29999,199.29999,199.29999,199.29999,199.29999,199.29999,199.29999,199.29999,199.29999,199.29999,199.29999,199.29999,199.29999,199.29999,199.29999,199.29999,199.29999,199.29999,199.29999,199.19998,199.19998,199.19998,199.19998,199.19998,199.19998,199.19998,199.19998,199.19998,199.19998,199.19998,199.09999,199.09999,199.09999,199.09999,199.09999,199.09999,199.09999,199.09999,199.09999,198.99998,198.99998,198.99998,198.99998,198.99998,198.99998,198.99998,198.9,198.9,198.9,198.9,198.9,198.9,198.9,198.79999,198.79999,198.79999,198.79999,198.79999,198.79999,198.69998,198.69998,198.69998,198.69998,198.69998,198.69998,198.59999,198.59999,198.59999,198.59999,198.59999,198.59999,198.49998,198.49998,198.49998,198.49998,198.49998,198.4
200.4,200.4,200.4,200.4,200.4,200.4,200.4,200.4,200.4,200.4,200.4,200.29999,200.29999,200.29999,200.29999,200.29999,200.29999,200.29999,200.29999,200.19998,200.19998,200.19998,200.19998,200.19998,200.19998,200.09999,200.09999,200.09999,200.09999,200.09999,199.99998,199.99998,199.99998,199.99998,199.9,199.9,199.9,199.9,199.79999,199.79999,199.79999,199.79999,199.69998,199.69998,199.69998,199.69998,199.59999,199.59999,199.59999,199.59999,199.49998,199.49998,199.49998,199.4,199.4,199.4,199.29999,199.29999,199.29999,199.29999,199.19998,199.19998,199.19998,199.09999,199.09999,199.09999,198.99998,198.99998,198.99998,198.9,198.9,198.9,198.79999,198.79999,198.79999,198.69998,198.69998
201.49998,201.49998,201.49998,201.49998,201.49998,201.49998,201.49998,201.49998,201.49998,201.49998,201.4,201.4,201.4,201.4,201.4,201.4,201.29999,201.29999,201.29999,201.29999,201.19998,201.19998,201.19998,201.19998,201.09999,201.09999,201.09999,201.09999,200.99998,200.99998,200.99998,200.9,200.9,200.9,200.79999,200.79999,200.79999,200.69998,200.69998,200.69998,200.59999,200.59999,200.49998,200.49998,200.49998,200.4,200.4,200.4,200.29999,200.29999,200.19998,200.19998,200.09999,200.09999,199.99998,199.99998,199.99998,199.9,199.9,199.79999,199.79999,199.69998,199.69998,199.59999,199.59999,199.49998,199.49998,199.4,199.4,199.29999,199.29999,199.19998,199.19998,199.09999,199.09999,198.99998,198.99998
202.59999,202.49998,202.49998,202.49998,202.49998,202.49998,202.49998,202.4,202.4,202.4,202.4,202.4,202.29999,202.29999,202.29999,202.29999,202.19998,202.19998,202.19998,202.09999,202.09999,202.09999,201.99998,201.99998,201.99998,201.9,201.9,201.9,201.79999,201.79999,201.69998,201.69998,201.69998,201.59999,201.59999,201.49998,201.49998,201.4,201.4,201.4,201.29999,201.29999,201.19998,201.19998,201.09999,201.09999,200.99998,200.99998,200.9,200.9,200.79999,200.79999,200.69998,200.59999,200.59999,200.49998,200.49998,200.4,200.4,200.29999,200.19998,200.19998,200.09999,200.09999,199.99998,199.9,199.9,199.79999,199.79999,199.69998,199.59999,199.59999,199.49998,199.4,199.4,199.29999,199.29999
203.59999,203.49998,203.49998,203.49998,203.49998,203.49998,203.4,203.4,203.4,203.29999,203.29999,203.29999,203.29999,203.19998,203.19998,203.19998,203.09999,203.09999,202.99998,202.99998,202.99998,202.9,202.9,202.79999,202.79999,202.69998,202.69998,202.59999,202.59999,202.49998,202.49998,202.4,202.4,202.29999,202.29999,202.19998,202.19998,202.09999,202.09999,201.99998,201.9,201.9,201.79999,201.79999,201.69998,201.69998,201.59999,201.49998,201.49998,201.4,201.4,201.29999,201.19998,201.19998,201.09999,200.99998,200.99998,200.9,200.9,200.79999,200.69998,200.59999,200.59999,200.49998,200.4,200.4,200.29999,200.19998,200.19998,200.09999,199.99998,199.9,199.9,199.79999,199.69998,199.59999,199.59999
204.4,204.4,204.29999,204.29999,204.29999,204.29999,204.19998,204.19998,204.09999,204.09999,204.09999,203.99998,203.99998,203.9,203.9,203.79999,203.79999,203.79999,203.69998,203.69998,203.59999,203.59999,203.49998,203.49998,203.4,203.4,203.29999,203.19998,203.19998,203.09999,203.09999,202.99998,202.9,202.9,202.79999,202.79999,202.69998,202.59999,202.59999,202.49998,202.49998,202.4,202.29999,202.29999,202.19998,202.09999,202.09999,201.99998,201.9,201.9,201.79999,201.69998,201.69998,201.59999,201.49998,201.4,201.4,201.29999,201.19998,201.19998,201.09999,200.99998,200.9,200.9,200.79999,200.69998,200.59999,200.59999,200.49998,200.4,200.29999,200.19998,200.19998,200.09999,199.99998,199.9,199.79999
205.2,205.2,205.2,205.1,205.1,205.0,205.0,204.9,204.9,204.79999,204.79999,204.69998,204.69998,204.59999,204.59999,204.49998,204.49998,204.4,204.29999,204.29999,204.19998,204.19998,204.09999,203.99998,203.99998,203.9,203.9,203.79999,203.69998,203.69998,203.59999,203.49998,203.49998,203.4,203.29999,203.29999,203.19998,203.09999,203.09999,202.99998,202.9,202.79999,202.79999,202.69998,202.59999,202.59999,202.49998,202.4,202.29999,202.29999,202.19998,202.09999,201.99998,201.99998,201.9,201.79999,201.69998,201.69998,201.59999,201.49998,201.4,201.29999,201.29999,201.19998,201.09999,200.99998,200.9,200.9,200.79999,200.69998,200.59999,200.49998,200.4,200.4,200.29999,200.19998,200.09999
206.0,205.9,205.8,205.8,205.7,205.7,205.6,205.6,205.5,205.4,205.4,205.3,205.2,205.2,205.1,205.0,205.0,204.9,204.9,204.79999,204.69998,204.69998,204.59999,204.49998,204.49998,204.4,204.29999,204.19998,204.19998,204.09999,203.99998,203.9,203.9,203.79999,203.69998,203.59999,203.59999,203.49998,203.4,203.29999,203.29999,203.19998,203.09999,202.99998,202.99998,202.9,202.79999,202.69998,202.59999,202.59999,202.49998,202.4,202.29999,202.29999,202.19998,202.09999,201.99998,201.9,201.9,201.79999,201.69998,201.59999,201.49998,201.49998,201.4,201.29999,201.19998,201.09999,200.99998,200.99998,200.9,200.79999,200.69998,200.59999,200.49998,200.4,200.29999
206.5,206.5,206.4,206.3,206.3,206.2,206.1,206.1,206.0,205.9,205.9,205.8,205.7,205.6,205.6,205.5,205.4,205.3,205.3,205.2,205.1,205.0,205.0,204.9,204.79999,204.69998,204.59999,204.59999,204.49998,204.4,204.29999,204.19998,204.19998,204.09999,203.99998,203.9,203.79999,203.79999,203.69998,203.59999,203.49998,203.4,203.4,203.29999,203.19998,203.09999,202.99998,202.9,202.9,202.79999,202.69998,202.59999,202.49998,202.49998,202.4,202.29999,202.19998,202.19998,202.09999,201.99998,201.9,201.79999,201.69998,201.59999,201.59999,201.49998,201.4,201.29999,201.19998,201.09999,200.99998,200.99998,200.9,200.79999,200.69998,200.59999,200.49998
207.1,207.1,207.0,206.9,206.8,206.8,206.7,206.6,206.5,206.4,206.4,206.3,206.2,206.1,206.0,206.0,205.9,205.8,205.7,205.6,205.5,205.5,205.4,205.3,205.2,205.1,205.0,204.9,204.79999,204.69998,204.69998,204.59999,204.49998,204.4,204.29999,204.19998,204.09999,203.99998,203.9,203.79999,203.69998,203.69998,203.59999,203.49998,203.4,203.29999,203.19998,203.09999,202.99998,202.99998,202.9,202.79999,202.69998,202.59999,202.49998,202.49998,202.4,202.29999,202.19998,202.09999,202.09999,201.99998,201.9,201.79999,201.69998,201.59999,201.49998,201.49998,201.4,201.29999,201.19998,201.09999,200.99998,200.9,200.79999,200.69998,200.69998
207.7,207.6,207.5,207.5,207.4,207.3,207.2,207.1,207.1,207.0,206.9,206.8,206.7,206.7,206.6,206.5,206.4,206.3,206.2,206.1,206.0,205.9,205.8,205.7,205.6,205.5,205.4,205.3,205.2,205.1,205.0,204.9,204.79999,204.69998,204.59999,204.49998,204.4,204.29999,204.19998,204.09999,203.99998,203.9,203.79999,203.69998,203.59999,203.49998,203.4,203.29999,203.19998,203.09999,202.99998,202.9,202.79999,202.79999,202.69998,202.59999,202.49998,202.4,202.29999,202.19998,202.19998,202.09999,201.99998,201.9,201.79999,201.69998,201.69998,201.59999,201.49998,201.4,201.29999,201.19998,201.09999,200.99998,200.9,200.79999,200.69998
208.5,208.4,208.3,208.3,208.2,208.1,208.0,208.0,207.9,207.8,207.7,207.6,207.5,207.5,207.4,207.3,207.2,207.1,207.0,206.9,206.8,206.7,206.6,206.4,206.3,206.2,206.1,206.0,205.9,205.8,205.6,205.5,205.4,205.3,205.1,205.0,204.9,204.79999,204.59999,204.49998,204.4,204.29999,204.09999,203.99998,203.9,203.79999,203.69998,203.59999,203.4,203.29999,203.19998,203.09999,202.99998,202.9,202.79999,202.69998,202.59999,202.49998,202.4,202.29999,202.19998,202.19998,202.09999,201.99998,201.9,201.79999,201.69998,201.59999,201.49998,201.4,201.4,201.29999,201.19998,201.09999,200.99998,200.9,200.79999
209.3,209.3,209.2,209.2,209.1,209.0,209.0,208.9,208.8,208.7,208.6,208.5,208.5,208.4,208.3,208.2,208.1,208.0,207.9,207.7,207.6,207.5,207.4,207.3,207.2,207.1,206.9,206.8,206.7,206.5,206.4,206.3,206.1,206.0,205.8,205.7,205.5,205.4,205.2,205.1,204.9,204.79999,204.69998,204.49998,204.4,204.19998,204.09999,203.9,203.79999,203.69998,203.49998,203.4,203.29999,203.09999,202.99998,202.9,202.79999,202.69998,202.49998,202.4,202.29999,202.19998,202.09999,201.99998,201.9,201.79999,201.69998,201.59999,201.59999,201.49998,201.4,201.29999,201.19998,201.09999,200.99998,200.9,200.79999
210.3,210.3,210.2,210.1,210.1,210.0,209.9,209.8,209.8,209.7,209.6,209.5,209.4,209.3,209.2,209.1,209.0,208.9,208.8,208.7,208.5,208.4,208.3,208.2,208.1,207.9,207.8,207.7,207.5,207.4,207.3,207.1,207.0,206.8,206.7,206.5,206.4,206.2,206.0,205.9,205.7,205.6,205.4,205.2,205.1,204.9,204.69998,204.59999,204.4,204.19998,203.99998,203.9,203.69998,203.49998,203.4,203.19998,203.09999,202.9,202.79999,202.59999,202.49998,202.29999,202.19998,202.09999,201.99998,201.9,201.79999,201.69998,201.59999,201.49998,201.4,201.29999,201.19998,201.09999,200.99998,200.9,200.79999
211.2,211.1,211.0,210.9,210.9,210.8,210.7,210.6,210.5,210.4,210.3,210.2,210.1,210.0,209.9,209.8,209.7,209.6,209.5,209.4,209.3,209.1,209.0,208.9,208.7,208.6,208.5,208.3,208.2,208.1,207.9,207.8,207.6,207.5,207.3,207.2,207.1,206.9,206.8,206.6,206.4,206.3,206.1,205.9,205.8,205.6,205.4,205.2,205.0,204.79999,204.59999,204.49998,204.29999,204.09999,203.9,203.69998,203.49998,203.29999,203.09999,202.99998,202.79999,202.59999,202.49998,202.29999,202.09999,201.99998,201.9,201.69998,201.59999,201.49998,201.4,201.29999,201.19998,201.09999,200.99998,200.9,200.79999
212.1,212.0,211.9,211.8,211.8,211.7,211.6,211.5,211.4,211.3,211.2,211.1,211.0,210.9,210.8,210.6,210.5,210.4,210.3,210.2,210.0,209.9,209.8,209.6,209.5,209.3,209.2,209.0,208.9,208.8,208.6,208.5,208.3,208.2,208.1,207.9,207.8,207.6,207.4,207.3,207.1,207.0,206.8,206.6,206.4,206.3,206.1,205.9,205.7,205.5,205.3,205.1,204.9,204.69998,204.49998,204.29999,204.09999,203.9,203.69998,203.49998,203.29999,203.09999,202.9,202.69998,202.49998,202.29999,202.19998,201.99998,201.79999,201.69998,201.49998,201.4,201.19998,201.09999,200.99998,200.9,200.79999
212.9,212.8,212.7,212.6,212.5,212.4,212.3,212.2,212.1,212.0,211.9,211.7,211.6,211.5,211.4,211.3,211.2,211.0,210.9,210.8,210.6,210.5,210.4,210.3,210.1,210.0,209.8,209.7,209.5,209.4,209.3,209.1,209.0,208.8,208.7,208.5,208.4,208.2,208.0,207.9,207.7,207.5,207.3,207.1,207.0,206.8,206.6,206.4,206.2,206.0,205.8,205.6,205.4,205.3,205.1,204.9,204.69998,204.49998,204.29999,204.09999,203.79999,203.59999,203.4,203.19998,202.99998,202.79999,202.59999,202.4,202.19998,201.99998,201.79999,201.59999,201.4,201.29999,201.09999,200.99998,200.9
213.7,213.6,213.5,213.4,213.3,213.2,213.0,212.9,212.8,212.7,212.5,212.4,212.3,212.2,212.0,211.9,211.7,211.6,211.5,211.4,211.2,211.1,211.0,210.9,210.7,210.6,210.4,210.3,210.1,210.0,209.8,209.7,209.5,209.4,209.2,209.0,208.9,208.7,208.6,208.4,208.2,208.0,207.8,207.7,207.5,207.3,207.1,206.9,206.7,206.5,206.3,206.1,205.9,205.8,205.6,205.4,205.2,205.0,204.79999,204.59999,204.4,204.19998,203.99998,203.79999,203.59999,203.4,203.19998,202.9,202.69998,202.49998,202.19998,201.99998,201.79999,201.59999,201.4,201.19998,201.09999
214.4,214.3,214.2,214.1,213.9,213.8,213.7,213.6,213.4,213.3,213.1,213.0,212.8,212.7,212.5,212.4,212.3,212.1,212.0,211.9,211.8,211.7,211.6,211.4,211.3,211.1,211.0,210.8,210.6,210.5,210.3,210.1,209.9,209.8,209.6,209.4,209.2,209.1,208.9,208.7,208.5,208.3,208.1,207.9,207.8,207.6,207.4,207.2,207.1,206.9,206.7,206.5,206.4,206.2,206.0,205.8,205.6,205.5,205.3,205.1,204.9,204.69998,204.49998,204.29999,204.09999,203.9,203.69998,203.49998,203.19998,202.99998,202.79999,202.49998,202.29999,201.99998,201.79999,201.59999,201.4
215.1,215.0,214.8,214.7,214.6,214.5,214.3,214.2,214.0,213.8,213.7,213.5,213.3,213.2,213.0,212.9,212.8,212.7,212.6,212.5,212.3,212.2,212.1,211.9,211.8,211.6,211.4,211.2,211.1,210.9,210.7,210.5,210.3,210.1,209.9,209.7,209.6,209.4,209.2,209.0,208.8,208.6,208.4,208.2,208.0,207.9,207.7,207.6,207.4,207.2,207.1,206.9,206.8,206.6,206.4,206.3,206.1,205.9,205.7,205.5,205.3,205.1,204.9,204.69998,204.59999,204.29999,204.19998,203.9,203.69998,203.49998,203.29999,202.99998,202.79999,202.59999,202.29999,202.09999,201.79999
215.7,215.6,215.5,215.3,215.2,215.1,214.9,214.7,214.5,214.4,214.1,214.0,213.9,213.7,213.6,213.5,213.4,213.3,213.2,213.0,212.9,212.7,212.6,212.4,212.3,212.1,211.9,211.7,211.4,211.2,211.0,210.8,210.6,210.4,210.2,210.1,209.9,209.7,209.5,209.3,209.1,208.9,208.7,208.6,208.4,208.3,208.1,208.0,207.8,207.7,207.5,207.4,207.2,207.0,206.9,206.7,206.5,206.3,206.1,205.9,205.7,205.5,205.4,205.2,205.0,204.79999,204.59999,204.4,204.09999,203.9,203.69998,203.49998,203.19998,202.99998,202.79999,202.49998,202.29999
216.2,216.1,215.9,215.8,215.7,215.5,215.4,215.2,215.0,214.8,214.6,214.5,214.3,214.2,214.1,214.0,213.9,213.8,213.6,213.5,213.3,213.2,213.0,212.8,212.6,212.5,212.3,212.1,211.9,211.6,211.4,211.2,211.1,210.9,210.7,210.5,210.3,210.1,209.9,209.7,209.5,209.3,209.1,208.9,208.8,208.6,208.5,208.4,208.2,208.1,208.0,207.8,207.7,207.5,207.3,207.1,206.9,206.7,206.5,206.2,206.1,205.9,205.7,205.5,205.3,205.1,204.9,204.69998,204.49998,204.29999,203.99998,203.79999,203.49998,203.29999,203.09999,202.9,202.69998
216.8,216.6,216.5,216.4,216.3,216.2,216.0,215.9,215.7,215.5,215.3,215.2,215.1,215.0,214.8,214.7,214.5,214.3,214.2,214.0,213.8,213.6,213.5,213.3,213.1,212.9,212.7,212.5,212.3,212.1,211.9,211.7,211.5,211.4,211.2,211.0,210.8,210.6,210.4,210.2,210.0,209.8,209.6,209.5,209.3,209.1,209.0,208.8,208.7,208.5,208.4,208.2,208.1,207.9,207.7,207.5,207.3,207.1,206.9,206.7,206.5,206.3,206.1,205.9,205.7,205.5,205.3,205.1,204.79999,204.59999,204.4,204.19998,203.9,203.69998,203.49998,203.29999,203.09999
217.4,217.2,217.0,216.8,216.7,216.5,216.4,216.3,216.1,216.0,215.8,215.7,215.6,215.5,215.3,215.1,214.9,214.7,214.6,214.4,214.2,214.1,213.9,213.7,213.5,213.3,213.1,212.9,212.8,212.6,212.4,212.2,212.1,211.9,211.7,211.5,211.4,211.2,211.0,210.8,210.6,210.4,210.2,210.0,209.8,209.7,209.5,209.3,209.1,209.0,208.8,208.6,208.5,208.3,208.1,207.9,207.7,207.5,207.4,207.2,207.0,206.8,206.6,206.4,206.2,206.0,205.7,205.5,205.3,205.0,204.79999,204.59999,204.29999,204.09999,203.79999,203.59999,203.4
217.6,217.4,217.2,217.0,216.8,216.7,216.7,216.6,216.4,216.3,216.1,216.0,215.9,215.7,215.5,215.3,215.2,215.0,214.9,214.8,214.6,214.4,214.2,214.0,213.8,213.6,213.5,213.3,213.2,213.0,212.9,212.7,212.6,212.4,212.3,212.1,211.9,211.7,211.5,211.4,211.1,211.0,210.8,210.6,210.4,210.2,210.0,209.9,209.7,209.4,209.3,209.1,208.9,208.7,208.5,208.3,208.2,208.0,207.8,207.7,207.5,207.3,207.2,207.0,206.8,206.6,206.3,206.1,205.8,205.6,205.3,205.1,204.79999,204.59999,204.29999,204.09999,203.79999
217.8,217.5,217.3,217.1,217.0,216.9,216.9,216.8,216.7,216.5,216.4,216.2,216.0,215.8,215.6,215.4,215.3,215.2,215.1,215.0,214.7,214.5,214.3,214.1,213.9,213.8,213.6,213.5,213.4,213.3,213.2,213.1,213.0,212.8,212.7,212.5,212.4,212.2,212.0,211.8,211.6,211.4,211.2,211.0,210.8,210.6,210.4,210.2,210.0,209.8,209.6,209.4,209.3,209.1,208.9,208.8,208.6,208.5,208.3,208.1,208.0,207.8,207.7,207.5,207.3,207.0,206.8,206.6,206.4,206.1,205.8,205.5,205.3,205.0,204.69998,204.4,204.09999
217.9,217.7,217.6,217.5,217.5,217.5,217.3,217.2,217.1,217.0,216.7,216.5,216.3,216.1,215.8,215.7,215.5,215.5,215.3,215.2,214.9,214.6,214.4,214.3,214.1,213.9,213.8,213.6,213.5,213.4,213.4,213.3,213.2,213.1,213.0,212.9,212.7,212.6,212.4,212.2,212.0,211.9,211.7,211.4,211.2,211.0,210.7,210.5,210.3,210.1,209.9,209.7,209.6,209.5,209.4,209.3,209.0,208.9,208.8,208.6,208.5,208.3,208.1,207.9,207.7,207.4,207.2,207.0,206.7,206.5,206.3,206.1,205.8,205.5,205.2,204.9,204.59999
218.3,218.0,217.9,217.8,217.7,217.6,217.6,217.6,217.5,217.4,217.2,217.0,216.8,216.6,216.4,216.2,216.0,215.8,215.7,215.5,215.2,214.9,214.7,214.5,214.3,214.1,213.9,213.8,213.7,213.7,213.6,213.5,213.4,213.3,213.2,213.1,212.9,212.8,212.6,212.5,212.3,212.1,211.8,211.6,211.4,211.2,210.9,210.7,210.5,210.3,210.1,210.0,209.9,209.8,209.6,209.4,209.3,209.3,209.3,209.1,208.9,208.7,208.6,208.2,208.0,207.7,207.5,207.3,207.1,206.9,206.7,206.4,206.2,206.0,205.7,205.4,205.2
219.1,219.0,218.8,218.7,218.5,218.4,218.4,218.3,218.1,218.0,217.9,217.7,217.5,217.3,217.1,217.0,216.8,216.6,216.3,216.1,215.8,215.5,215.2,215.0,214.8,214.5,214.4,214.2,214.2,214.1,214.0,213.9,213.7,213.6,213.4,213.3,213.1,212.9,212.7,212.5,212.3,212.1,211.8,211.6,211.4,211.2,211.0,210.8,210.6,210.5,210.3,210.2,210.2,210.0,209.8,209.6,209.6,209.6,209.3,209.1,209.0,208.8,208.7,208.5,208.2,208.0,207.8,207.6,207.4,207.2,207.0,206.9,206.7,206.5,206.3,206.1,205.8
220.5,220.4,220.1,219.8,219.5,219.4,219.2,219.1,218.9,218.8,218.6,218.4,218.3,218.1,217.9,217.8,217.6,217.4,217.2,216.9,216.6,216.3,216.0,215.8,215.5,215.3,215.1,214.9,214.8,214.7,214.5,214.3,214.1,213.9,213.7,213.4,213.2,213.0,212.8,212.6,212.3,212.1,211.8,211.6,211.4,211.2,211.0,210.9,210.8,210.6,210.5,210.4,210.2,210.1,209.9,209.8,209.8,209.5,209.3,209.2,209.1,208.9,208.7,208.6,208.4,208.3,208.2,208.0,207.9,207.7,207.5,207.3,207.2,207.0,206.8,206.6,206.3
221.7,221.6,221.4,221.1,220.8,220.5,220.2,220.0,219.7,219.5,219.4,219.4,219.2,219.0,218.9,218.8,218.6,218.5,218.3,218.0,217.7,217.4,217.2,216.9,216.6,216.4,216.1,215.9,215.7,215.4,215.2,215.0,214.7,214.4,214.1,213.8,213.5,213.2,212.9,212.6,212.4,212.1,211.9,211.7,211.5,211.3,211.1,211.0,210.9,210.7,210.6,210.5,210.2,210.1,210.0,209.9,209.8,209.7,209.6,209.5,209.4,209.2,209.0,208.9,208.8,208.7,208.7,208.6,208.5,208.3,208.1,208.0,207.7,207.5,207.2,207.0,206.8
222.5,222.4,222.3,222.2,222.0,221.6,221.2,220.9,220.6,220.4,220.3,220.2,220.1,219.9,219.8,219.7,219.5,219.4,219.2,219.0,218.8,218.5,218.3,218.0,217.7,217.5,217.2,216.9,216.6,216.3,216.0,215.7,215.3,215.0,214.7,214.3,214.0,213.6,213.3,213.0,212.7,212.4,212.2,211.9,211.7,211.5,211.3,211.1,210.9,210.7,210.5,210.5,210.3,210.2,210.1,210.0,209.9,209.9,209.8,209.7,209.5,209.4,209.3,209.2,209.1,209.0,209.0,209.0,208.9,208.8,208.7,208.5,208.2,208.0,207.7,207.4,207.2
223.0,223.0,223.0,222.9,223.0,222.9,222.6,222.2,221.9,221.5,221.3,221.1,220.9,220.8,220.6,220.5,220.3,220.2,220.0,219.9,219.6,219.4,219.2,219.0,218.7,218.5,218.2,217.9,217.7,217.3,217.0,216.6,216.2,215.8,215.5,215.1,214.7,214.4,214.1,213.7,213.4,213.0,212.7,212.4,212.1,211.8,211.5,211.3,211.1,210.9,210.7,210.6,210.5,210.4,210.2,210.2,210.1,210.0,209.9,209.8,209.7,209.6,209.5,209.5,209.4,209.3,209.3,209.3,209.3,209.2,209.1,208.9,208.7,208.5,208.2,207.9,207.6
