wind-weather/data/weather/current/current-mean_sea_level_pressure-gfs-1.0.json
{"header": {"discipline":0,"disciplineName":"Meteorologicalproducts","gribEdition":2,"gribLength":79545,"center":7,"centerName":"USNationalWeatherService-NCEP(WMC)","subcenter":0,"refTime":"2017-11-24T12:00:00.000Z","significanceOfRT":0,"significanceOfRTName":"Analysis","productStatus":0,"productStatusName":"Operationalproducts","productType":0,"productTypeName":"Analysisproducts","productDefinitionTemplate":0,"productDefinitionTemplateName":"Analysis/forecastathorizontallevel/layeratapointintime","parameterCategory":3,"parameterCategoryName":"Mass","parameterNumber":192,"parameterNumberName":"MSLP_Eta_Reduction","parameterUnit":"Pa","genProcessType":0,"genProcessTypeName":"Analysis","forecastTime":0,"surface1Type":101,"surface1TypeName":"Meansealevel","surface1Value":0.0,"surface2Type":255,"surface2TypeName":"Missing","surface2Value":0.0,"gridDefinitionTemplate":0,"gridDefinitionTemplateName":"Latitude_Longitude","numberPoints":65160,"shape":6,"shapeName":"Earthsphericalwithradiusof6,371,229.0m","gridUnits":"degrees","resolution":48,"winds":"true","scanMode":0,"nx":360,"ny":181,"basicAngle":0,"lo1":0.0,"la1":90.0,"lo2":359.0,"la2":-90.0,"dx":1.0,"dy":1.0}, "data":
[rows 26 to 51 of 181, columns 120 to 179 of 360]
102388.71,102296.07,102182.31,102059.11,101938.95,101840.87,101744.23,101651.75,101603.91,101535.11,101451.59,101457.51,101441.03,101434.95,101603.75,101659.11,101623.43,101601.03,101671.91,101653.67,101841.83,101915.75,101938.15,101663.75,101668.87,101433.83,101248.39,101074.79,101148.07,101373.51,101309.03,101168.23,101052.39,100884.39,100654.47,100555.27,100320.23,100102.15,100147.43,100217.83,100425.35,100324.07,100351.75,100547.91,100853.19,101013.19,101047.91,101207.11,101270.95,101538.31,101565.99,101522.95,101455.43,101718.31,101874.15,102028.23,101971.59,101925.83,101906.79,101909.03
102510.79,102420.23,102325.83,102221.03,102103.59,101991.43,101880.23,101808.55,101732.39,101642.15,101574.79,101526.95,101488.87,101509.35,101507.27,101540.55,101591.43,101612.07,101408.07,101399.59,101739.11,101749.19,101775.43,101834.15,101681.35,101306.63,100801.03,100614.79,100535.27,100770.47,100715.91,100373.51,100368.23,100290.63,100182.15,100139.75,100014.47,99540.07,99508.07,99799.11,99723.11,99777.03,99768.87,100065.99,100293.67,100613.35,100742.31,100857.67,100780.71,100894.79,101028.39,101349.83,101427.11,101561.35,101661.83,101613.83,101741.83,101716.07,101743.11,101781.03
102647.91,102573.83,102473.83,102357.83,102243.27,102131.75,102024.71,101926.15,101816.55,101722.79,101668.55,101628.55,101574.63,101568.55,101539.59,101558.63,101581.03,101535.43,101480.87,101144.71,101013.99,100815.27,101092.87,101195.27,101073.51,100803.11,100434.31,100194.15,100125.03,100007.11,100214.47,100297.35,100201.19,100105.03,99948.55,99541.99,99361.35,99046.47,98972.23,99024.23,98940.87,98900.55,99341.19,99588.39,99608.39,99949.03,100315.43,100420.07,100563.43,100822.79,101126.79,101328.87,101419.75,101487.91,101577.99,101648.87,101725.67,101803.27,101874.15,101929.99
102729.83,102663.11,102584.39,102471.59,102372.23,102257.83,102135.11,102045.67,101931.75,101832.07,101747.11,101685.99,101628.55,101613.67,101571.43,101568.87,101622.15,101584.39,101135.11,100960.23,100706.79,100290.63,100085.35,99804.39,99682.31,99432.23,99234.47,99246.47,99326.15,99217.99,99370.95,99280.39,99389.19,99422.95,99065.99,98854.79,98599.43,98488.23,98471.59,98511.43,98663.91,98865.03,98817.19,99146.31,99619.11,99899.27,100260.39,100489.03,100745.35,100990.63,101253.83,101372.07,101579.91,101637.99,101724.39,101807.91,101890.31,101982.47,102065.83,102133.67
102792.71,102740.39,102655.43,102563.59,102480.07,102359.43,102238.31,102128.23,102029.35,101927.91,101840.23,101764.87,101695.27,101654.95,101607.27,101563.27,101590.63,101594.95,101271.27,100893.99,100445.99,100154.31,99663.11,99163.75,98992.87,98859.11,98550.95,98441.35,97963.75,97400.87,97378.79,97385.03,97350.15,97547.43,97716.23,97935.43,98142.31,98306.47,98449.83,98467.91,98545.35,98661.35,98992.71,99331.75,99629.99,99942.63,100210.63,100531.11,100769.51,101044.71,101303.75,101462.63,101598.31,101733.19,101861.03,101984.87,102093.99,102180.23,102261.51,102342.79
102835.91,102804.87,102752.23,102693.03,102556.71,102477.03,102392.39,102296.23,102171.91,102059.43,101962.47,101864.39,101797.99,101699.59,101600.71,101557.99,101551.75,101384.55,101064.71,100838.95,100524.23,99874.95,99152.07,98942.63,98659.27,98447.11,98192.23,97911.27,97553.35,97071.27,96406.95,95971.11,96232.23,96545.51,96993.35,97461.83,97833.51,98189.03,98451.75,98536.39,98597.83,98896.55,99166.63,99293.83,99480.55,99800.23,100098.63,100400.87,100708.55,100991.43,101235.43,101453.03,101647.43,101816.07,101972.23,102115.43,102245.99,102356.55,102451.43,102532.39
102868.07,102844.23,102837.51,102728.87,102685.51,102646.15,102560.23,102472.87,102373.99,102281.51,102109.19,101959.11,101881.99,101771.75,101698.31,101583.43,101501.19,101456.39,101235.11,100899.91,100475.91,99530.63,99293.51,99072.71,98837.83,98571.91,98305.83,98026.31,97574.31,96948.87,95959.43,95446.31,95404.87,95676.55,96294.31,97123.75,97745.67,98169.03,98485.03,98658.15,98790.63,99021.83,99028.23,99105.99,99450.47,99756.71,100063.27,100383.11,100700.71,100990.63,101248.55,101500.07,101719.75,101910.15,102081.19,102231.91,102374.95,102502.47,102615.27,102715.75
102663.27,102603.43,102679.75,102758.95,102745.19,102653.83,102604.87,102540.55,102346.95,102226.95,102073.03,101981.03,101935.75,101815.27,101742.31,101612.39,101513.83,101435.11,100958.15,100025.83,99888.71,99655.43,99465.99,99306.63,99091.75,98836.39,98548.71,98207.27,97824.87,97370.95,96730.31,96098.31,95788.07,96073.51,96823.27,97496.07,98050.79,98445.67,98759.43,98810.95,99031.43,99092.07,98968.39,99262.47,99529.83,99836.71,100149.83,100457.51,100768.55,101057.83,101338.79,101594.79,101821.51,102024.87,102199.59,102362.63,102515.75,102647.59,102771.91,102886.95
102402.63,102512.71,102555.43,102504.07,102481.83,102458.47,102373.35,102238.15,102062.63,101996.87,101932.07,101924.55,101953.51,101885.67,101776.87,101515.11,101388.55,100688.23,100345.35,100171.27,100026.15,99859.91,99693.51,99515.59,99323.91,99106.95,98853.83,98584.55,98276.71,97940.71,97663.27,97458.79,97429.99,97549.03,97806.79,98104.39,98469.67,98802.15,98988.87,99207.75,99410.47,99097.35,99234.79,99566.79,99735.27,99981.51,100282.15,100597.35,100923.27,101215.11,101475.27,101723.27,101946.31,102143.27,102324.07,102500.87,102667.11,102807.91,102930.63,103041.19
102285.35,102309.51,102386.95,102380.71,102273.83,102197.35,102035.91,101868.07,101692.39,101581.67,101586.31,101638.47,101713.67,101476.71,101350.15,101172.23,100869.03,100669.67,100442.31,100301.35,100163.75,100024.87,99891.11,99752.39,99559.11,99356.87,99164.23,98968.55,98781.83,98590.63,98421.51,98348.71,98348.23,98369.03,98466.31,98650.63,98917.67,99195.75,99397.83,99501.51,99604.07,99529.19,99458.31,99709.03,99935.27,100169.03,100452.07,100710.63,101037.19,101338.15,101595.43,101829.67,102045.83,102242.63,102430.15,102607.91,102769.03,102908.39,103036.55,103155.43
102153.03,102157.83,102111.91,102080.39,102033.19,101909.83,101809.67,101744.55,101709.83,101604.55,101564.87,101520.55,101399.27,101313.83,101315.27,101162.15,100940.71,100829.83,100682.63,100552.87,100377.51,100241.51,100107.91,99946.63,99785.35,99590.47,99418.79,99274.31,99140.23,99018.79,98931.27,98865.03,98825.99,98838.63,98934.31,99108.71,99358.79,99581.99,99654.63,99744.87,99687.91,99731.11,99841.83,99992.23,100134.79,100326.95,100577.99,100850.31,101176.07,101465.03,101702.15,101929.67,102145.51,102345.35,102533.03,102702.15,102849.67,102992.39,103130.31,103263.59
102057.03,102067.59,102041.03,102031.43,101958.31,101865.35,101752.07,101665.51,101582.79,101538.95,101484.23,101470.31,101439.11,101457.83,101425.67,101142.79,100859.11,100805.99,100760.23,100706.31,100640.23,100454.63,100326.31,100156.07,99996.71,99821.35,99649.51,99468.39,99323.91,99217.03,99141.35,99127.59,99174.47,99290.31,99437.19,99574.47,99734.95,99949.35,99938.47,99874.15,99933.99,100015.91,100105.51,100209.35,100319.11,100470.79,100703.59,100987.11,101294.31,101545.83,101786.15,102014.15,102248.23,102375.59,102632.39,102793.99,102953.51,103082.63,103226.15,103363.59
102090.79,102065.67,102034.47,101982.31,101929.19,101819.91,101730.63,101672.87,101612.07,101568.07,101525.51,101496.39,101502.15,101458.79,101402.95,101095.43,100829.99,100847.43,100844.87,100720.07,100664.39,100553.19,100461.35,100336.87,100148.71,99977.51,99735.59,99510.15,99357.19,99349.67,99424.39,99529.99,99614.15,99707.43,99809.19,99924.23,100028.23,100168.39,100154.95,100142.47,100180.55,100256.23,100324.87,100389.99,100463.59,100589.19,100814.15,101108.55,101367.75,101604.87,101842.95,102085.51,102307.75,102504.55,102686.47,102858.79,102984.39,103127.27,103279.91,103417.83
102136.87,102122.79,102061.19,101973.67,101874.31,101810.31,101767.43,101725.83,101671.11,101631.43,101601.83,101588.07,101544.23,101489.03,101355.43,101150.31,100915.91,100893.03,100985.35,100936.23,100795.59,100590.31,100523.11,100487.11,100314.47,100144.39,99855.11,99479.75,99571.75,99710.31,99793.51,99860.39,99939.59,100024.71,100104.55,100181.51,100256.71,100297.67,100316.07,100328.07,100376.87,100451.27,100508.71,100547.91,100580.07,100697.35,100919.27,101209.35,101436.55,101659.43,101901.19,102124.71,102309.03,102489.67,102687.91,102848.39,102992.55,103123.75,103263.75,103410.47
102230.95,102286.47,102176.07,102021.67,101863.43,101827.43,101851.59,101781.67,101755.75,101750.63,101713.67,101666.15,101612.07,101532.23,101338.15,101053.83,101025.35,101085.19,101170.63,101101.99,100856.87,100683.75,100509.35,100513.67,100426.95,100369.03,100261.51,100138.79,100089.67,100086.47,100116.23,100160.71,100229.35,100295.43,100339.11,100380.87,100418.47,100427.43,100449.67,100498.15,100570.63,100641.03,100689.19,100708.39,100702.47,100807.11,101037.19,101299.75,101503.59,101718.95,101940.23,102127.11,102265.99,102438.31,102660.23,102815.75,102948.87,103069.51,103190.47,103317.67
102342.31,102375.59,102261.67,102038.95,101960.55,101948.23,101954.63,101965.83,101908.55,101850.31,101787.59,101778.95,101667.75,101526.63,101433.67,101321.99,101305.19,101389.03,101317.99,101168.87,100908.23,100828.39,100700.87,100561.83,100504.39,100489.99,100459.27,100409.99,100376.23,100364.39,100389.35,100425.67,100474.31,100510.47,100525.03,100560.23,100579.43,100624.55,100689.83,100732.23,100785.19,100837.99,100869.99,100873.51,100828.87,100909.83,101147.27,101377.99,101577.51,101786.47,101955.27,102123.27,102195.75,102406.95,102610.63,102721.99,102837.03,102957.19,103051.91,103139.11
102382.95,102340.55,102179.43,102064.55,102043.91,102067.59,102083.27,102109.03,102091.75,102049.19,101889.35,101829.19,101808.39,101737.99,101669.19,101633.67,101620.39,101607.91,101425.35,101102.95,100988.87,100856.07,100759.43,100699.59,100658.63,100637.67,100626.95,100597.83,100587.75,100597.19,100607.27,100631.59,100659.11,100675.11,100699.59,100725.51,100798.79,100872.87,100948.87,100993.83,101032.23,101058.31,101060.07,101036.39,100963.91,101021.99,101250.95,101449.35,101654.31,101823.27,101974.47,102107.59,102151.91,102337.67,102513.03,102614.95,102689.99,102776.71,102842.63,102920.23
102289.99,102184.71,102116.39,102085.03,102093.51,102120.55,102150.47,102162.15,102166.79,102108.55,101996.71,101965.19,101896.23,101874.31,101831.11,101801.99,101831.59,101654.31,101291.75,101222.95,101072.55,100953.51,100878.95,100824.87,100778.47,100737.99,100710.63,100705.67,100713.83,100729.83,100765.99,100802.47,100823.59,100851.75,100902.47,100979.59,101065.99,101141.35,101206.15,101235.59,101253.83,101258.63,101226.95,101163.91,101054.47,101139.43,101344.55,101529.83,101700.55,101837.67,101982.47,102068.55,102097.99,102248.71,102416.07,102484.23,102532.87,102585.35,102624.07,102673.83
102110.79,102111.59,102084.87,102104.23,102140.87,102173.83,102189.83,102196.71,102183.75,102123.11,102082.63,102068.07,102018.31,101964.71,101955.43,101958.15,101895.59,101622.95,101399.43,101242.47,101110.47,100998.47,100947.43,100915.75,100893.51,100848.23,100827.27,100830.95,100859.43,100911.91,100973.19,101015.91,101050.95,101084.55,101143.91,101214.47,101286.15,101353.51,101397.35,101418.31,101422.31,101395.43,101328.55,101234.79,101095.43,101240.07,101428.39,101591.43,101734.31,101848.71,101968.07,102021.19,102052.07,102161.67,102307.27,102325.83,102359.91,102370.95,102386.31,102408.39
102048.87,102035.27,102066.79,102117.19,102169.67,102221.35,102252.55,102260.39,102249.19,102261.35,102201.19,102152.87,102103.11,102090.31,102029.83,101931.27,101730.79,101613.83,101411.75,101278.63,101178.63,101103.27,101087.11,101073.83,101043.43,101033.67,101033.67,101051.27,101061.51,101094.95,101101.35,101114.63,101176.55,101226.79,101304.87,101374.47,101439.91,101489.19,101519.75,101530.31,101517.03,101464.71,101382.63,101253.99,101134.95,101355.43,101495.43,101639.59,101768.23,101868.87,101958.15,101972.71,102008.39,102110.47,102218.47,102228.39,102222.31,102215.43,102208.07,102210.15
102000.55,102029.35,102085.99,102142.95,102200.39,102253.83,102307.11,102357.99,102364.39,102265.19,102271.75,102224.07,102190.15,102091.43,102016.23,101860.87,101776.87,101614.63,101465.03,101365.99,101286.15,101232.07,101257.83,101192.39,101216.87,101230.95,101170.15,101151.27,101146.63,101143.27,101178.95,101234.15,101286.31,101346.79,101398.31,101460.87,101526.15,101551.27,101584.87,101590.95,101561.51,101493.83,101389.35,101210.79,101284.39,101465.35,101531.59,101675.75,101791.27,101889.19,101938.95,101945.67,101988.23,102068.87,102146.47,102166.47,102155.43,102153.19,102150.15,102161.51
102022.95,102050.31,102144.55,102205.83,102251.11,102321.67,102402.31,102454.63,102434.47,102340.71,102301.35,102237.51,102154.95,102076.87,101916.55,101815.43,101695.91,101581.99,101485.19,101406.63,101341.19,101387.27,101345.83,101248.07,101272.39,101270.79,101255.27,101245.51,101255.91,101286.15,101334.47,101373.67,101404.71,101449.99,101462.63,101516.39,101565.35,101593.67,101620.23,101614.15,101569.99,101490.47,101362.79,101211.91,101341.99,101427.59,101584.71,101711.11,101817.35,101876.07,101918.47,101933.51,101990.47,102047.59,102102.63,102121.67,102120.71,102125.83,102149.51,102199.43
102085.99,102129.03,102192.71,102239.43,102320.23,102438.31,102532.71,102582.95,102641.99,102421.51,102255.75,102225.03,102142.95,102004.07,101909.19,101832.39,101717.83,101607.43,101517.83,101444.39,101439.59,101374.63,101411.91,101425.19,101365.51,101369.83,101359.43,101374.15,101400.23,101445.99,101474.95,101522.31,101618.79,101531.11,101510.95,101552.23,101591.11,101641.67,101653.99,101621.35,101551.91,101458.31,101310.31,101217.51,101310.95,101505.03,101647.75,101760.07,101837.99,101881.83,101907.59,101923.75,101972.07,102015.91,102083.27,102084.87,102092.39,102127.27,102188.71,102252.71
102183.59,102182.15,102235.11,102343.11,102476.87,102538.63,102578.95,102718.47,102442.47,102280.55,102161.03,102092.23,102039.75,101976.39,101908.39,101836.87,101766.15,101689.03,101623.59,101556.87,101522.95,101600.23,101604.07,101560.71,101498.95,101478.15,101485.99,101481.19,101520.87,101537.99,101606.95,101601.67,101465.51,101474.95,101497.83,101556.87,101622.95,101664.39,101664.55,101613.03,101532.39,101432.55,101277.67,101185.35,101406.95,101592.39,101729.35,101792.71,101859.91,101896.71,101901.35,101907.27,101946.95,101985.03,102027.75,102068.71,102147.27,102227.11,102293.35,102365.83
102269.03,102293.99,102380.87,102475.91,102533.99,102617.83,102642.63,102544.39,102320.55,102149.51,102093.51,102004.07,101957.35,101957.99,101915.91,101858.95,101807.75,101751.75,101695.11,101689.03,101698.95,101733.19,101695.59,101681.19,101621.19,101603.59,101582.31,101578.95,101560.87,101627.75,101589.19,101430.95,101352.71,101364.71,101463.91,101564.07,101608.87,101663.75,101656.39,101599.59,101502.63,101391.91,101228.55,101300.71,101558.63,101690.31,101783.59,101829.83,101885.99,101897.67,101883.59,101892.39,101886.63,101940.55,102005.19,102102.15,102221.35,102324.87,102416.55,102498.63
102399.43,102442.79,102480.23,102509.51,102530.31,102574.15,102672.23,102641.03,102492.07,102344.23,102199.75,102073.35,101964.87,101897.99,101852.07,101840.71,101805.51,101743.59,101731.43,101701.83,101753.67,101748.39,101731.75,101657.83,101671.91,101643.75,101636.87,101628.55,101608.07,101572.07,101433.19,101344.39,101067.59,101288.39,101406.15,101516.07,101584.71,101627.11,101617.67,101554.63,101465.99,101353.83,101286.15,101507.43,101674.63,101771.43,101833.19,101874.79,101890.47,101871.75,101836.23,101832.71,101861.99,101926.31,102040.23,102173.83,102301.51,102422.31,102521.51,102614.15
