wind-weather/data/weather/current/current-wind-isobaric-10hPa-gfs-1.0.json
{"header": {"discipline":0,"disciplineName":"Meteorologicalproducts","gribEdition":2,"gribLength":38084,"center":7,"centerName":"USNationalWeatherService-NCEP(WMC)","subcenter":0,"refTime":"2017-11-24T12:00:00.000Z","significanceOfRT":0,"significanceOfRTName":"Analysis","productStatus":0,"productStatusName":"Operationalproducts","productType":0,"productTypeName":"Analysisproducts","productDefinitionTemplate":0,"productDefinitionTemplateName":"Analysis/forecastathorizontallevel/layeratapointintime","parameterCategory":2,"parameterCategoryName":"Momentum","parameterNumber":3,"parameterNumberName":"V-component_of_wind","parameterUnit":"m.s-1","genProcessType":0,"genProcessTypeName":"Analysis","forecastTime":0,"surface1Type":100,"surface1TypeName":"Isobaricsurface","surface1Value":1000.0,"surface2Type":255,"surface2TypeName":"Missing","surface2Value":0.0,"gridDefinitionTemplate":0,"gridDefinitionTemplateName":"Latitude_Longitude","numberPoints":65160,"shape":6,"shapeName":"Earthsphericalwithradiusof6,371,229.0m","gridUnits":"degrees","resolution":48,"winds":"true","scanMode":0,"nx":360,"ny":181,"basicAngle":0,"lo1":0.0,"la1":90.0,"lo2":359.0,"la2":-90.0,"dx":1.0,"dy":1.0}, "data":
[rows 26 to 51 of 181, columns 295 to 353 of 360]
-5.459978,-4.439978,-3.479978,-2.579978,-1.709978,-0.869978,-0.06997803,0.710022,1.470022,2.210022,2.920022,3.590022,4.210022,4.770022,5.260022,5.670022,6.040022,6.440022,6.820022,7.2000217,7.560022,7.930022,8.300022,8.670022,8.9400215,9.240022,9.580022,9.880022,10.140022,10.370022,10.620022,10.850022,11.020022,11.180022,11.370022,11.610022,11.880022,12.180022,12.490022,12.800022,13.120022,13.4400215,13.770022,14.140022,14.550022,14.980022,15.330022,15.650022,15.990022,16.260021,16.440022,16.620022,16.820023,17.060022,17.310022,17.530022,17.750023,17.930021,18.070023
-5.199978,-4.169978,-3.199978,-2.279978,-1.3699781,-0.48997802,0.39002198,1.230022,2.030022,2.780022,3.490022,4.140022,4.750022,5.300022,5.780022,6.230022,6.610022,6.990022,7.350022,7.740022,8.120022,8.490022,8.770022,9.090022,9.430022,9.750022,10.020022,10.280022,10.520022,10.750022,10.990022,11.220022,11.420022,11.580022,11.710022,11.870022,12.080022,12.340022,12.630022,12.920022,13.220022,13.520022,13.840022,14.1900215,14.580022,14.980022,15.330022,15.580022,15.770022,15.930022,16.100021,16.260021,16.460022,16.690022,16.940022,17.180021,17.410023,17.630022,17.810022
-4.979978,-3.9399781,-2.9399781,-1.9899781,-1.079978,-0.18997803,0.710022,1.6200219,2.510022,3.3300219,4.050022,4.680022,5.240022,5.790022,6.340022,6.890022,7.380022,7.770022,8.080022,8.370022,8.640022,8.870022,9.270022,9.650022,10.020022,10.380022,10.700022,10.980022,11.1900215,11.330022,11.450022,11.580022,11.720022,11.830022,11.920022,12.010022,12.160022,12.340022,12.560022,12.830022,13.100022,13.400022,13.710022,14.030022,14.390022,14.750022,15.080022,15.280022,15.410022,15.520022,15.630022,15.800022,16.020021,16.250023,16.480022,16.710022,16.930021,17.090021,17.240023
-4.679978,-3.629978,-2.639978,-1.679978,-0.75997806,0.13002197,0.99002194,1.860022,2.760022,3.680022,4.570022,5.370022,6.040022,6.580022,7.030022,7.440022,7.860022,8.310022,8.810022,9.1900215,9.320022,9.760022,10.040022,10.310022,10.580022,10.860022,11.150022,11.4400215,11.6900215,11.860022,11.930022,11.950022,11.980022,11.980022,11.950022,11.9400215,11.990022,12.100022,12.280022,12.500022,12.770022,13.060022,13.350022,13.650022,13.980022,14.330022,14.610022,14.780022,14.870022,14.960022,15.090022,15.290022,15.520022,15.740022,15.960022,16.160023,16.360022,16.550022,16.730022
-4.229978,-3.199978,-2.1899781,-1.259978,-0.35997802,0.53002197,1.440022,2.3100219,3.180022,4.040022,4.900022,5.750022,6.590022,7.350022,7.9500217,8.390022,8.710022,9.010022,9.330022,9.740022,10.180022,10.530022,10.730022,10.850022,10.910022,10.990022,11.150022,11.350022,11.590022,11.810022,11.970022,12.030022,12.050022,12.010022,11.910022,11.770022,11.6900215,11.700022,11.800022,11.990022,12.240022,12.510022,12.780022,13.050022,13.360022,13.670022,13.9400215,14.090022,14.160022,14.260022,14.460022,14.730022,15.010022,15.260022,15.470022,15.670022,15.890022,16.120022,16.330023
-3.839978,-2.789978,-1.799978,-0.82997805,0.16002198,1.150022,2.140022,3.100022,4.000022,4.820022,5.580022,6.310022,7.040022,7.770022,8.450022,9.020022,9.480022,9.830022,10.120022,10.430022,10.750022,11.050022,11.290022,11.430022,11.410022,11.270022,11.080022,10.930022,10.900022,11.030022,11.280022,11.530022,11.680022,11.730022,11.670022,11.510022,11.320022,11.210022,11.200022,11.300022,11.500022,11.770022,12.050022,12.260022,12.530022,12.780022,13.010022,13.170022,13.290022,13.470022,13.730022,14.060022,14.360022,14.610022,14.840022,15.080022,15.330022,15.610022,15.860022
-3.319978,-2.279978,-1.219978,-0.119978026,0.950022,1.970022,3.000022,4.040022,5.060022,5.970022,6.770022,7.510022,8.170022,8.700022,9.120022,9.460022,9.760022,10.070022,10.410022,10.780022,11.120022,11.380022,11.530022,11.590022,11.540022,11.380022,11.090022,10.740022,10.4400215,10.300022,10.350022,10.540022,10.770022,10.9400215,11.010022,10.930022,10.740022,10.540022,10.430022,10.460022,10.600022,10.840022,11.090022,11.320022,11.500022,11.710022,11.920022,12.090022,12.280022,12.540022,12.910022,13.270022,13.580022,13.860022,14.120022,14.410022,14.760022,15.120022,15.420022
-2.509978,-1.4999781,-0.52997804,0.570022,1.7600219,2.940022,4.030022,5.060022,6.080022,7.050022,7.960022,8.790022,9.500022,9.980022,10.240022,10.300022,10.310022,10.360022,10.550022,10.810022,11.080022,11.240022,11.290022,11.260022,11.170022,11.060022,10.870022,10.540022,10.140022,9.800022,9.650022,9.680022,9.770022,9.850022,9.900022,9.900022,9.770022,9.570022,9.430022,9.410022,9.520022,9.710022,9.930022,10.120022,10.280022,10.470022,10.680022,10.900022,11.160022,11.480022,11.880022,12.250022,12.580022,12.860022,13.150022,13.520022,13.960022,14.360022,14.680022
-1.559978,-0.47997802,0.500022,1.470022,2.620022,3.860022,5.120022,6.290022,7.330022,8.200022,8.970022,9.760022,10.470022,10.970022,11.250022,11.330022,11.310022,11.290022,11.350022,11.470022,11.510022,11.350022,11.200022,11.060022,10.820022,10.490022,10.180022,9.870022,9.560022,9.230022,8.950022,8.830022,8.800022,8.730022,8.640022,8.550022,8.420022,8.270022,8.160022,8.160022,8.260022,8.410022,8.580022,8.750022,8.900022,9.060022,9.260022,9.550022,9.910022,10.320022,10.740022,11.100022,11.420022,11.730022,12.120022,12.580022,13.030022,13.450022,13.760022
-0.64997804,0.640022,1.790022,2.800022,3.740022,4.780022,5.920022,7.130022,8.350022,9.320022,9.970022,10.460022,10.910022,11.310022,11.6900215,12.010022,12.240022,12.380022,12.470022,12.460022,12.220022,11.750022,11.370022,11.090022,10.670022,10.100022,9.500022,8.970022,8.600022,8.310022,8.050022,7.810022,7.650022,7.480022,7.260022,7.030022,6.860022,6.750022,6.690022,6.730022,6.820022,6.930022,7.060022,7.2000217,7.330022,7.480022,7.740022,8.090022,8.500022,8.930022,9.330022,9.700022,10.080022,10.520022,10.980022,11.460022,11.910022,12.300022,12.620022
0.320022,1.650022,3.000022,4.150022,4.980022,5.680022,6.4500217,7.530022,8.880022,10.040022,10.760022,11.160022,11.390022,11.610022,11.930022,12.330022,12.710022,13.000022,13.170022,13.040022,12.560022,11.900022,11.340022,10.9400215,10.420022,9.670022,8.860022,8.1900215,7.7000217,7.330022,6.980022,6.620022,6.300022,5.990022,5.670022,5.380022,5.190022,5.110022,5.100022,5.140022,5.2000217,5.300022,5.430022,5.540022,5.650022,5.810022,6.080022,6.470022,6.890022,7.270022,7.670022,8.110022,8.590022,9.110022,9.610022,10.120022,10.590022,11.020022,11.380022
1.400022,2.5700219,3.770022,5.010022,6.100022,6.890022,7.380022,7.9500217,9.080022,10.370022,11.090022,11.430022,11.670022,12.000022,12.450022,12.870022,13.180022,13.380022,13.410022,13.130022,12.460022,11.590022,10.840022,10.290022,9.760022,9.030022,8.170022,7.370022,6.740022,6.280022,5.840022,5.340022,4.840022,4.390022,3.980022,3.670022,3.470022,3.380022,3.380022,3.410022,3.490022,3.600022,3.700022,3.790022,3.900022,4.060022,4.340022,4.7000217,5.110022,5.520022,5.920022,6.390022,6.960022,7.570022,8.160022,8.730022,9.260022,9.740022,10.160022
2.520022,3.520022,4.370022,5.380022,6.650022,7.990022,8.880022,9.220022,9.520022,10.310022,11.110022,11.490022,11.770022,12.290022,12.9400215,13.4400215,13.750022,13.860022,13.680022,13.110022,12.150022,11.030022,10.030022,9.250022,8.590022,7.9500217,7.220022,6.460022,5.750022,5.150022,4.590022,3.980022,3.360022,2.800022,2.3300219,1.980022,1.740022,1.610022,1.560022,1.580022,1.670022,1.780022,1.8700219,1.960022,2.050022,2.210022,2.480022,2.870022,3.3300219,3.790022,4.260022,4.790022,5.390022,6.040022,6.7000217,7.350022,7.930022,8.430022,8.890022
3.430022,4.420022,5.230022,6.160022,7.350022,8.790022,10.080022,10.680022,10.600022,10.520022,11.010022,11.710022,12.250022,12.680022,13.050022,13.450022,13.840022,13.950022,13.660022,12.870022,11.730022,10.490022,9.340022,8.320022,7.390022,6.600022,5.940022,5.340022,4.710022,4.050022,3.350022,2.620022,1.900022,1.2600219,0.73002195,0.320022,0.030021973,-0.16997802,-0.29997802,-0.33997804,-0.27997804,-0.16997802,-0.04997803,0.060021974,0.16002198,0.33002198,0.61002195,0.99002194,1.470022,2.000022,2.5800219,3.200022,3.860022,4.590022,5.330022,6.010022,6.620022,7.170022,7.670022
4.4500217,5.520022,6.570022,7.680022,8.740022,9.810022,10.840022,11.570022,11.700022,11.370022,11.290022,11.850022,12.610022,13.010022,13.010022,13.130022,13.410022,13.540022,13.230022,12.430022,11.310022,10.070022,8.870022,7.650022,6.440022,5.430022,4.7000217,4.120022,3.5600219,2.900022,2.120022,1.310022,0.520022,-0.18997803,-0.77997804,-1.2499781,-1.639978,-1.959978,-2.1899781,-2.299978,-2.289978,-2.1899781,-2.079978,-1.9799781,-1.8699781,-1.699978,-1.419978,-1.049978,-0.559978,0.020021973,0.690022,1.430022,2.220022,3.040022,3.8300219,4.580022,5.240022,5.860022,6.460022
5.910022,7.230022,8.260022,9.140022,9.990022,10.820022,11.550022,12.160022,12.430022,12.280022,11.970022,11.980022,12.450022,12.910022,13.090022,13.140022,13.170022,13.080022,12.710022,12.010022,10.9400215,9.720022,8.400022,7.020022,5.710022,4.610022,3.770022,3.110022,2.440022,1.720022,0.900022,0.050021973,-0.77997804,-1.539978,-2.209978,-2.779978,-3.279978,-3.729978,-4.079978,-4.269978,-4.329978,-4.319978,-4.289978,-4.239978,-4.139978,-3.959978,-3.6899781,-3.299978,-2.799978,-2.1699781,-1.419978,-0.539978,0.39002198,1.320022,2.210022,3.040022,3.8200219,4.540022,5.230022
7.750022,8.930022,9.760022,10.120022,10.550022,11.380022,12.170022,12.6900215,12.9400215,12.9400215,12.790022,12.550022,12.510022,12.850022,13.260022,13.320022,13.000022,12.580022,12.140022,11.480022,10.500022,9.320022,7.9500217,6.520022,5.2000217,4.110022,3.230022,2.430022,1.590022,0.700022,-0.22997802,-1.1299781,-2.019978,-2.829978,-3.569978,-4.229978,-4.859978,-5.419978,-5.879978,-6.209978,-6.449978,-6.629978,-6.739978,-6.759978,-6.659978,-6.429978,-6.069978,-5.599978,-5.009978,-4.279978,-3.399978,-2.409978,-1.389978,-0.37997803,0.61002195,1.550022,2.450022,3.300022,4.070022
9.240022,9.9400215,10.740022,11.400022,11.6900215,12.060022,12.750022,13.270022,13.590022,13.700022,13.560022,13.350022,13.000022,12.810022,13.100022,13.220022,12.930022,12.410022,11.760022,10.920022,9.970022,8.800022,7.420022,6.040022,4.840022,3.850022,2.960022,2.020022,0.98002195,-0.119978026,-1.199978,-2.229978,-3.1899781,-4.069978,-4.869978,-5.639978,-6.389978,-7.099978,-7.689978,-8.209978,-8.639978,-8.979978,-9.199978,-9.239978,-9.139978,-8.869978,-8.469978,-7.919978,-7.229978,-6.409978,-5.459978,-4.399978,-3.279978,-2.149978,-1.009978,0.13002197,1.200022,2.180022,3.0600219
10.740022,11.550022,12.120022,12.760022,13.310022,13.4400215,13.620022,13.990022,14.300022,14.460022,14.390022,14.080022,13.560022,13.080022,12.780022,12.730022,12.750022,12.390022,11.550022,10.450022,9.250022,8.020022,6.790022,5.660022,4.7000217,3.8200219,2.870022,1.7600219,0.54002196,-0.729978,-1.959978,-3.119978,-4.179978,-5.139978,-6.089978,-7.0499783,-8.009978,-8.889978,-9.679978,-10.369978,-10.949978,-11.359978,-11.569978,-11.599978,-11.489978,-11.239978,-10.829978,-10.239978,-9.499978,-8.629978,-7.619978,-6.479978,-5.199978,-3.869978,-2.549978,-1.299978,-0.13997802,0.940022,1.950022
12.300022,13.090022,13.890022,14.450022,14.900022,15.110022,15.010022,15.050022,15.140022,15.110022,14.970022,14.570022,14.000022,13.360022,12.670022,12.330022,12.270022,11.950022,11.120022,9.960022,8.700022,7.480022,6.400022,5.500022,4.690022,3.8100219,2.750022,1.5000219,0.15002197,-1.199978,-2.489978,-3.709978,-4.839978,-5.969978,-7.149978,-8.379978,-9.549978,-10.639978,-11.629978,-12.519978,-13.239978,-13.729978,-13.979978,-14.049978,-13.979978,-13.729978,-13.3099785,-12.679978,-11.869978,-10.919978,-9.789978,-8.509978,-7.079978,-5.609978,-4.139978,-2.6899781,-1.3599781,-0.13997802,0.99002194
14.260022,14.800022,15.430022,16.000023,16.390022,16.510021,16.250023,15.860022,15.620022,15.430022,15.100022,14.610022,14.050022,13.340022,12.700022,12.240022,11.710022,11.150022,10.430022,9.450022,8.290022,7.190022,6.230022,5.4500217,4.690022,3.750022,2.5700219,1.210022,-0.19997802,-1.559978,-2.869978,-4.119978,-5.359978,-6.679978,-8.069978,-9.419978,-10.699978,-11.929978,-13.119978,-14.199978,-15.089978,-15.769978,-16.249977,-16.529978,-16.559978,-16.359978,-15.899978,-15.229978,-14.339978,-13.239978,-11.959978,-10.499978,-8.909978,-7.239978,-5.599978,-4.029978,-2.569978,-1.169978,0.10002197
16.330023,16.740023,16.950022,17.030022,17.010021,16.810022,16.400023,15.910022,15.530022,15.220022,14.820022,14.350022,13.800022,13.260022,12.840022,12.240022,11.490022,10.650022,9.730022,8.820022,7.980022,7.190022,6.430022,5.7000217,4.810022,3.670022,2.300022,0.830022,-0.599978,-1.959978,-3.279978,-4.609978,-6.009978,-7.499978,-8.989978,-10.389978,-11.699978,-12.949978,-14.129978,-15.219978,-16.239979,-17.149979,-17.909979,-18.449978,-18.729979,-18.689978,-18.329979,-17.639978,-16.689978,-15.479978,-14.049978,-12.439978,-10.689978,-8.869978,-7.089978,-5.349978,-3.799978,-2.249978,-0.749978
17.420021,17.530022,17.510021,17.280022,16.850021,16.370022,15.9400215,15.510022,15.160022,14.810022,14.480022,14.260022,14.000022,13.680022,13.120022,12.130022,10.9400215,9.710022,8.620022,7.880022,7.410022,6.910022,6.280022,5.430022,4.290022,2.940022,1.5100219,0.19002198,-1.009978,-2.159978,-3.339978,-4.579978,-5.959978,-7.459978,-9.079978,-10.779978,-12.489978,-14.069978,-15.449978,-16.589977,-17.509977,-18.309978,-19.049978,-19.729979,-20.229979,-20.459978,-20.259977,-19.689978,-18.769978,-17.539978,-16.029978,-14.339978,-12.5599785,-10.659978,-8.749978,-6.889978,-5.0499783,-3.319978,-1.649978
17.440022,17.290022,17.070023,16.760021,16.330023,15.910022,15.590022,15.290022,14.980022,14.660022,14.430022,14.140022,13.650022,12.920022,11.860022,10.590022,9.360022,8.320022,7.510022,7.020022,6.660022,6.230022,5.520022,4.480022,3.220022,1.910022,0.700022,-0.32997802,-1.309978,-2.329978,-3.369978,-4.449978,-5.599978,-6.889978,-8.379978,-10.029978,-11.8099785,-13.679978,-15.519978,-17.279978,-18.809978,-19.959978,-20.729979,-21.149979,-21.379978,-21.499977,-21.459978,-21.159979,-20.499977,-19.449978,-18.059978,-16.379978,-14.459978,-12.429978,-10.379978,-8.339978,-6.339978,-4.409978,-2.529978
17.140022,16.980022,16.690022,16.310022,15.860022,15.370022,14.880022,14.400022,13.930022,13.580022,13.160022,12.580022,11.980022,11.270022,10.380022,9.4400215,8.430022,7.590022,7.010022,6.590022,6.130022,5.480022,4.610022,3.520022,2.350022,1.230022,0.25002196,-0.679978,-1.639978,-2.6899781,-3.709978,-4.699978,-5.719978,-6.859978,-8.089978,-9.409978,-10.829978,-12.389978,-14.179978,-16.149979,-18.269978,-20.199978,-21.669977,-22.549978,-22.869978,-22.829979,-22.609978,-22.359978,-21.879978,-21.009977,-19.669977,-17.969978,-16.059978,-14.029978,-11.909978,-9.729978,-7.589978,-5.449978,-3.399978
16.660023,16.140022,15.480022,14.850022,14.250022,13.700022,13.280022,12.930022,12.620022,12.290022,11.860022,11.450022,11.030022,10.430022,9.720022,8.900022,8.090022,7.360022,6.770022,6.170022,5.4500217,4.620022,3.690022,2.710022,1.720022,0.760022,-0.17997803,-1.159978,-2.219978,-3.269978,-4.239978,-5.209978,-6.219978,-7.229978,-8.219978,-9.209978,-10.259978,-11.429978,-12.859978,-14.529978,-16.429977,-18.439978,-20.429977,-22.229979,-23.579979,-24.229979,-24.149979,-23.569979,-22.769978,-21.779978,-20.619978,-19.199978,-17.429977,-15.369978,-13.179978,-10.939978,-8.689978,-6.459978,-4.269978
