wind-weather/data/weather/current/current-temp-isobaric-70hPa-gfs-1.0.json
{"header": {"discipline":0,"disciplineName":"Meteorologicalproducts","gribEdition":2,"gribLength":26304,"center":7,"centerName":"USNationalWeatherService-NCEP(WMC)","subcenter":0,"refTime":"2017-11-24T12:00:00.000Z","significanceOfRT":0,"significanceOfRTName":"Analysis","productStatus":0,"productStatusName":"Operationalproducts","productType":0,"productTypeName":"Analysisproducts","productDefinitionTemplate":0,"productDefinitionTemplateName":"Analysis/forecastathorizontallevel/layeratapointintime","parameterCategory":0,"parameterCategoryName":"Temperature","parameterNumber":0,"parameterNumberName":"Temperature","parameterUnit":"K","genProcessType":0,"genProcessTypeName":"Analysis","forecastTime":0,"surface1Type":100,"surface1TypeName":"Isobaricsurface","surface1Value":7000.0,"surface2Type":255,"surface2TypeName":"Missing","surface2Value":0.0,"gridDefinitionTemplate":0,"gridDefinitionTemplateName":"Latitude_Longitude","numberPoints":65160,"shape":6,"shapeName":"Earthsphericalwithradiusof6,371,229.0m","gridUnits":"degrees","resolution":48,"winds":"true","scanMode":0,"nx":360,"ny":181,"basicAngle":0,"lo1":0.0,"la1":90.0,"lo2":359.0,"la2":-90.0,"dx":1.0,"dy":1.0}, "data":
[rows 34 to 67 of 181, columns 77 to 153 of 360]
212.3,212.5,212.6,212.8,213.0,213.1,213.2,213.4,213.6,213.8,214.0,214.2,214.4,214.6,214.8,215.0,215.2,215.4,215.7,215.9,216.2,216.5,216.8,217.1,217.5,217.8,218.1,218.4,218.8,219.1,219.5,219.8,220.0,220.1,220.3,220.5,220.7,221.0,221.3,221.6,222.0,222.3,222.7,223.1,223.7,224.3,224.8,225.3,225.7,226.1,226.3,226.3,226.4,226.5,226.5,226.6,226.6,226.7,226.8,226.9,227.1,227.3,227.5,227.6,227.6,227.6,227.5,227.4,227.4,227.3,227.2,227.1,227.0,226.7,226.4,226.1,226.0
212.3,212.5,212.7,212.9,213.0,213.2,213.3,213.5,213.7,213.9,214.1,214.3,214.5,214.7,215.0,215.1,215.2,215.4,215.6,216.0,216.3,216.7,217.1,217.4,217.8,218.0,218.3,218.6,218.9,219.3,219.6,220.0,220.2,220.4,220.6,220.9,221.0,221.3,221.6,222.0,222.4,222.8,223.2,223.7,224.1,224.7,225.3,225.7,226.1,226.4,226.5,226.6,226.6,226.7,226.7,226.7,226.8,226.8,226.8,226.9,227.0,227.1,227.2,227.3,227.4,227.4,227.5,227.5,227.5,227.3,227.1,227.0,226.9,226.8,226.4,225.8,225.2
212.4,212.5,212.7,212.9,213.1,213.3,213.5,213.7,213.8,214.0,214.2,214.4,214.6,214.8,215.0,215.2,215.3,215.6,215.9,216.3,216.8,217.1,217.3,217.5,217.7,218.0,218.3,218.5,218.9,219.3,219.6,220.0,220.3,220.6,220.9,221.1,221.4,221.7,222.1,222.4,222.8,223.1,223.5,224.0,224.5,225.1,225.6,226.1,226.4,226.6,226.7,226.8,226.8,226.8,226.9,226.9,226.9,226.9,226.9,227.0,227.1,227.1,227.1,227.1,227.0,226.9,227.0,227.0,227.0,226.8,226.5,226.2,226.1,226.1,225.9,225.1,224.0
212.5,212.6,212.7,212.9,213.1,213.3,213.5,213.7,213.9,214.1,214.2,214.5,214.8,215.0,215.2,215.6,216.1,216.5,216.8,216.9,216.8,216.8,217.0,217.3,217.6,217.9,218.2,218.6,218.9,219.3,219.7,220.0,220.4,220.8,221.1,221.4,221.6,221.9,222.2,222.5,222.9,223.3,223.7,224.2,224.8,225.3,225.9,226.2,226.5,226.6,226.8,226.8,226.8,226.9,226.9,226.9,227.0,227.0,227.1,227.1,227.2,227.3,227.2,227.1,226.9,226.7,226.5,226.4,226.3,226.1,225.8,225.4,225.1,225.0,224.9,224.8,224.1
212.6,212.6,212.7,212.9,213.1,213.4,213.6,213.8,213.9,214.1,214.2,214.3,214.4,214.5,214.6,214.7,214.7,214.7,214.8,214.9,215.2,215.9,216.6,217.0,217.3,217.7,218.2,218.6,219.2,219.5,219.8,220.2,220.5,220.8,221.1,221.5,221.8,222.1,222.4,222.7,223.1,223.5,223.9,224.4,225.0,225.4,225.9,226.2,226.4,226.6,226.7,226.7,226.7,226.7,226.8,226.8,226.9,227.0,227.1,227.2,227.3,227.5,227.5,227.3,227.0,226.7,226.5,226.2,226.0,225.9,225.6,225.2,224.6,223.7,223.2,223.1,223.0
212.6,212.7,212.8,212.9,213.1,213.3,213.6,213.8,213.9,214.1,214.2,214.4,214.6,214.9,215.0,215.2,215.5,215.6,215.6,216.0,216.5,217.0,217.2,217.7,218.0,218.2,218.4,218.9,218.9,219.3,219.8,220.2,220.5,220.9,221.2,221.5,221.8,222.1,222.4,222.7,223.1,223.5,223.9,224.4,224.9,225.3,225.7,226.0,226.3,226.4,226.4,226.5,226.5,226.5,226.5,226.6,226.7,226.8,227.0,227.2,227.3,227.4,227.4,227.3,227.2,226.7,226.3,225.9,225.3,224.8,224.7,224.7,224.6,224.0,223.2,222.6,222.6
212.8,212.8,212.8,212.9,213.0,213.2,213.4,213.7,213.9,214.1,214.3,214.4,214.5,214.7,215.1,215.3,215.4,215.7,216.4,217.0,217.5,217.4,217.0,216.7,216.9,217.1,217.6,218.0,218.7,219.5,219.9,220.1,220.4,220.8,221.2,221.5,221.8,222.0,222.3,222.6,223.0,223.3,223.7,224.2,224.6,225.0,225.4,225.6,225.8,226.0,226.0,226.1,226.1,226.1,226.2,226.3,226.4,226.5,226.7,226.9,227.1,227.1,227.1,227.0,227.0,226.9,226.4,226.0,225.7,225.5,225.4,225.4,225.2,224.8,223.7,222.5,221.8
213.0,212.9,212.9,213.0,213.0,213.2,213.3,213.5,213.7,214.0,214.2,214.3,214.5,214.7,214.9,215.1,215.3,215.7,216.0,216.3,215.8,215.4,215.6,216.1,216.7,217.5,218.1,218.5,219.2,219.5,219.7,219.9,220.3,220.9,221.1,221.4,221.6,221.8,222.1,222.4,222.7,223.1,223.4,223.9,224.3,224.7,224.9,225.1,225.3,225.5,225.5,225.5,225.5,225.6,225.7,225.9,226.0,226.1,226.4,226.6,226.7,226.7,226.8,226.5,226.2,226.6,226.0,225.6,225.4,224.9,224.7,224.6,224.4,224.2,223.5,222.4,221.4
213.3,213.2,213.1,213.0,213.0,213.1,213.2,213.3,213.5,213.7,214.0,214.2,214.4,214.7,214.8,215.0,215.3,215.6,215.7,215.5,215.4,216.1,216.6,217.3,217.3,217.6,218.0,218.6,218.8,219.0,219.1,219.5,220.4,220.5,220.9,221.0,221.3,221.7,221.9,222.1,222.4,222.7,223.1,223.4,223.9,224.1,224.3,224.5,224.7,224.8,224.8,224.8,224.8,224.9,225.2,225.4,225.5,225.7,225.9,226.1,226.1,226.0,226.5,226.0,225.4,225.3,225.1,224.9,224.7,224.2,223.9,223.7,223.5,223.3,222.9,222.0,220.9
213.5,213.3,213.2,213.1,213.1,213.1,213.1,213.2,213.3,213.5,213.7,213.9,214.2,214.5,214.6,214.9,215.1,215.3,215.3,215.4,215.7,215.7,215.9,215.7,216.2,216.8,217.2,217.7,217.8,217.8,218.1,219.2,219.8,219.9,220.3,220.7,221.2,221.4,221.5,221.6,221.9,222.3,222.6,223.0,223.3,223.4,223.6,223.8,224.0,224.2,224.2,224.1,224.2,224.2,224.7,224.8,224.9,225.1,225.3,225.3,225.4,225.1,225.6,225.5,225.3,224.7,224.0,223.9,224.1,223.7,223.4,223.0,222.7,222.7,222.5,221.8,220.4
213.5,213.4,213.3,213.2,213.1,213.0,213.0,213.1,213.2,213.3,213.5,213.7,213.9,214.2,214.4,214.6,214.8,214.9,215.0,215.0,215.0,215.3,215.9,216.3,216.8,216.9,216.8,216.7,216.7,217.1,218.5,219.4,219.6,219.7,219.8,220.1,220.4,220.6,220.7,221.2,221.5,221.6,221.8,222.1,222.3,222.4,222.7,223.0,223.2,223.2,223.3,223.3,223.2,223.5,224.0,224.0,224.1,224.1,224.3,224.5,224.2,224.0,223.8,224.7,225.0,224.7,223.7,223.3,222.8,221.9,221.5,221.6,222.1,222.6,223.2,222.8,220.0
213.4,213.3,213.2,213.1,213.1,213.0,213.0,212.9,213.0,213.3,213.4,213.6,213.7,213.9,214.1,214.3,214.5,214.6,214.6,214.8,214.9,215.3,215.7,215.9,216.1,215.9,215.9,215.9,216.5,217.3,218.5,218.8,218.3,218.1,218.7,219.1,219.6,219.9,220.2,220.6,220.7,220.6,220.5,221.3,221.2,221.6,222.0,222.1,222.3,222.4,222.4,222.5,222.3,222.6,223.2,223.2,223.2,223.1,223.4,223.4,223.1,222.6,222.5,223.1,224.3,224.9,223.5,223.1,222.1,220.3,219.4,219.5,220.0,220.7,221.8,222.2,218.8
213.2,213.1,213.0,212.9,212.9,213.1,213.2,213.2,213.2,213.1,213.2,213.3,213.5,213.6,213.8,214.0,214.1,214.2,214.3,214.4,214.6,215.0,215.2,215.3,215.1,215.0,215.5,215.8,216.0,216.6,217.3,217.2,217.1,218.2,218.4,218.6,218.7,218.9,219.0,219.7,219.8,219.3,219.3,220.3,220.7,220.8,221.0,221.0,221.3,221.7,221.6,221.6,221.2,221.3,222.2,222.2,222.2,222.0,222.3,222.4,221.9,221.4,221.2,221.7,222.6,223.8,224.7,222.4,221.2,218.8,217.6,217.9,218.1,218.4,219.5,220.1,218.3
213.0,212.9,212.7,212.8,213.1,213.1,212.8,213.0,213.2,213.2,213.2,213.2,213.1,213.1,213.3,213.5,213.6,213.8,213.9,214.1,214.2,214.4,214.8,214.4,214.1,215.0,215.0,215.4,215.9,216.0,216.1,216.8,218.1,217.7,216.7,217.1,217.7,218.0,218.4,218.6,219.0,218.5,218.1,219.8,219.7,219.5,220.0,220.2,220.6,220.8,220.5,220.5,220.2,219.6,221.2,221.4,221.2,221.1,221.2,221.2,220.8,220.3,219.8,220.2,220.9,221.3,224.4,223.7,220.8,217.5,216.5,216.3,215.9,216.1,215.9,216.0,217.3
212.9,212.7,212.6,212.8,212.8,212.5,212.6,213.0,213.1,213.1,213.0,213.0,213.1,213.2,213.2,213.3,213.3,213.4,213.5,213.6,213.7,214.0,214.1,213.7,214.3,214.4,214.7,215.1,214.9,215.0,216.1,217.2,216.2,216.2,216.5,217.1,216.8,217.0,217.5,217.6,217.8,218.5,218.2,217.6,217.9,218.5,219.3,219.9,219.6,219.3,219.1,219.9,219.2,217.7,220.0,220.5,220.4,220.1,219.9,219.5,219.5,219.2,218.7,218.5,218.9,219.4,221.3,223.7,220.2,216.9,216.0,215.1,214.9,214.7,212.3,212.5,215.3
212.6,212.5,212.5,212.6,212.5,212.4,212.6,212.8,212.8,212.8,212.8,212.9,213.1,213.1,213.1,213.0,212.9,212.9,213.0,213.2,213.3,213.4,213.5,213.7,214.1,214.0,214.2,214.6,214.3,214.8,215.6,215.0,216.0,216.7,216.1,215.4,215.9,217.1,216.3,216.5,217.2,217.4,217.2,216.1,216.8,217.3,218.5,218.5,218.3,217.9,217.6,220.4,217.9,216.4,218.6,219.7,219.9,219.4,218.4,217.8,218.0,217.9,217.6,217.3,215.9,217.3,219.6,220.8,218.6,216.3,214.6,214.1,214.4,212.4,210.2,210.0,212.2
212.1,212.0,212.2,212.3,212.3,212.3,212.4,212.5,212.4,212.4,212.6,212.8,213.0,213.0,212.8,212.7,212.7,212.7,212.8,212.8,212.9,213.0,213.3,213.3,213.6,213.7,213.7,213.5,214.0,213.9,215.1,214.2,214.3,215.5,215.3,214.1,217.0,215.5,215.2,215.6,216.5,216.2,215.6,215.7,215.1,216.0,217.2,217.0,216.9,216.2,216.7,219.3,217.1,216.5,217.0,218.6,218.6,218.9,217.5,216.0,215.8,215.9,216.6,215.6,214.5,215.6,216.9,217.8,216.9,214.8,213.8,213.8,213.9,212.0,209.8,209.9,210.8
211.6,211.5,211.7,211.8,211.9,211.9,212.0,212.0,212.1,212.2,212.4,212.6,212.6,212.2,212.4,212.4,212.7,212.8,212.7,212.7,212.6,212.7,212.7,212.7,213.0,213.2,213.1,213.3,213.0,214.2,213.3,213.1,213.4,213.9,213.3,214.1,215.7,214.3,214.9,215.1,215.6,214.7,214.0,213.7,214.0,214.9,215.9,215.8,215.4,215.4,215.3,216.5,217.1,217.8,217.1,215.7,215.6,216.6,216.7,216.0,215.7,214.9,213.8,212.5,212.9,213.3,213.3,214.5,214.3,212.5,212.1,212.3,211.6,210.4,209.0,208.7,209.7
211.1,210.9,211.1,211.3,211.3,211.3,211.4,211.6,211.8,211.9,211.9,212.1,211.7,211.6,211.9,212.3,212.7,212.6,212.5,212.4,212.4,212.2,212.4,212.6,212.6,212.8,212.8,212.6,212.4,212.7,212.3,212.4,212.2,212.7,212.4,213.8,213.4,213.1,214.0,214.5,212.9,212.4,212.5,212.8,213.7,214.1,214.6,215.1,214.6,214.8,213.5,213.5,215.9,217.5,216.5,215.8,214.9,214.1,214.0,215.1,216.1,213.4,212.0,211.9,211.2,209.9,210.8,211.3,211.0,211.0,210.5,210.2,209.6,208.1,207.6,207.1,207.9
210.2,210.1,210.2,210.6,210.4,210.5,210.8,211.0,210.9,211.0,211.1,211.4,210.9,211.1,211.6,212.0,212.2,212.0,211.9,211.7,211.8,211.9,212.4,212.3,212.4,212.9,212.1,211.8,211.5,211.7,212.0,211.8,212.5,211.8,211.9,211.4,211.3,212.1,212.3,212.3,211.3,211.0,211.6,212.2,213.0,213.1,213.7,214.0,213.9,213.5,212.0,211.8,213.5,215.7,214.0,214.2,213.8,213.6,214.3,214.6,213.3,210.7,210.5,212.1,210.4,210.3,209.2,209.7,209.7,209.2,209.3,208.7,207.9,206.5,205.7,205.7,205.9
209.3,209.4,209.6,209.4,209.5,210.0,210.1,210.0,210.1,210.4,210.7,210.6,210.3,210.6,211.0,211.4,211.4,211.1,211.3,211.1,211.5,211.7,212.2,211.8,212.4,211.9,211.4,211.2,210.5,211.0,212.0,212.0,212.0,211.3,210.5,209.7,209.9,210.3,210.9,210.7,210.8,210.5,210.7,211.4,212.0,212.5,212.5,212.5,212.3,211.9,210.2,210.4,211.1,214.5,213.0,211.7,211.6,213.3,213.7,213.7,211.1,208.6,209.2,210.8,210.8,210.7,209.4,208.4,208.6,208.2,208.2,207.9,207.0,205.7,204.7,204.4,204.6
207.9,208.3,208.4,208.3,208.3,208.7,209.0,209.0,209.2,209.6,209.8,209.8,209.5,209.6,210.2,210.4,210.8,210.2,210.5,210.6,211.0,211.0,211.7,211.1,211.2,210.9,210.9,209.6,209.8,211.2,211.1,211.3,210.5,209.8,208.9,208.9,209.2,208.9,209.5,210.3,210.0,210.3,210.1,210.3,210.1,210.1,210.3,210.5,210.4,209.7,208.6,209.9,210.2,212.2,212.0,210.5,211.2,211.7,212.6,210.2,212.0,207.6,206.9,209.4,209.5,209.6,209.5,208.4,207.4,206.8,206.4,206.2,205.4,204.6,203.8,203.3,202.9
205.9,206.8,206.8,207.0,207.4,207.5,207.5,207.7,208.2,208.7,208.8,208.9,208.6,208.8,209.0,209.8,209.9,209.9,209.6,210.1,210.4,210.3,210.2,210.7,209.7,210.6,209.6,208.2,208.9,210.3,209.8,209.6,208.8,208.0,207.8,207.9,208.5,208.8,209.4,209.6,209.5,209.7,209.2,208.9,208.5,207.9,208.1,208.3,208.1,208.3,208.1,209.1,209.7,209.7,209.5,210.4,210.0,208.9,210.6,209.0,210.3,207.9,205.8,207.3,208.3,207.8,207.6,207.4,206.8,205.3,204.9,204.6,204.0,203.2,202.4,201.9,201.6
204.9,204.8,204.8,206.0,206.5,206.5,205.9,206.1,206.9,207.3,207.4,207.9,207.9,207.9,208.3,208.8,209.1,209.0,208.8,209.5,209.6,209.2,209.3,209.0,209.0,209.5,208.3,207.3,208.3,209.0,208.9,207.3,206.1,206.2,207.0,207.3,208.1,207.8,207.9,207.7,207.8,207.4,206.9,207.0,206.9,206.6,206.9,206.6,207.0,207.1,207.0,207.4,207.7,207.2,206.6,210.4,206.7,207.1,209.0,207.9,207.7,206.8,205.9,206.0,206.6,206.3,205.8,205.6,204.9,204.1,203.8,203.2,202.6,201.8,201.2,200.7,200.3
203.4,203.7,203.7,204.6,204.9,205.1,204.8,204.9,205.2,206.2,206.9,206.7,207.1,207.5,207.2,207.3,208.1,208.0,207.8,208.8,208.4,208.5,208.6,207.6,208.1,208.0,206.9,205.8,207.2,208.4,206.9,205.6,205.6,205.5,206.9,206.0,206.8,206.6,205.6,205.2,204.7,204.7,204.8,204.9,205.5,205.8,205.6,205.2,205.3,205.4,205.4,205.5,205.1,204.7,205.3,206.4,205.4,206.4,207.0,205.9,204.8,205.5,205.0,204.4,203.9,204.5,204.6,204.0,202.7,202.3,202.4,201.8,201.1,200.6,200.1,199.6,199.2
202.2,202.4,203.1,202.6,204.2,203.7,204.1,204.5,204.0,205.3,205.1,205.7,205.9,206.1,205.7,206.5,207.5,206.8,206.1,207.7,207.6,207.6,206.8,206.6,206.5,206.9,203.7,205.7,207.8,206.2,205.0,204.7,205.0,205.2,206.0,205.6,204.8,204.0,203.0,202.9,202.5,202.9,203.0,203.3,203.7,204.4,203.4,203.5,203.5,203.6,203.8,203.5,203.0,202.3,203.5,203.5,204.8,205.2,204.0,203.5,204.0,204.1,203.4,202.5,202.7,202.8,202.6,201.8,201.1,201.1,201.1,200.2,199.8,199.4,199.0,198.6,198.3
201.2,201.2,201.6,202.5,202.8,202.7,204.1,203.1,203.0,203.6,203.7,204.2,204.6,204.9,205.6,205.5,205.7,205.0,204.9,206.4,206.5,205.7,205.2,204.3,205.4,203.7,203.2,205.3,205.0,204.6,204.0,203.9,204.0,204.0,204.3,203.6,202.7,201.8,201.4,201.4,201.4,201.5,201.6,201.8,201.9,201.6,201.8,201.8,202.1,202.1,201.9,201.3,201.2,201.2,201.2,202.7,203.9,202.7,202.0,202.5,203.2,202.4,201.4,201.4,201.9,201.4,200.6,200.0,200.0,200.1,199.8,199.3,198.6,198.3,198.0,197.7,197.5
200.2,200.2,200.3,201.1,202.1,202.5,202.3,202.3,201.8,202.2,202.7,203.2,203.5,203.7,204.0,204.2,203.9,203.5,204.0,204.6,204.6,204.7,203.3,202.4,202.1,201.4,201.4,202.2,203.5,203.5,202.6,202.2,201.7,201.2,200.9,200.5,200.2,200.5,200.3,200.0,200.0,200.3,200.4,200.1,199.9,199.9,200.1,200.7,201.1,200.7,200.1,199.8,200.5,200.2,200.6,201.9,202.2,200.9,201.1,201.5,201.4,200.6,200.0,200.6,200.8,200.0,199.2,198.7,199.2,199.0,198.7,198.2,197.8,197.3,196.9,196.6,196.5
199.5,199.5,199.6,200.1,200.9,201.7,201.4,201.8,200.2,201.3,201.6,201.5,202.7,201.9,202.8,201.9,202.3,203.0,202.1,203.0,203.4,202.7,201.3,200.6,199.1,200.1,199.9,200.3,201.7,201.1,200.9,200.1,199.3,198.5,198.1,198.0,198.2,198.8,199.1,199.1,199.0,199.0,199.1,199.1,198.7,198.9,199.7,200.3,200.1,199.3,199.1,199.6,199.9,199.7,200.0,200.7,200.4,200.4,200.3,200.2,199.7,199.0,199.1,199.6,199.4,198.9,198.1,197.8,198.2,198.1,197.6,197.2,196.8,196.4,196.0,195.9,195.8
199.0,199.1,199.0,199.3,199.8,200.6,200.6,200.7,199.9,200.1,200.0,200.7,201.3,200.6,200.9,201.4,201.1,201.2,200.9,201.7,201.8,200.9,199.1,198.0,196.9,198.8,197.5,199.7,200.4,199.7,198.7,198.1,197.4,196.7,196.5,196.6,196.9,197.5,197.6,197.9,197.9,197.9,198.3,197.9,198.2,198.8,199.6,199.1,198.8,198.3,198.8,199.3,198.7,198.7,198.7,199.2,199.3,199.2,199.2,198.8,198.2,197.9,198.1,198.3,198.3,197.8,197.2,196.9,197.0,196.9,196.5,196.2,195.9,195.5,195.2,195.2,195.0
198.6,198.6,198.7,198.9,199.2,199.7,200.0,199.8,199.2,199.1,199.2,199.4,200.1,200.1,200.1,200.1,199.9,199.6,200.0,200.4,199.7,198.8,196.8,195.4,195.6,196.5,196.1,197.1,198.3,197.5,196.9,196.4,195.9,195.6,195.4,195.4,195.7,196.3,196.5,196.9,197.1,197.1,197.2,197.4,197.8,199.2,198.4,198.4,197.5,198.0,198.6,197.9,197.7,197.6,197.7,197.9,197.9,197.9,197.9,197.6,197.1,196.9,196.9,197.1,197.1,196.7,196.4,196.1,196.1,196.0,195.7,195.4,195.1,194.8,194.6,194.5,194.4
198.2,198.2,198.4,198.6,198.8,199.2,199.5,199.4,199.0,198.8,199.0,199.1,199.4,199.5,199.0,198.5,197.8,198.3,198.2,198.5,197.5,196.9,195.7,194.2,194.3,194.8,195.0,194.8,195.7,195.9,196.0,195.7,195.3,194.9,195.0,194.6,194.8,195.5,195.8,196.1,196.5,196.7,196.8,197.1,197.7,198.9,197.9,197.4,197.3,197.8,197.5,197.1,197.0,196.9,196.9,196.9,196.9,196.9,196.8,196.4,196.2,196.1,196.0,196.1,196.1,195.9,195.8,195.6,195.5,195.4,195.2,194.8,194.5,194.3,194.2,194.0,193.9
197.6,197.7,197.8,198.0,198.3,198.4,198.5,198.4,198.2,198.0,198.3,198.1,198.0,197.9,197.4,196.8,196.3,196.8,196.7,196.5,196.5,195.6,194.7,193.8,193.6,193.8,194.0,194.1,194.8,194.7,195.0,195.3,194.9,194.6,194.3,194.3,194.5,195.0,195.4,195.8,196.3,196.8,197.1,197.5,197.7,198.3,197.3,196.6,196.7,197.1,196.8,196.4,196.3,196.3,196.2,196.2,196.2,196.1,195.9,195.6,195.4,195.4,195.4,195.4,195.3,195.3,195.2,195.2,195.2,195.0,194.8,194.5,194.2,193.9,193.8,193.6,193.5
197.1,197.2,197.3,197.4,197.5,197.5,197.5,197.3,197.0,197.1,196.9,196.5,196.1,196.1,195.8,195.5,195.6,195.9,195.6,195.8,195.5,194.6,193.9,193.1,193.2,193.3,193.7,194.2,193.8,193.7,194.3,194.5,194.3,194.1,194.0,194.2,194.5,195.0,195.6,195.9,196.3,196.8,197.1,197.4,197.2,197.3,197.1,196.0,196.0,196.4,196.4,196.1,195.8,195.7,195.7,195.6,195.5,195.4,195.2,194.9,194.8,194.9,195.0,195.0,195.0,194.9,194.9,194.9,194.8,194.6,194.4,194.2,193.9,193.7,193.4,193.2,193.1
