wind-weather/data/weather/current/current-wind-isobaric-500hPa-gfs-1.0.json
{"header": {"discipline":0,"disciplineName":"Meteorologicalproducts","gribEdition":2,"gribLength":46921,"center":7,"centerName":"USNationalWeatherService-NCEP(WMC)","subcenter":0,"refTime":"2017-11-24T12:00:00.000Z","significanceOfRT":0,"significanceOfRTName":"Analysis","productStatus":0,"productStatusName":"Operationalproducts","productType":0,"productTypeName":"Analysisproducts","productDefinitionTemplate":0,"productDefinitionTemplateName":"Analysis/forecastathorizontallevel/layeratapointintime","parameterCategory":2,"parameterCategoryName":"Momentum","parameterNumber":3,"parameterNumberName":"V-component_of_wind","parameterUnit":"m.s-1","genProcessType":0,"genProcessTypeName":"Analysis","forecastTime":0,"surface1Type":100,"surface1TypeName":"Isobaricsurface","surface1Value":50000.0,"surface2Type":255,"surface2TypeName":"Missing","surface2Value":0.0,"gridDefinitionTemplate":0,"gridDefinitionTemplateName":"Latitude_Longitude","numberPoints":65160,"shape":6,"shapeName":"Earthsphericalwithradiusof6,371,229.0m","gridUnits":"degrees","resolution":48,"winds":"true","scanMode":0,"nx":360,"ny":181,"basicAngle":0,"lo1":0.0,"la1":90.0,"lo2":359.0,"la2":-90.0,"dx":1.0,"dy":1.0}, "data":
[rows 27 to 53 of 181, columns 0 to 58 of 360]
-6.226123,-3.726123,-2.326123,-0.82612306,2.0738769,8.573877,11.673877,10.473877,7.873877,4.873877,4.873877,2.5738769,4.073877,6.473877,8.973877,11.973877,13.573877,15.673877,18.073877,19.073877,19.173878,24.573877,35.473877,39.173878,36.273876,34.673878,31.873877,27.473877,22.673878,18.273876,14.873877,14.173877,12.973877,10.373877,10.773877,11.573877,12.073877,11.173877,9.273877,9.173877,8.773877,7.673877,6.173877,4.473877,2.973877,1.573877,0.073876955,-1.526123,-3.326123,-5.226123,-6.526123,-7.326123,-8.126123,-8.626123,-9.126123,-9.726123,-10.426123,-10.826123,-11.126123
-3.826123,-3.326123,-2.626123,-0.52612305,2.473877,7.173877,12.673877,10.873877,1.8738769,-2.726123,0.17387696,2.373877,5.373877,7.573877,9.273877,11.173877,12.273877,15.373877,18.773876,22.473877,29.873877,35.273876,35.37388,33.973877,32.973877,30.873877,27.073877,22.173878,17.673878,14.273877,11.973877,11.373877,10.073877,8.973877,9.173877,9.173877,9.473877,9.573877,9.073877,8.373877,8.073877,7.473877,6.473877,5.173877,4.073877,2.673877,1.073877,-0.42612305,-1.926123,-3.226123,-4.326123,-5.026123,-5.526123,-5.826123,-6.326123,-6.626123,-6.726123,-7.026123,-7.226123
3.773877,3.973877,4.973877,7.073877,9.773877,11.173877,10.773877,8.473877,3.5738769,-0.926123,2.373877,6.573877,8.573877,9.673877,10.073877,11.473877,16.473877,23.073877,28.773876,31.473877,31.573877,32.273876,32.973877,32.173878,29.873877,26.173878,21.673878,16.473877,11.873877,8.873877,7.873877,8.973877,9.273877,8.173877,7.573877,7.373877,7.873877,8.073877,7.673877,7.273877,6.973877,6.273877,5.673877,5.073877,4.473877,3.473877,2.5738769,1.3738769,0.47387695,-0.52612305,-1.326123,-1.926123,-2.526123,-3.026123,-3.626123,-4.126123,-4.526123,-4.926123,-4.926123
0.8738769,2.0738769,2.873877,4.173877,6.073877,8.673877,8.973877,5.173877,4.173877,5.473877,8.073877,8.573877,8.473877,10.573877,14.773877,21.273876,25.173878,28.173878,30.173878,30.273876,31.073877,31.073877,29.273876,26.573877,23.173878,19.373877,15.173877,10.873877,7.773877,6.473877,6.073877,7.273877,7.773877,7.073877,6.873877,6.273877,6.573877,5.973877,5.773877,5.373877,5.173877,5.573877,5.773877,5.573877,5.473877,5.173877,4.673877,4.073877,3.473877,3.273877,3.173877,3.273877,3.273877,3.0738769,2.673877,1.973877,1.2738769,0.47387695,-0.42612305
1.673877,2.873877,4.073877,5.373877,6.073877,7.073877,7.673877,7.573877,8.273877,9.673877,10.573877,12.773877,15.673877,17.673878,20.373877,23.673878,25.573877,26.573877,27.373877,29.473877,28.373877,25.673878,23.073877,19.873877,17.273876,13.673877,9.773877,6.973877,5.273877,4.373877,4.273877,5.373877,6.073877,5.273877,4.173877,3.773877,3.5738769,3.173877,2.973877,2.873877,2.473877,3.273877,5.473877,7.173877,7.973877,8.173877,7.873877,6.773877,5.673877,4.973877,5.073877,5.473877,5.573877,5.073877,4.373877,3.373877,2.173877,0.97387695,-0.026123047
2.373877,1.973877,1.8738769,3.373877,6.373877,7.573877,7.473877,8.473877,9.773877,11.973877,15.273877,15.073877,15.873877,19.473877,20.273876,21.473877,23.373877,25.973877,28.773876,26.873877,23.773876,20.173878,16.673878,14.673877,12.473877,8.873877,5.573877,4.373877,3.673877,3.0738769,3.0738769,3.473877,3.473877,2.473877,1.073877,0.77387697,0.37387696,0.17387696,-0.12612304,-1.2261231,1.3738769,5.673877,7.173877,8.173877,8.273877,7.173877,5.873877,5.373877,5.573877,5.673877,5.973877,6.673877,6.773877,6.073877,5.273877,4.373877,3.473877,2.673877,1.973877
0.17387696,-0.12612304,0.77387697,3.173877,4.973877,5.573877,7.173877,10.573877,14.873877,14.373877,13.173877,15.773877,17.273876,18.273876,23.073877,25.673878,28.773876,29.673878,25.273876,21.973877,17.873877,14.273877,12.273877,10.673877,8.473877,5.773877,4.673877,4.273877,3.473877,2.773877,1.673877,1.573877,1.473877,-0.12612304,-1.926123,-2.126123,-2.526123,-2.9261231,-4.526123,-1.526123,4.173877,7.073877,7.273877,6.373877,4.873877,3.873877,4.973877,5.373877,5.573877,5.773877,6.073877,6.973877,8.273877,7.973877,7.473877,7.173877,6.873877,6.173877,5.273877
-5.026123,-3.226123,-0.026123047,1.973877,3.873877,7.773877,12.773877,14.473877,12.873877,14.373877,14.073877,14.273877,19.173878,24.873877,25.173878,27.273876,27.873877,22.973877,19.573877,16.973877,14.773877,13.073877,10.773877,7.473877,4.773877,3.773877,3.773877,3.473877,2.673877,1.573877,0.27387697,-0.026123047,-0.6261231,-2.9261231,-4.526123,-4.726123,-5.026123,-6.626123,-4.126123,0.8738769,4.773877,4.873877,3.773877,2.773877,2.0738769,1.7738769,2.973877,4.873877,6.073877,8.073877,10.173877,11.073877,11.473877,11.873877,11.773877,11.073877,9.973877,8.373877,7.173877
-4.926123,-0.926123,1.8738769,3.973877,9.473877,12.273877,11.273877,11.573877,13.073877,13.273877,13.773877,16.573877,19.773876,19.173878,19.773876,18.773876,17.573877,17.773876,16.573877,14.573877,13.973877,12.673877,8.973877,4.773877,2.673877,2.273877,2.0738769,1.573877,0.573877,-0.22612305,-1.326123,-1.926123,-3.4261231,-6.226123,-7.326123,-7.126123,-8.626123,-5.926123,-1.826123,1.2738769,1.473877,-0.026123047,-0.926123,-0.32612306,-0.6261231,-1.1261231,0.17387696,3.973877,7.873877,11.673877,13.173877,13.173877,12.773877,11.973877,12.173877,12.673877,11.973877,11.073877,9.273877
-0.026123047,3.673877,7.373877,10.073877,9.673877,8.573877,9.473877,12.873877,15.073877,14.573877,16.073877,18.773876,19.973877,20.673878,19.473877,16.173878,14.573877,14.373877,13.573877,12.673877,11.873877,9.673877,6.673877,3.973877,1.7738769,0.97387695,0.17387696,-0.42612305,-1.1261231,-1.826123,-2.826123,-4.426123,-7.226123,-9.826123,-9.926123,-11.026123,-8.526123,-5.126123,-1.826123,-1.2261231,-2.726123,-4.426123,-5.026123,-4.226123,-3.526123,-2.826123,0.073876955,3.773877,8.073877,13.573877,16.973877,16.973877,15.173877,13.273877,12.373877,13.973877,13.573877,11.473877,10.073877
5.473877,7.673877,8.273877,8.073877,7.673877,8.773877,10.773877,13.073877,15.873877,18.573877,20.073877,19.873877,19.073877,16.673878,13.273877,11.673877,11.573877,11.273877,10.573877,9.673877,8.573877,8.073877,6.473877,3.773877,1.3738769,-0.32612306,-1.426123,-1.926123,-2.626123,-3.226123,-4.826123,-7.726123,-11.126123,-12.926123,-13.126123,-12.626123,-9.726123,-6.726123,-4.026123,-3.626123,-5.726123,-7.726123,-8.726123,-8.326123,-7.526123,-6.726123,-4.626123,-1.426123,4.273877,11.073877,18.173878,22.173878,19.973877,15.873877,13.173877,14.073877,14.773877,12.073877,10.473877
10.873877,13.173877,11.273877,10.873877,12.573877,14.273877,16.073877,17.373877,18.073877,17.673878,16.573877,15.673877,14.773877,12.673877,10.473877,8.773877,7.873877,8.073877,7.173877,6.473877,5.973877,5.673877,4.373877,2.173877,0.073876955,-1.326123,-2.126123,-2.726123,-3.626123,-5.326123,-7.726123,-11.326123,-14.426123,-15.526123,-16.526123,-14.926123,-12.026123,-6.826123,-4.226123,-3.4261231,-5.326123,-7.926123,-9.126123,-9.726123,-10.426123,-10.226123,-7.526123,-4.426123,-1.526123,3.473877,13.673877,24.273876,26.773876,21.673878,17.473877,14.173877,15.173877,14.473877,12.973877
15.373877,12.973877,15.273877,16.473877,17.173878,17.473877,17.373877,15.773877,13.373877,11.773877,11.073877,10.373877,10.173877,9.273877,7.473877,5.673877,4.573877,4.573877,3.5738769,4.873877,4.173877,3.473877,2.173877,0.8738769,-0.12612304,-0.82612306,-1.6261231,-3.026123,-5.226123,-7.726123,-10.626123,-14.726123,-17.526123,-18.926123,-20.526123,-19.326122,-10.326123,-4.226123,-4.526123,-6.526123,-9.126123,-10.426123,-10.326123,-10.426123,-9.926123,-8.326123,-4.226123,-0.42612305,1.2738769,-0.12612304,4.773877,18.773876,30.073877,27.773876,21.773876,18.273876,15.173877,16.773876,16.073877
14.573877,16.273876,16.873877,16.973877,16.073877,13.873877,11.973877,11.373877,11.173877,10.973877,10.273877,9.373877,6.873877,4.473877,2.173877,2.5738769,1.973877,1.2738769,2.273877,2.273877,2.373877,1.673877,1.2738769,0.8738769,0.073876955,-0.82612306,-2.126123,-3.626123,-5.926123,-8.926123,-12.526123,-16.926123,-20.126123,-22.626123,-25.826122,-23.626123,-9.026123,-4.326123,-6.826123,-10.526123,-10.526123,-7.926123,-5.126123,-3.726123,-3.626123,-3.326123,-2.626123,-1.1261231,1.2738769,4.473877,6.773877,14.073877,27.473877,30.973877,23.973877,21.173878,17.573877,15.873877,15.373877
15.573877,14.973877,13.873877,13.473877,13.873877,13.673877,13.673877,14.673877,13.173877,10.473877,8.173877,5.373877,2.5738769,0.17387696,-0.52612305,-0.52612305,-0.32612306,0.17387696,0.073876955,0.67387694,0.073876955,0.27387697,0.47387695,0.27387697,-1.1261231,-2.4261231,-3.326123,-4.626123,-6.226123,-9.126123,-13.226123,-17.826122,-21.726124,-25.326122,-30.326122,-28.526123,-12.026123,-7.426123,-9.426123,-10.526123,-9.526123,-7.726123,-6.226123,-4.926123,-3.726123,-2.126123,-0.026123047,2.673877,4.973877,7.373877,8.473877,14.373877,25.173878,31.573877,25.273876,21.273876,19.273876,15.873877,14.773877
11.373877,13.073877,16.873877,17.173878,16.973877,16.873877,13.773877,10.473877,9.473877,8.173877,5.073877,2.273877,-0.026123047,-2.226123,-3.526123,-3.126123,-2.326123,-1.7261231,-0.926123,-1.1261231,-1.2261231,-0.72612303,-0.72612303,-1.426123,-3.226123,-3.626123,-4.826123,-5.626123,-6.826123,-9.226123,-12.926123,-17.526123,-22.026123,-26.026123,-32.12612,-34.62612,-21.026123,-13.326123,-11.526123,-10.926123,-9.726123,-7.826123,-5.826123,-3.126123,-0.22612305,2.873877,5.573877,7.373877,8.673877,11.173877,12.473877,15.473877,21.973877,28.573877,25.973877,20.673878,19.173878,16.673878,14.173877
15.273877,14.773877,15.473877,14.073877,11.273877,9.273877,9.373877,9.673877,8.873877,5.173877,2.673877,-0.42612305,-0.52612305,-2.126123,-3.126123,-4.026123,-4.326123,-3.726123,-3.226123,-3.026123,-2.626123,-2.226123,-2.126123,-3.4261231,-4.426123,-5.426123,-5.926123,-6.826123,-7.926123,-9.326123,-12.426123,-16.326122,-21.026123,-25.226124,-30.926123,-37.026123,-31.626123,-21.026123,-17.126123,-13.726123,-9.726123,-5.126123,-1.7261231,0.67387694,2.973877,5.273877,8.173877,10.273877,11.673877,13.273877,16.273876,17.573877,20.973877,25.773876,25.173878,20.073877,17.973877,15.373877,13.773877
8.273877,8.973877,6.873877,7.873877,9.173877,9.573877,9.773877,11.173877,6.173877,5.473877,2.5738769,0.67387694,-1.926123,-2.726123,-4.126123,-5.226123,-5.626123,-5.026123,-3.826123,-2.826123,-2.726123,-2.726123,-3.4261231,-4.826123,-5.726123,-6.226123,-6.626123,-6.926123,-8.426123,-10.126123,-11.826123,-15.226123,-19.226124,-23.526123,-28.326122,-34.726124,-38.426125,-29.326122,-21.326122,-15.026123,-7.326123,-1.7261231,2.5738769,5.273877,5.373877,6.173877,8.873877,11.773877,12.073877,12.073877,15.973877,17.073877,20.273876,23.273876,23.973877,19.273876,15.873877,14.273877,11.573877
4.873877,4.673877,4.373877,4.673877,4.373877,7.873877,12.673877,8.373877,7.073877,3.773877,0.37387696,-1.2261231,-2.826123,-4.326123,-5.426123,-5.526123,-5.726123,-5.326123,-4.426123,-3.326123,-2.9261231,-3.726123,-4.826123,-5.726123,-5.626123,-5.526123,-5.526123,-6.126123,-7.726123,-9.726123,-11.926123,-14.526123,-18.326122,-21.926123,-25.826122,-31.126123,-36.526123,-35.826122,-27.126123,-17.526123,-7.926123,0.27387697,5.373877,7.073877,5.273877,6.773877,8.773877,10.173877,11.173877,13.873877,14.973877,16.473877,18.373877,21.473877,22.073877,17.673878,14.773877,13.073877,10.373877
1.673877,0.8738769,1.3738769,1.473877,3.5738769,9.073877,12.173877,7.673877,4.073877,1.7738769,-0.22612305,-2.226123,-3.9261231,-4.926123,-5.126123,-5.526123,-5.926123,-5.026123,-3.726123,-3.126123,-3.4261231,-4.126123,-5.326123,-6.126123,-5.526123,-4.426123,-4.426123,-5.126123,-6.426123,-8.726123,-11.426123,-14.026123,-16.926123,-20.826122,-24.126123,-27.726124,-32.526123,-34.826122,-30.226124,-22.026123,-7.826123,-5.426123,0.77387697,2.273877,2.473877,3.873877,5.673877,8.373877,12.573877,13.873877,14.373877,14.673877,17.873877,21.473877,19.073877,16.373877,16.873877,11.273877,10.373877
1.173877,-1.6261231,-3.126123,-2.526123,2.5738769,8.573877,7.273877,5.173877,2.473877,0.8738769,-2.026123,-4.026123,-4.826123,-4.526123,-5.126123,-5.826123,-4.626123,-3.226123,-3.126123,-3.226123,-3.9261231,-5.026123,-4.726123,-4.726123,-4.526123,-4.226123,-4.226123,-4.826123,-5.726123,-7.226123,-10.126123,-13.026123,-16.326122,-19.526123,-22.826122,-25.626123,-29.026123,-31.926123,-28.826122,-22.026123,-14.626123,-9.926123,1.8738769,6.473877,-0.22612305,-2.4261231,1.173877,6.073877,9.773877,13.873877,14.173877,12.373877,18.773876,18.473877,16.473877,17.473877,14.573877,11.273877,11.473877
1.2738769,-0.32612306,-2.126123,-2.4261231,2.673877,4.973877,5.773877,3.5738769,2.173877,-0.32612306,-2.226123,-4.326123,-4.626123,-5.326123,-5.126123,-3.9261231,-2.826123,-2.526123,-3.026123,-4.226123,-5.126123,-3.626123,-3.326123,-3.326123,-3.026123,-3.826123,-4.026123,-4.526123,-5.526123,-6.226123,-8.326123,-11.526123,-14.826123,-18.526123,-22.326122,-24.926123,-26.726124,-29.126123,-27.126123,-19.226124,-14.626123,-12.526123,-4.526123,-0.026123047,-0.52612305,-0.42612305,2.273877,4.673877,11.473877,11.473877,12.673877,13.673877,17.173878,15.773877,16.073877,15.973877,11.673877,12.773877,13.073877
3.473877,-0.12612304,-2.226123,-1.2261231,0.47387695,2.873877,3.473877,1.673877,0.97387695,-2.326123,-4.026123,-4.526123,-4.426123,-4.126123,-3.326123,-2.4261231,-2.226123,-2.726123,-3.826123,-4.526123,-4.026123,-2.826123,-1.7261231,-1.7261231,-2.226123,-2.826123,-3.4261231,-4.126123,-5.026123,-5.126123,-6.626123,-9.826123,-13.326123,-16.726124,-20.726124,-24.026123,-26.226124,-27.026123,-26.626123,-21.726124,-16.226124,-14.826123,-9.126123,-5.526123,-4.526123,-2.226123,1.8738769,9.273877,9.573877,13.473877,12.473877,12.473877,15.973877,14.973877,14.673877,12.573877,12.173877,14.673877,14.873877
3.673877,1.3738769,-0.32612306,0.17387696,-0.42612305,0.37387696,0.17387696,-0.72612303,-1.7261231,-5.326123,-5.526123,-4.526123,-3.626123,-2.826123,-2.326123,-2.326123,-2.526123,-3.626123,-3.826123,-3.726123,-2.9261231,-2.026123,-0.32612306,-0.6261231,-1.426123,-1.826123,-2.826123,-3.326123,-3.226123,-3.726123,-5.726123,-8.526123,-12.226123,-16.326122,-19.726124,-21.426123,-23.326122,-24.526123,-23.926123,-21.326122,-17.426123,-14.726123,-13.426123,-10.526123,-9.526123,-4.926123,3.173877,9.373877,10.973877,10.273877,9.173877,13.873877,10.073877,17.273876,12.273877,10.873877,15.873877,16.873877,15.973877
3.273877,2.273877,0.573877,-1.2261231,-2.126123,-2.026123,-2.526123,-3.226123,-4.326123,-6.726123,-6.026123,-4.826123,-3.626123,-2.726123,-2.826123,-2.826123,-2.826123,-3.626123,-3.126123,-2.4261231,-1.326123,0.47387695,-0.72612303,0.8738769,-0.12612304,-0.926123,-1.826123,-1.926123,-2.026123,-2.226123,-4.226123,-7.326123,-11.026123,-15.026123,-18.026123,-20.026123,-21.926123,-23.426123,-23.626123,-24.626123,-21.726124,-15.726123,-14.026123,-13.926123,-13.426123,-7.726123,3.473877,10.273877,9.273877,6.973877,10.673877,13.573877,14.773877,15.973877,8.773877,12.073877,15.773877,16.473877,16.373877
1.8738769,1.673877,0.77387697,-0.72612303,-2.9261231,-4.026123,-4.526123,-5.126123,-5.826123,-7.226123,-6.726123,-5.626123,-4.026123,-3.626123,-3.026123,-2.726123,-2.726123,-3.126123,-2.4261231,-1.026123,0.47387695,1.173877,0.97387695,0.97387695,1.573877,1.3738769,0.17387696,-0.32612306,-1.1261231,-0.82612306,-2.826123,-6.726123,-10.426123,-13.926123,-16.926123,-18.126123,-20.826122,-21.226124,-23.526123,-24.526123,-23.626123,-19.226124,-16.926123,-16.326122,-16.526123,-4.926123,3.5738769,5.073877,5.873877,8.973877,9.473877,10.873877,9.573877,10.073877,7.473877,12.573877,15.373877,15.973877,16.673878
0.17387696,-0.12612304,-1.1261231,-2.526123,-4.526123,-6.126123,-5.826123,-6.726123,-7.226123,-8.226123,-7.826123,-6.526123,-4.726123,-2.9261231,-2.326123,-2.526123,-3.026123,-3.226123,-2.026123,-0.32612306,1.673877,3.0738769,3.0738769,1.173877,1.8738769,2.873877,3.173877,1.3738769,0.8738769,-0.22612305,-1.1261231,-4.026123,-8.526123,-12.926123,-16.126123,-16.626123,-18.426123,-19.626123,-21.426123,-21.926123,-22.926123,-23.026123,-19.426123,-17.426123,-15.126123,-11.426123,-2.126123,3.0738769,7.173877,5.673877,6.473877,7.273877,6.573877,4.373877,7.673877,14.673877,17.073877,18.773876,17.773876
