wind-weather/data/weather/current/current-wind-isobaric-10hPa-gfs-1.0.json
{"header": {"discipline":0,"disciplineName":"Meteorologicalproducts","gribEdition":2,"gribLength":38084,"center":7,"centerName":"USNationalWeatherService-NCEP(WMC)","subcenter":0,"refTime":"2017-11-24T12:00:00.000Z","significanceOfRT":0,"significanceOfRTName":"Analysis","productStatus":0,"productStatusName":"Operationalproducts","productType":0,"productTypeName":"Analysisproducts","productDefinitionTemplate":0,"productDefinitionTemplateName":"Analysis/forecastathorizontallevel/layeratapointintime","parameterCategory":2,"parameterCategoryName":"Momentum","parameterNumber":3,"parameterNumberName":"V-component_of_wind","parameterUnit":"m.s-1","genProcessType":0,"genProcessTypeName":"Analysis","forecastTime":0,"surface1Type":100,"surface1TypeName":"Isobaricsurface","surface1Value":1000.0,"surface2Type":255,"surface2TypeName":"Missing","surface2Value":0.0,"gridDefinitionTemplate":0,"gridDefinitionTemplateName":"Latitude_Longitude","numberPoints":65160,"shape":6,"shapeName":"Earthsphericalwithradiusof6,371,229.0m","gridUnits":"degrees","resolution":48,"winds":"true","scanMode":0,"nx":360,"ny":181,"basicAngle":0,"lo1":0.0,"la1":90.0,"lo2":359.0,"la2":-90.0,"dx":1.0,"dy":1.0}, "data":
[rows 130 to 155 of 181, columns 59 to 117 of 360]
-0.559978,-0.64997804,-0.749978,-0.859978,-0.96997803,-1.059978,-1.139978,-1.199978,-1.2299781,-1.2399781,-1.219978,-1.179978,-1.149978,-1.1099781,-1.079978,-1.059978,-1.029978,-0.999978,-0.94997805,-0.90997803,-0.859978,-0.819978,-0.75997806,-0.679978,-0.619978,-0.57997805,-0.559978,-0.569978,-0.58997804,-0.609978,-0.629978,-0.64997804,-0.69997805,-0.749978,-0.76997805,-0.75997806,-0.71997803,-0.689978,-0.669978,-0.64997804,-0.57997805,-0.43997803,-0.22997802,0.030021973,0.320022,0.640022,0.960022,1.2700219,1.570022,1.840022,2.040022,2.200022,2.290022,2.3300219,2.300022,2.170022,1.8700219,1.430022,0.930022
-0.07997803,-0.15997803,-0.22997802,-0.29997802,-0.36997804,-0.41997802,-0.459978,-0.47997802,-0.48997802,-0.47997802,-0.459978,-0.429978,-0.39997804,-0.37997803,-0.37997803,-0.38997802,-0.39997804,-0.429978,-0.44997802,-0.44997802,-0.44997802,-0.429978,-0.38997802,-0.34997803,-0.31997803,-0.31997803,-0.32997802,-0.36997804,-0.429978,-0.47997802,-0.52997804,-0.58997804,-0.679978,-0.77997804,-0.869978,-0.919978,-0.929978,-0.929978,-0.929978,-0.919978,-0.859978,-0.729978,-0.539978,-0.28997803,2.1972657E-5,0.320022,0.690022,1.050022,1.3700219,1.6400219,1.8900219,2.0700219,2.160022,2.150022,2.0800219,1.920022,1.650022,1.210022,0.680022
0.47002196,0.40002197,0.38002196,0.36002198,0.34002197,0.320022,0.31002197,0.30002198,0.31002197,0.320022,0.35002196,0.38002196,0.40002197,0.41002196,0.40002197,0.37002197,0.31002197,0.25002196,0.18002197,0.12002197,0.090021975,0.07002197,0.07002197,0.08002197,0.08002197,0.060021974,0.020021973,-0.039978027,-0.10997803,-0.20997803,-0.30997804,-0.429978,-0.549978,-0.689978,-0.809978,-0.919978,-0.999978,-1.039978,-1.059978,-1.049978,-0.989978,-0.879978,-0.70997804,-0.49997804,-0.22997802,0.08002197,0.44002196,0.79002196,1.1300219,1.3900219,1.610022,1.810022,1.900022,1.900022,1.800022,1.610022,1.310022,0.890022,0.37002197
1.0000219,1.040022,1.060022,1.080022,1.110022,1.1300219,1.160022,1.170022,1.180022,1.200022,1.210022,1.230022,1.240022,1.240022,1.210022,1.150022,1.080022,0.99002194,0.900022,0.820022,0.760022,0.710022,0.67002195,0.650022,0.620022,0.570022,0.510022,0.42002198,0.31002197,0.19002198,0.050021973,-0.09997803,-0.26997802,-0.43997803,-0.609978,-0.76997805,-0.90997803,-1.009978,-1.059978,-1.059978,-1.019978,-0.929978,-0.789978,-0.58997804,-0.32997802,-0.04997803,0.27002198,0.59002197,0.880022,1.110022,1.300022,1.460022,1.570022,1.600022,1.5000219,1.290022,0.99002194,0.580022,0.060021974
1.5100219,1.590022,1.670022,1.7700219,1.840022,1.910022,1.960022,1.990022,2.020022,2.050022,2.0600219,2.0700219,2.0700219,2.040022,2.000022,1.930022,1.850022,1.7600219,1.670022,1.580022,1.5100219,1.430022,1.360022,1.300022,1.230022,1.160022,1.050022,0.930022,0.79002196,0.650022,0.500022,0.320022,0.14002198,-0.059978027,-0.25997803,-0.459978,-0.63997805,-0.77997804,-0.869978,-0.919978,-0.919978,-0.869978,-0.76997805,-0.619978,-0.429978,-0.18997803,0.090021975,0.37002197,0.620022,0.80002195,0.960022,1.090022,1.180022,1.210022,1.1300219,0.940022,0.650022,0.27002198,-0.22997802
2.090022,2.210022,2.3200219,2.410022,2.510022,2.590022,2.650022,2.690022,2.720022,2.750022,2.770022,2.780022,2.770022,2.740022,2.680022,2.620022,2.540022,2.470022,2.380022,2.290022,2.190022,2.090022,2.000022,1.910022,1.810022,1.720022,1.610022,1.480022,1.320022,1.150022,0.98002195,0.79002196,0.60002196,0.40002197,0.19002198,-0.029978028,-0.21997803,-0.37997803,-0.50997806,-0.599978,-0.669978,-0.70997804,-0.69997805,-0.619978,-0.47997802,-0.29997802,-0.06997803,0.17002197,0.38002196,0.55002195,0.67002195,0.770022,0.820022,0.810022,0.73002195,0.55002195,0.290022,-0.06997803,-0.539978
2.610022,2.760022,2.890022,2.990022,3.0800219,3.140022,3.200022,3.240022,3.270022,3.300022,3.3300219,3.350022,3.340022,3.300022,3.250022,3.170022,3.100022,3.020022,2.940022,2.860022,2.770022,2.670022,2.5700219,2.460022,2.360022,2.250022,2.130022,2.010022,1.8700219,1.700022,1.5200219,1.320022,1.1200219,0.92002195,0.72002196,0.520022,0.320022,0.12002197,-0.04997803,-0.18997803,-0.30997804,-0.39997804,-0.44997802,-0.47997802,-0.44997802,-0.34997803,-0.18997803,2.1972657E-5,0.18002197,0.320022,0.42002198,0.49002197,0.510022,0.47002196,0.36002198,0.17002197,-0.09997803,-0.41997802,-0.82997805
3.0600219,3.210022,3.360022,3.460022,3.520022,3.5700219,3.610022,3.660022,3.700022,3.740022,3.770022,3.780022,3.760022,3.720022,3.660022,3.5800219,3.510022,3.430022,3.360022,3.280022,3.210022,3.130022,3.040022,2.950022,2.850022,2.740022,2.630022,2.510022,2.380022,2.230022,2.0700219,1.8900219,1.700022,1.5100219,1.310022,1.1200219,0.930022,0.72002196,0.53002197,0.34002197,0.18002197,0.030021973,-0.09997803,-0.19997802,-0.24997802,-0.24997802,-0.19997802,-0.10997803,2.1972657E-5,0.090021975,0.16002198,0.20002197,0.20002197,0.14002198,0.020021973,-0.17997803,-0.43997803,-0.739978,-1.099978
3.510022,3.660022,3.780022,3.880022,3.940022,3.980022,4.030022,4.070022,4.100022,4.110022,4.110022,4.100022,4.060022,4.000022,3.930022,3.860022,3.780022,3.710022,3.650022,3.590022,3.530022,3.460022,3.400022,3.3200219,3.240022,3.150022,3.050022,2.930022,2.8100219,2.680022,2.540022,2.400022,2.260022,2.100022,1.930022,1.7500219,1.550022,1.340022,1.1300219,0.92002195,0.73002195,0.54002196,0.37002197,0.22002198,0.10002197,2.1972657E-5,-0.04997803,-0.07997803,-0.06997803,-0.04997803,-0.029978028,-0.039978027,-0.06997803,-0.12997803,-0.26997802,-0.46997803,-0.70997804,-0.96997803,-1.289978
3.890022,3.980022,4.090022,4.220022,4.320022,4.400022,4.4500217,4.480022,4.470022,4.420022,4.360022,4.330022,4.260022,4.180022,4.110022,4.030022,3.970022,3.910022,3.860022,3.8100219,3.760022,3.710022,3.660022,3.610022,3.550022,3.460022,3.370022,3.260022,3.150022,3.040022,2.920022,2.800022,2.690022,2.5800219,2.450022,2.300022,2.120022,1.910022,1.690022,1.470022,1.2500219,1.050022,0.86002195,0.680022,0.520022,0.37002197,0.24002197,0.12002197,0.030021973,-0.029978028,-0.089978024,-0.15997803,-0.22997802,-0.30997804,-0.43997803,-0.629978,-0.859978,-1.1099781,-1.389978
4.230022,4.280022,4.340022,4.420022,4.510022,4.610022,4.680022,4.720022,4.7000217,4.630022,4.550022,4.500022,4.390022,4.300022,4.240022,4.190022,4.150022,4.110022,4.080022,4.020022,3.980022,3.920022,3.870022,3.8200219,3.760022,3.690022,3.610022,3.520022,3.420022,3.3200219,3.200022,3.090022,2.980022,2.880022,2.780022,2.650022,2.500022,2.3100219,2.120022,1.910022,1.700022,1.5000219,1.300022,1.110022,0.91002196,0.73002195,0.560022,0.41002196,0.26002198,0.12002197,-0.009978027,-0.13997802,-0.25997803,-0.38997802,-0.51997805,-0.689978,-0.89997804,-1.149978,-1.399978
4.630022,4.660022,4.680022,4.710022,4.740022,4.800022,4.850022,4.890022,4.890022,4.830022,4.750022,4.660022,4.580022,4.510022,4.460022,4.410022,4.380022,4.350022,4.310022,4.270022,4.210022,4.140022,4.060022,3.980022,3.890022,3.8100219,3.740022,3.660022,3.5700219,3.490022,3.400022,3.300022,3.170022,3.040022,2.920022,2.790022,2.650022,2.500022,2.340022,2.180022,2.020022,1.850022,1.660022,1.460022,1.2600219,1.060022,0.86002195,0.66002196,0.49002197,0.30002198,0.13002197,-0.029978028,-0.20997803,-0.36997804,-0.52997804,-0.69997805,-0.879978,-1.099978,-1.329978
5.090022,5.130022,5.160022,5.180022,5.190022,5.2000217,5.2000217,5.2000217,5.180022,5.140022,5.080022,5.010022,4.930022,4.820022,4.730022,4.670022,4.620022,4.580022,4.540022,4.480022,4.420022,4.330022,4.230022,4.120022,4.020022,3.920022,3.8200219,3.740022,3.650022,3.5600219,3.480022,3.380022,3.260022,3.120022,2.980022,2.840022,2.710022,2.5700219,2.440022,2.3100219,2.190022,2.050022,1.910022,1.730022,1.540022,1.330022,1.100022,0.890022,0.690022,0.48002198,0.28002197,0.08002197,-0.09997803,-0.27997804,-0.459978,-0.619978,-0.799978,-0.989978,-1.189978
5.530022,5.610022,5.670022,5.710022,5.730022,5.740022,5.730022,5.690022,5.640022,5.560022,5.470022,5.370022,5.280022,5.160022,5.040022,4.970022,4.890022,4.800022,4.740022,4.660022,4.570022,4.470022,4.360022,4.250022,4.140022,4.040022,3.950022,3.850022,3.750022,3.650022,3.540022,3.420022,3.280022,3.160022,3.040022,2.910022,2.770022,2.640022,2.510022,2.390022,2.270022,2.160022,2.020022,1.8800219,1.710022,1.5100219,1.310022,1.080022,0.86002195,0.640022,0.43002197,0.22002198,0.020021973,-0.15997803,-0.32997802,-0.48997802,-0.63997805,-0.799978,-0.96997803
5.900022,6.010022,6.090022,6.160022,6.210022,6.230022,6.220022,6.180022,6.120022,6.020022,5.900022,5.760022,5.620022,5.470022,5.350022,5.250022,5.140022,5.060022,4.970022,4.890022,4.780022,4.650022,4.520022,4.370022,4.250022,4.130022,4.020022,3.910022,3.800022,3.690022,3.5800219,3.450022,3.3300219,3.210022,3.0800219,2.940022,2.800022,2.680022,2.550022,2.440022,2.3100219,2.190022,2.0600219,1.920022,1.7700219,1.6200219,1.430022,1.230022,1.0100219,0.79002196,0.580022,0.37002197,0.16002198,-0.019978028,-0.18997803,-0.32997802,-0.44997802,-0.559978,-0.69997805
6.120022,6.240022,6.360022,6.460022,6.550022,6.590022,6.600022,6.570022,6.500022,6.400022,6.270022,6.140022,6.000022,5.860022,5.720022,5.590022,5.470022,5.350022,5.260022,5.150022,5.060022,4.930022,4.780022,4.600022,4.430022,4.270022,4.130022,3.980022,3.840022,3.700022,3.5700219,3.460022,3.340022,3.210022,3.0700219,2.930022,2.790022,2.680022,2.5700219,2.470022,2.350022,2.210022,2.0700219,1.930022,1.780022,1.6300219,1.460022,1.280022,1.090022,0.900022,0.700022,0.510022,0.320022,0.14002198,-0.019978028,-0.13997802,-0.22997802,-0.32997802,-0.40997803
6.240022,6.370022,6.490022,6.610022,6.720022,6.790022,6.820022,6.820022,6.770022,6.7000217,6.600022,6.490022,6.380022,6.260022,6.140022,6.010022,5.880022,5.750022,5.620022,5.490022,5.370022,5.240022,5.100022,4.930022,4.730022,4.520022,4.340022,4.150022,3.990022,3.8200219,3.660022,3.510022,3.340022,3.190022,3.050022,2.920022,2.780022,2.660022,2.5600219,2.480022,2.380022,2.270022,2.130022,1.970022,1.800022,1.6200219,1.440022,1.2700219,1.090022,0.930022,0.760022,0.60002196,0.45002198,0.31002197,0.19002198,0.08002197,2.1972657E-5,-0.06997803,-0.12997803
6.400022,6.490022,6.590022,6.690022,6.790022,6.870022,6.920022,6.9500217,6.930022,6.910022,6.860022,6.800022,6.710022,6.630022,6.540022,6.440022,6.320022,6.2000217,6.070022,5.920022,5.760022,5.600022,5.440022,5.260022,5.080022,4.870022,4.650022,4.4500217,4.270022,4.090022,3.910022,3.710022,3.510022,3.300022,3.120022,2.950022,2.800022,2.670022,2.550022,2.470022,2.400022,2.3200219,2.200022,2.040022,1.860022,1.680022,1.480022,1.280022,1.100022,0.940022,0.80002195,0.67002195,0.560022,0.44002196,0.35002196,0.26002198,0.20002197,0.15002197,0.13002197
6.620022,6.670022,6.720022,6.780022,6.840022,6.900022,6.960022,7.010022,7.040022,7.040022,7.040022,7.020022,6.980022,6.920022,6.860022,6.770022,6.690022,6.590022,6.470022,6.350022,6.190022,6.010022,5.800022,5.600022,5.400022,5.210022,5.020022,4.820022,4.630022,4.440022,4.240022,4.020022,3.790022,3.530022,3.280022,3.0700219,2.880022,2.720022,2.590022,2.490022,2.410022,2.340022,2.240022,2.110022,1.960022,1.780022,1.590022,1.3900219,1.210022,1.060022,0.92002195,0.810022,0.690022,0.59002197,0.48002198,0.37002197,0.290022,0.25002196,0.24002197
6.920022,6.9500217,6.970022,6.990022,7.020022,7.030022,7.040022,7.050022,7.070022,7.120022,7.150022,7.160022,7.160022,7.140022,7.100022,7.030022,6.940022,6.840022,6.730022,6.620022,6.480022,6.320022,6.130022,5.920022,5.710022,5.500022,5.330022,5.160022,4.990022,4.810022,4.610022,4.390022,4.140022,3.860022,3.5800219,3.300022,3.050022,2.850022,2.680022,2.550022,2.440022,2.360022,2.280022,2.190022,2.0600219,1.910022,1.730022,1.560022,1.400022,1.240022,1.100022,1.0000219,0.880022,0.770022,0.640022,0.510022,0.39002198,0.290022,0.26002198
7.210022,7.260022,7.290022,7.330022,7.350022,7.350022,7.320022,7.260022,7.2000217,7.190022,7.220022,7.250022,7.270022,7.270022,7.260022,7.2000217,7.120022,7.030022,6.920022,6.810022,6.660022,6.490022,6.310022,6.120022,5.930022,5.750022,5.580022,5.440022,5.310022,5.170022,5.000022,4.780022,4.510022,4.220022,3.910022,3.600022,3.300022,3.030022,2.8300219,2.670022,2.550022,2.460022,2.380022,2.300022,2.200022,2.0700219,1.910022,1.740022,1.570022,1.410022,1.2700219,1.150022,1.030022,0.930022,0.810022,0.680022,0.54002196,0.42002198,0.35002196
7.410022,7.460022,7.510022,7.570022,7.630022,7.690022,7.7000217,7.650022,7.580022,7.520022,7.480022,7.440022,7.420022,7.390022,7.360022,7.320022,7.260022,7.170022,7.060022,6.930022,6.780022,6.600022,6.410022,6.230022,6.070022,5.930022,5.800022,5.670022,5.550022,5.440022,5.310022,5.120022,4.860022,4.560022,4.230022,3.920022,3.620022,3.3300219,3.090022,2.910022,2.780022,2.670022,2.5800219,2.480022,2.380022,2.260022,2.100022,1.920022,1.740022,1.570022,1.410022,1.2700219,1.1400219,1.030022,0.940022,0.85002196,0.750022,0.67002195,0.60002196
7.730022,7.740022,7.760022,7.810022,7.890022,7.960022,8.020022,8.040022,8.030022,8.000022,7.940022,7.850022,7.760022,7.660022,7.570022,7.490022,7.400022,7.290022,7.160022,7.010022,6.840022,6.650022,6.470022,6.290022,6.160022,6.060022,5.970022,5.870022,5.760022,5.640022,5.520022,5.350022,5.140022,4.860022,4.560022,4.260022,3.970022,3.700022,3.470022,3.270022,3.120022,3.000022,2.870022,2.760022,2.620022,2.470022,2.3100219,2.130022,1.950022,1.7700219,1.580022,1.410022,1.2600219,1.160022,1.080022,1.030022,1.0000219,0.960022,0.930022
8.250022,8.240022,8.230022,8.250022,8.290022,8.330022,8.370022,8.410022,8.4400215,8.4400215,8.410022,8.330022,8.230022,8.100022,7.960022,7.800022,7.640022,7.480022,7.290022,7.100022,6.910022,6.710022,6.530022,6.370022,6.250022,6.170022,6.110022,6.040022,5.940022,5.830022,5.7000217,5.550022,5.360022,5.140022,4.890022,4.630022,4.370022,4.130022,3.920022,3.740022,3.5800219,3.410022,3.230022,3.0700219,2.930022,2.790022,2.610022,2.410022,2.200022,1.990022,1.800022,1.610022,1.460022,1.360022,1.300022,1.280022,1.280022,1.290022,1.290022
8.830022,8.800022,8.780022,8.780022,8.790022,8.800022,8.810022,8.840022,8.860022,8.870022,8.870022,8.830022,8.730022,8.580022,8.410022,8.220022,8.000022,7.770022,7.530022,7.300022,7.080022,6.880022,6.690022,6.530022,6.410022,6.330022,6.250022,6.170022,6.080022,5.980022,5.860022,5.730022,5.580022,5.390022,5.190022,4.970022,4.770022,4.580022,4.410022,4.240022,4.060022,3.860022,3.650022,3.480022,3.3200219,3.160022,2.960022,2.750022,2.530022,2.3100219,2.120022,1.940022,1.800022,1.710022,1.660022,1.6300219,1.6300219,1.6400219,1.650022
9.290022,9.280022,9.240022,9.210022,9.210022,9.200022,9.200022,9.220022,9.240022,9.250022,9.240022,9.200022,9.100022,8.960022,8.790022,8.590022,8.370022,8.130022,7.880022,7.640022,7.410022,7.2000217,6.990022,6.800022,6.640022,6.500022,6.400022,6.310022,6.210022,6.110022,6.000022,5.900022,5.790022,5.650022,5.490022,5.310022,5.140022,4.980022,4.840022,4.7000217,4.540022,4.330022,4.090022,3.900022,3.720022,3.530022,3.3300219,3.120022,2.930022,2.740022,2.5600219,2.410022,2.290022,2.180022,2.110022,2.0700219,2.050022,2.0600219,2.0600219
