wind-weather/data/weather/current/current-wind-isobaric-1000hPa-gfs-1.0.json
{"header": {"discipline":0,"disciplineName":"Meteorologicalproducts","gribEdition":2,"gribLength":75266,"center":7,"centerName":"USNationalWeatherService-NCEP(WMC)","subcenter":0,"refTime":"2017-11-24T12:00:00.000Z","significanceOfRT":0,"significanceOfRTName":"Analysis","productStatus":0,"productStatusName":"Operationalproducts","productType":0,"productTypeName":"Analysisproducts","productDefinitionTemplate":0,"productDefinitionTemplateName":"Analysis/forecastathorizontallevel/layeratapointintime","parameterCategory":2,"parameterCategoryName":"Momentum","parameterNumber":2,"parameterNumberName":"U-component_of_wind","parameterUnit":"m.s-1","genProcessType":0,"genProcessTypeName":"Analysis","forecastTime":0,"surface1Type":100,"surface1TypeName":"Isobaricsurface","surface1Value":100000.0,"surface2Type":255,"surface2TypeName":"Missing","surface2Value":0.0,"gridDefinitionTemplate":0,"gridDefinitionTemplateName":"Latitude_Longitude","numberPoints":65160,"shape":6,"shapeName":"Earthsphericalwithradiusof6,371,229.0m","gridUnits":"degrees","resolution":48,"winds":"true","scanMode":0,"nx":360,"ny":181,"basicAngle":0,"lo1":0.0,"la1":90.0,"lo2":359.0,"la2":-90.0,"dx":1.0,"dy":1.0}, "data":
[rows 26 to 51 of 181, columns 0 to 56 of 360]
16.444477,15.564478,12.784477,11.084477,11.244477,10.314478,10.314478,9.304478,7.0144777,-1.0455225,-4.8055224,-1.5855224,-1.8055224,-2.4055223,-2.3355224,-0.60552245,-0.79552245,-0.24552245,1.1244775,1.3544775,1.3144776,3.9444776,2.4444776,-1.8155224,0.15447754,-0.71552247,-0.97552246,-1.2255225,-1.1055225,-0.78552246,0.51447755,1.1944776,0.58447754,-0.35552245,-0.20552246,0.88447756,1.2344775,-1.3055224,-4.0655227,-1.8655225,-2.6755226,-3.2355225,-2.7455225,-1.7555225,-2.0855224,-1.8955225,-0.06552246,0.53447753,1.1644776,2.3044775,2.3044775,3.3444777,3.1844776,3.5244775,5.2444777,3.9044776,6.8444777
18.194477,19.774477,19.444477,16.834478,15.444477,17.374477,15.834477,7.0744777,0.30447754,0.53447753,0.33447754,-0.46552247,0.44447753,4.3644776,3.0344775,0.004477539,1.3344775,1.4944775,1.4644775,4.9544773,5.8644776,4.9144773,2.1444776,1.1144775,1.3744775,0.18447754,-1.1055225,-0.97552246,-1.6955224,-0.42552245,-0.67552245,0.03447754,0.15447754,-0.29552245,-0.7755225,-0.045522463,0.02447754,-0.56552243,-0.65552247,-1.0055225,-1.3755225,-1.8255224,-3.1255224,-2.5755224,-0.7655225,-1.1755224,-0.97552246,-0.60552245,-0.7055225,0.75447756,2.0144775,3.3044775,3.7944775,2.5544775,4.2644777,3.5644774,5.5144777
16.724478,17.994478,19.144478,18.774477,17.424477,14.374477,0.36447755,-1.1755224,-0.5755225,-2.9555225,0.87447757,0.8044775,2.6644776,3.9044776,5.1144776,3.2744775,3.3244774,3.6044776,7.0244775,7.3144774,7.4244776,6.5344777,2.1544776,2.0944777,1.5644776,0.41447753,-0.15552247,-0.35552245,0.05447754,-0.37552246,-1.3655225,-1.1155225,0.29447755,0.7944775,1.0044775,-1.1555225,-1.8255224,-0.87552243,-1.2255225,-0.9555225,-0.66552246,-1.8255224,-0.32552245,-0.5855225,-1.5555224,-1.6555225,-1.9855225,-1.3055224,-1.5055225,-1.7555225,-1.0455225,-0.5755225,0.06447754,0.75447756,1.3744775,2.1944776,2.3644776
16.364477,16.284477,16.184477,15.884478,14.354478,9.174478,6.3044777,1.2944776,-1.1655225,0.27447754,-0.81552243,0.7444775,2.1344776,3.7644775,3.6944776,3.8644776,4.6944776,3.7744775,7.474478,7.4644775,7.1844773,5.7144775,1.8344775,2.0644774,1.6944776,0.96447754,0.34447753,-0.05552246,-0.05552246,0.6744775,1.2644775,1.1444775,0.16447754,-0.61552244,0.41447753,0.57447755,-2.0855224,-1.2955225,-0.49552247,-0.73552245,-0.44552246,-0.74552244,-1.4355224,-1.5055225,-1.1055225,-1.5855224,-1.0655224,-1.4155225,-1.5655224,-1.3955225,-0.98552245,-0.66552246,0.15447754,0.32447755,0.7344775,1.1744776,0.78447753
16.504478,16.224478,15.814478,14.974478,13.854478,13.454477,7.4344773,3.1944776,6.6244774,0.82447755,1.0344776,2.5944777,3.6344776,3.8044775,3.6144776,4.4644775,3.2144775,2.3744776,2.6044776,4.1744776,5.7544775,7.2044773,5.8844776,4.4144773,4.0144777,4.5544777,3.8544776,4.8644776,3.4144776,1.2144775,0.35447752,1.3644775,0.47447753,-0.6355225,-1.4755225,-1.3755225,-0.80552244,-0.35552245,-1.3555225,-1.1755224,-0.56552243,-0.80552244,-1.0855224,-1.9655224,-1.9455224,-2.0555224,-2.6155224,-1.7955225,-0.97552246,-1.3955225,-0.72552246,-0.9555225,-0.44552246,-1.3955225,-0.79552245,-0.7055225,-0.14552246
15.514478,15.154477,14.864477,14.774478,14.404477,14.184478,7.5544777,5.4944777,6.0144777,3.6744776,8.444477,10.084477,2.6544776,8.464478,8.274478,3.0444775,1.9844775,1.7044775,3.2544775,6.6944776,7.6844773,7.6244774,5.8844776,4.0044775,2.2044775,1.4044776,0.96447754,1.3244776,1.1344775,0.6644775,1.1544776,1.0244775,0.38447753,-0.65552247,-0.81552243,-1.0555224,-1.4555224,-1.6955224,-0.66552246,-0.8355225,-0.54552245,-1.2655225,-1.2455225,-1.6255225,-2.2355225,-2.1055224,-1.8055224,-2.0055225,-0.71552247,-1.5955224,-1.5855224,-1.6055225,-1.2655225,-1.5455225,-1.6855224,-1.7355225,-1.6555225
10.984478,11.124477,11.174478,11.404477,11.444477,10.624477,11.094478,9.194477,8.134478,8.874477,7.5144777,7.4444776,2.6844776,2.6744776,3.5544775,2.9544775,1.6744776,4.1644773,7.0244775,4.3744774,5.5044775,6.974478,5.7044773,5.6044774,4.6444774,1.3044776,1.0944775,1.6044775,-0.03552246,1.0544776,2.3044775,0.7944775,-0.29552245,-0.67552245,-1.1455225,-0.9455225,-0.8855225,-1.2455225,-0.33552247,-0.99552244,-0.45552245,-0.72552246,-0.81552243,-1.3355224,-2.0355225,-1.8155224,-2.0155225,-2.4655225,-2.2155225,-1.8355224,-1.3355224,-2.4055223,-1.9755225,-2.4355226,-1.9355224,-1.4555224,-1.4955225
9.614477,8.134478,7.3944774,7.6244774,7.8344774,7.8644776,7.6344776,7.1044774,6.3144774,3.5944777,1.4144776,4.5944777,4.2144775,1.2344775,1.6844776,1.6344775,1.3744775,3.6344776,5.2344775,4.3744774,5.3144774,3.9444776,1.6044775,2.4444776,1.1444775,0.25447753,0.6744775,0.16447754,0.27447754,2.0244775,0.50447756,0.50447756,0.05447754,-0.32552245,-0.025522461,-0.5155225,-0.48552245,-0.5255225,-0.55552244,-0.09552246,0.21447754,0.11447754,-0.03552246,-0.8355225,-1.2755225,-1.6855224,-1.6555225,-1.6055225,-2.1155224,-2.2955225,-2.0255225,-1.6555225,-1.2855225,-2.4155226,-3.0755224,-2.3855224,-2.8355224
8.304478,7.9344773,7.4444776,7.2544775,7.1544776,6.7044773,6.3844776,5.8944774,4.5544777,1.4344776,1.7344775,4.2044773,3.5144775,1.7544775,1.3744775,3.8244774,3.9244776,3.4644775,1.8944775,1.2744775,1.8944775,0.7444775,0.46447754,0.64447755,0.44447753,-0.08552246,-0.41552246,-0.6955225,0.90447754,0.28447753,0.124477535,-0.20552246,-0.16552246,-0.015522461,0.37447754,0.75447756,0.56447756,0.84447753,1.0844775,0.58447754,0.87447757,1.4544775,0.14447755,0.03447754,-0.005522461,-1.0155225,-1.2555225,-0.97552246,-1.1255225,-2.1255224,-2.6255224,-2.3155224,-3.2955225,-3.4755225,-3.4655225,-2.4355226,-2.6455224
9.604478,9.344478,9.034477,8.774478,8.5044775,8.514478,8.174478,7.8944774,7.8444777,3.8244774,5.6644773,6.4944777,4.2044773,5.1544776,4.2144775,2.8144774,4.0744777,0.26447755,-2.1055224,-0.86552244,0.30447754,-0.66552246,-0.025522461,-0.7055225,-0.25552246,-0.55552244,-0.49552247,1.0244775,0.37447754,-0.32552245,-0.60552245,-0.49552247,-0.43552247,0.02447754,0.48447755,0.45447755,1.1744776,1.6244775,1.3744775,1.2944776,1.9844775,1.8544775,0.77447754,0.50447756,0.124477535,-0.26552245,-0.23552246,-0.6355225,-0.60552245,-2.7555225,-3.0855224,-3.5755224,-3.5355225,-3.1555223,-2.7455225,-1.1755224,-0.73552245
8.534477,9.624477,8.914477,8.954477,9.394478,9.514478,9.864477,9.594478,7.8344774,6.0944777,3.8044775,3.8844776,3.3144774,2.7844775,1.9044776,2.8344774,2.9244776,1.6444775,1.4544775,0.9744775,0.89447755,0.48447755,0.56447756,0.83447754,-0.40552247,-1.0255225,-0.33552247,-0.45552245,-0.5055225,-0.7655225,-0.98552245,-0.84552246,-0.60552245,-0.16552246,0.36447755,1.0744776,1.1644776,0.7944775,0.42447755,1.2144775,2.6344776,2.7544775,2.5744774,2.3344774,1.9244776,1.3244776,0.9744775,1.0044775,-0.05552246,0.14447755,-1.8755225,-4.1555223,-4.0455227,-3.9055223,-3.8755224,-1.6955224,-0.26552245
5.5144777,6.6744776,7.3744774,7.7844777,7.9044776,7.7444777,5.5944777,4.1544776,4.1444774,4.1844773,3.4244776,2.4644775,0.25447753,3.7144775,4.5144777,4.6244774,2.7544775,2.1544776,1.0644776,0.59447753,0.36447755,0.47447753,0.7444775,0.9944775,0.31447753,-0.5855225,-0.91552246,-1.0555224,-1.2655225,-1.0855224,-1.5055225,-1.1155225,-0.8355225,-0.5155225,0.26447755,0.5544775,1.1644776,1.1644776,1.3744775,1.8344775,2.0444775,2.3044775,2.8544776,2.8044775,3.6544776,3.2844775,3.1044776,2.3544776,2.1244776,0.6044775,-1.0055225,-2.1855226,-2.6255224,-3.5155225,-3.4355226,-3.3755224,-1.7255225
1.9544775,2.4444776,3.9344776,4.7344775,4.2444777,2.4244776,3.0744774,4.1344776,3.9944775,3.4644775,2.4444776,2.5344775,5.2144775,5.9344773,4.7044773,2.9344776,3.2544775,1.2444775,1.6144775,1.0544776,0.6744775,0.07447754,0.76447755,1.2344775,0.81447756,0.14447755,-0.19552246,-0.87552243,-1.2355225,-1.3055224,-1.2855225,-1.2055224,-1.1355225,-0.7555225,-0.61552244,-0.48552245,0.37447754,0.7444775,1.4244776,1.8444775,1.2044775,1.4044776,1.7544775,2.5344775,3.5044775,4.4444776,5.1844773,4.0844774,4.5644774,4.9544773,3.7244775,1.6644776,-1.2955225,-0.91552246,-1.3255224,-1.5955224,-2.2955225
-0.39552248,0.21447754,1.8544775,3.7544775,4.4644775,4.6344776,3.4044776,1.4744775,2.4144776,4.3144774,5.6844773,7.5044775,6.1744776,5.7844777,0.95447755,2.0344775,3.5644774,1.9744775,-0.91552246,1.6344775,0.42447755,0.68447757,0.69447756,2.1644776,1.5144775,1.2244775,0.48447755,-0.86552244,-0.91552246,-1.2055224,-1.5055225,-1.2655225,-1.3555225,-1.2455225,-1.3055224,-1.3055224,-1.2055224,-0.84552246,-0.28552246,0.19447754,1.2744775,1.6944776,3.5244775,2.7844775,3.4544775,4.2844777,6.1144776,7.0544777,8.094478,8.584477,8.544477,8.564478,6.6544776,5.1344776,4.3444777,3.8244774,2.9844775
5.4944777,5.6644773,3.4944775,1.6044775,0.6744775,1.6044775,4.6044774,5.9244776,4.3144774,3.8844776,5.7044773,3.0444775,3.2644775,4.5344777,3.2344775,1.0644776,-1.6955224,-0.72552246,4.1644773,1.3144776,-0.46552247,-0.5055225,2.3544776,1.5144775,1.7544775,1.1244775,0.7344775,-0.15552247,-0.7055225,-1.0655224,-0.91552246,-1.5355225,-1.8055224,-1.9755225,-2.1655226,-2.5955224,-2.3755224,-2.1855226,-1.5455225,-0.48552245,0.05447754,0.87447757,1.2144775,2.4044776,2.6544776,3.8244774,5.474478,6.7744775,8.134478,9.444477,9.904477,9.554478,9.414477,7.6344776,6.1144776,5.9044776,5.3144774
0.8044775,-0.19552246,-0.27552247,2.4144776,5.3844776,6.0344777,7.4644775,7.0044775,5.6544776,3.4344776,3.3144774,3.2244775,0.14447755,-0.9455225,2.7344775,-0.61552244,-0.7755225,1.0544776,0.38447753,0.8544775,1.4344776,0.77447754,0.044477537,1.9144776,0.75447756,-2.0355225,-1.0555224,-1.0155225,-0.84552246,-1.4455224,-0.90552247,-1.2555225,-2.1555223,-2.4455225,-2.6955225,-3.1255224,-3.6255224,-2.6355224,-2.6055224,-1.4255224,-2.2555225,-0.96552247,-0.30552247,0.6144775,1.1444775,1.4544775,2.0544775,2.9444776,4.5844774,6.5044775,7.0044775,7.0944777,6.8844776,6.5244775,6.3144774,5.6844773,5.6844773
3.8844776,5.2544775,5.5144777,7.9244776,7.1844773,5.9644775,5.2944775,6.4844775,3.9744775,2.5344775,2.4344776,0.70447755,0.71447754,-0.24552245,-0.5255225,-0.08552246,-0.8955225,-2.5455225,-1.1155225,-0.66552246,-0.55552244,-0.14552246,0.044477537,-0.59552246,1.1144775,1.5544776,-2.2155225,-1.8155224,-2.0255225,-1.3055224,-1.3055224,-1.0855224,-1.8455224,-2.5755224,-2.8655224,-2.8655224,-3.3355224,-3.0355225,-2.6755226,-2.8455224,-3.1955225,-2.5155225,-2.2155225,-0.91552246,0.32447755,1.3444775,1.9944775,2.8544776,3.9344776,4.5644774,5.0544777,5.0844774,5.724478,5.4944777,4.4444776,5.1044774,5.1044774
6.5044775,6.7144775,7.0044775,5.6244774,4.0244775,4.0344777,5.7944775,6.1944776,3.1244776,1.2244775,0.21447754,0.5544775,0.22447754,0.58447754,0.70447755,1.7944776,0.58447754,0.42447755,-1.0455225,-0.26552245,-0.25552246,-0.20552246,1.5644776,-1.6455225,-0.73552245,1.8844775,-0.05552246,-1.9355224,-2.5655224,-2.6355224,-1.3455224,-1.2755225,-1.2155224,-2.0455225,-2.1755226,-2.1855226,-1.8955225,-2.4855225,-3.3655224,-3.5155225,-4.4555225,-3.8255224,-3.2355225,-2.4255226,-0.8855225,0.20447753,1.6844776,2.8044775,3.5444775,4.2944775,4.3044777,4.2644777,4.3844776,3.8244774,3.4144776,4.224478,5.5744777
3.1644776,0.94447756,2.7544775,3.6144776,2.7244775,1.1744776,2.8044775,2.7044775,1.4244776,0.6144775,1.4944775,1.2444775,-0.20552246,0.35447752,2.5144775,2.9644775,2.1144776,2.1744776,2.2944775,2.0444775,2.1744776,-0.72552246,-0.7755225,-1.0455225,-1.5355225,0.11447754,2.5444775,-2.8655224,-2.5455225,-3.4855225,-3.8555224,-3.3555224,-1.5655224,-1.1755224,-0.55552244,-0.5855225,-0.74552244,-1.6655225,-2.2655225,-1.1655225,-0.99552244,-0.44552246,0.40447754,-0.35552245,-0.93552244,0.46447754,1.1544776,1.0644776,1.8344775,2.0944777,3.0244775,3.4844775,4.1244774,3.3444777,2.2844775,3.0244775,4.9144773
1.2844776,0.83447754,-0.9455225,2.5444775,1.3244776,2.8144774,0.89447755,0.29447755,-0.045522463,-0.38552245,-1.6955224,0.09447754,0.83447754,1.7444775,0.20447753,4.2844777,3.8944776,3.0544775,4.1244774,3.9344776,3.6244776,-0.22552246,1.3844775,0.20447753,1.6244775,0.95447755,-0.21552247,-0.67552245,-4.2555223,-4.4955225,-4.6355224,-4.0055223,-2.1855226,-0.7755225,-0.44552246,2.3244774,2.9444776,2.4844775,3.1244776,4.7344775,3.4244776,0.014477539,0.02447754,0.65447754,0.78447753,-0.5055225,-0.59552246,-1.0655224,-0.97552246,-0.26552245,0.05447754,1.3344775,1.6844776,2.0144775,1.9944775,2.7944775,3.9544775
-0.99552244,-2.1555223,-2.3955224,-3.0055225,-0.5155225,-2.9455225,-0.8955225,1.5844775,0.43447754,-2.6855226,-0.16552246,1.0344776,1.6144775,0.014477539,5.5044775,2.4244776,2.2044775,2.3044775,1.0544776,1.6044775,1.5244775,0.9844775,2.1144776,-0.43552247,-0.36552247,-1.0155225,-1.2255225,-0.44552246,-0.81552243,-6.5755224,-6.8655224,-4.6255226,-2.6255224,-0.20552246,2.0444775,-1.6155225,2.2544775,5.2644777,5.2444777,0.62447757,1.3244776,-1.8655225,-2.9455225,-3.4455225,-2.8355224,-3.1255224,-2.7355225,-2.9755225,-3.0755224,-4.1455226,-2.6055224,-2.1355224,-1.5055225,-0.12552246,0.17447753,1.0244775,2.1344776
0.82447755,0.014477539,-3.8955224,-0.55552244,-2.7155225,-8.415523,-7.2555223,-2.6555223,0.31447753,-0.09552246,-1.8155224,0.26447755,0.35447752,2.5544775,-2.0155225,2.7544775,2.4444776,2.1444776,2.2744775,1.2744775,1.1744776,1.1044775,1.9444776,2.5044775,0.9244775,-0.38552245,0.50447756,-0.05552246,-0.43552247,1.1244775,-4.1755223,-4.3655224,-2.8155224,-0.53552246,3.9144776,4.8644776,3.2344775,5.1044774,7.0944777,7.3044777,-4.2255225,-3.2655225,0.53447753,2.5244775,-1.5855224,-2.4755225,-1.9555224,-1.6055225,2.5944777,-7.5355225,-5.9155226,-4.0855227,-3.6155224,-3.8855224,-1.5955224,-0.45552245,0.57447755
1.8344775,3.5844774,7.1244774,-0.48552245,2.4144776,1.7044775,-1.1155225,-1.6255225,-0.98552245,1.8944775,-0.86552244,-1.7455225,-2.2355225,1.7244775,0.89447755,-2.3455224,0.09447754,0.84447753,-0.21552247,1.7744775,2.0044775,-0.80552244,1.3244776,2.0544775,-0.16552246,-2.1655226,-0.8255225,0.46447754,-1.3255224,1.6044775,3.9244776,-0.96552247,-2.8855224,-0.21552247,1.6644776,5.4044776,7.5644774,7.5944777,7.4044776,8.364477,7.724478,6.3244777,0.94447756,-1.4755225,-0.37552246,0.9244775,2.7644775,1.5644776,1.4844775,-0.14552246,-6.2455225,-6.1155224,-5.1455226,-4.7955227,-3.3955224,-1.4955225,-0.5155225
1.3144776,2.1244776,2.1944776,4.4644775,4.0444775,4.1344776,2.6444776,0.6044775,0.58447754,1.6144775,-0.71552247,0.59447753,1.8644775,-1.5355225,0.07447754,2.1644776,0.6744775,0.78447753,1.8044776,-0.92552245,1.4544775,0.8644775,-1.1555225,1.0044775,0.69447756,0.13447754,0.56447756,0.57447755,0.59447753,0.96447754,-0.07552246,0.70447755,1.3244776,2.3344774,2.8244774,1.2444775,1.0644776,0.9944775,6.5044775,8.114477,6.3744774,3.1044776,0.49447754,2.6744776,2.4044776,-1.5855224,-1.2355225,2.9344776,2.4044776,0.41447753,5.3844776,-7.0055223,-5.0655227,-4.0455227,-4.2255225,-3.9655225,-2.6355224
2.1544776,3.2744775,2.6344776,5.8044777,5.0244775,5.2644777,4.1544776,2.5044775,0.47447753,2.1044776,-2.4155226,1.1144775,1.6544776,1.7944776,1.5244775,1.5044775,1.6344775,-0.84552246,1.5044775,-0.11552246,1.3444775,1.2144775,-0.8955225,-1.7555225,-2.5055225,0.43447754,1.3244776,1.0944775,0.30447754,1.2744775,0.53447753,2.1544776,2.1644776,3.7144775,2.5644774,5.4144773,3.9344776,6.1244774,3.3644776,4.6944776,6.2544775,5.5544777,5.1944776,2.6544776,-1.3955225,3.1944776,2.6544776,-1.1255225,4.1444774,3.4444776,0.50447756,5.5544777,1.2044775,-3.6355224,-6.6355224,-1.3255224,-4.2855225
0.48447755,3.8444777,6.0444775,6.8144774,6.9244776,6.1044774,5.2044773,3.8744776,1.4844775,1.5544776,1.7044775,0.39447755,-0.015522461,-0.85552245,-0.42552245,1.2844776,3.1044776,-2.4155226,0.03447754,0.90447754,0.63447756,2.0144775,0.03447754,-1.1455225,0.68447757,0.47447753,-1.9155225,0.28447753,0.13447754,0.96447754,0.84447753,0.93447757,1.6944776,2.4744775,4.2444777,4.3044777,4.7644777,7.2444777,4.5344777,5.2344775,-0.29552245,2.6444776,3.8944776,4.2544775,5.1844773,-1.9455224,3.6044776,-0.59552246,0.78447753,4.474478,-0.5255225,-0.22552246,-0.15552247,-0.12552246,-2.4355226,-4.4455223,-4.8055224
