wind-weather/data/weather/current/current-wind-isobaric-500hPa-gfs-1.0.json
{"header": {"discipline":0,"disciplineName":"Meteorologicalproducts","gribEdition":2,"gribLength":45856,"center":7,"centerName":"USNationalWeatherService-NCEP(WMC)","subcenter":0,"refTime":"2017-11-24T12:00:00.000Z","significanceOfRT":0,"significanceOfRTName":"Analysis","productStatus":0,"productStatusName":"Operationalproducts","productType":0,"productTypeName":"Analysisproducts","productDefinitionTemplate":0,"productDefinitionTemplateName":"Analysis/forecastathorizontallevel/layeratapointintime","parameterCategory":2,"parameterCategoryName":"Momentum","parameterNumber":2,"parameterNumberName":"U-component_of_wind","parameterUnit":"m.s-1","genProcessType":0,"genProcessTypeName":"Analysis","forecastTime":0,"surface1Type":100,"surface1TypeName":"Isobaricsurface","surface1Value":50000.0,"surface2Type":255,"surface2TypeName":"Missing","surface2Value":0.0,"gridDefinitionTemplate":0,"gridDefinitionTemplateName":"Latitude_Longitude","numberPoints":65160,"shape":6,"shapeName":"Earthsphericalwithradiusof6,371,229.0m","gridUnits":"degrees","resolution":48,"winds":"true","scanMode":0,"nx":360,"ny":181,"basicAngle":0,"lo1":0.0,"la1":90.0,"lo2":359.0,"la2":-90.0,"dx":1.0,"dy":1.0}, "data":
[rows 0 to 25 of 181, columns 232 to 289 of 360]
6.5040283,6.8040285,7.104028,7.4040284,7.704028,8.004028,8.3040285,8.604029,8.904028,9.204028,9.404028,9.704028,10.004028,10.204028,10.504028,10.8040285,11.004028,11.3040285,11.504028,11.8040285,12.004028,12.3040285,12.504028,12.704028,13.004028,13.204028,13.404028,13.604029,13.8040285,14.104029,14.3040285,14.504028,14.704028,14.8040285,15.004028,15.204028,15.404028,15.604029,15.704028,15.904028,16.104029,16.20403,16.404028,16.504028,16.604029,16.804028,16.904028,17.004028,17.104029,17.304028,17.404028,17.504028,17.604029,17.70403,17.70403,17.804028,17.904028,18.004028
3.9040284,4.204028,4.5040283,4.8040285,5.104028,5.3040285,5.604028,5.9040284,6.104028,6.4040284,6.704028,6.9040284,7.104028,7.4040284,7.604028,7.8040285,8.104029,8.3040285,8.504028,8.704028,8.904028,9.104029,9.3040285,9.504028,9.604029,9.8040285,10.004028,10.104029,10.3040285,10.504028,10.604029,10.704028,10.904028,11.004028,11.104029,11.204028,11.404028,11.504028,11.604029,11.704028,11.704028,11.8040285,11.904028,12.004028,12.004028,12.104029,12.204028,12.204028,12.3040285,12.3040285,12.3040285,12.404028,12.404028,12.404028,12.404028,12.404028,12.404028,12.404028
1.7040284,2.0040283,2.3040283,2.6040282,2.9040284,3.1040282,3.4040284,3.7040284,4.0040283,4.3040285,4.5040283,4.8040285,5.104028,5.3040285,5.604028,5.8040285,6.0040283,6.3040285,6.5040283,6.704028,6.9040284,7.104028,7.3040285,7.5040283,7.704028,7.9040284,8.104029,8.204028,8.404028,8.504028,8.704028,8.8040285,8.904028,9.104029,9.204028,9.3040285,9.404028,9.504028,9.504028,9.604029,9.704028,9.704028,9.8040285,9.8040285,9.904028,9.904028,9.904028,10.004028,10.004028,10.004028,10.004028,10.004028,10.004028,10.004028,10.004028,9.904028,9.904028,9.904028
0.5040283,0.9040283,1.3040283,1.7040284,2.0040283,2.4040284,2.8040283,3.1040282,3.5040283,3.8040283,4.204028,4.5040283,4.8040285,5.104028,5.4040284,5.704028,6.0040283,6.3040285,6.604028,6.9040284,7.104028,7.4040284,7.604028,7.9040284,8.104029,8.3040285,8.604029,8.8040285,9.004028,9.104029,9.3040285,9.504028,9.604029,9.8040285,9.904028,10.004028,10.204028,10.204028,10.3040285,10.404028,10.504028,10.504028,10.604029,10.604029,10.704028,10.704028,10.704028,10.704028,10.704028,10.704028,10.704028,10.704028,10.704028,10.704028,10.604029,10.604029,10.604029,10.504028
-0.2959717,0.20402832,0.60402834,1.0040283,1.4040283,1.8040283,2.2040284,2.6040282,3.0040283,3.4040284,3.7040284,4.104028,4.4040284,4.704028,5.0040283,5.3040285,5.604028,5.8040285,6.104028,6.3040285,6.5040283,6.704028,7.0040283,7.104028,7.3040285,7.5040283,7.704028,7.8040285,8.004028,8.104029,8.204028,8.3040285,8.404028,8.504028,8.604029,8.704028,8.704028,8.8040285,8.8040285,8.904028,8.904028,8.904028,8.904028,9.004028,9.004028,8.904028,8.904028,8.904028,8.904028,8.8040285,8.8040285,8.8040285,8.704028,8.604029,8.604029,8.504028,8.404028,8.3040285
-1.2959716,-0.89597166,-0.49597168,-0.09597168,0.30402833,0.60402834,1.0040283,1.3040283,1.6040283,1.9040283,2.2040284,2.5040283,2.8040283,3.0040283,3.2040284,3.5040283,3.7040284,3.9040284,4.104028,4.3040285,4.5040283,4.604028,4.8040285,5.0040283,5.204028,5.3040285,5.4040284,5.604028,5.704028,5.9040284,6.0040283,6.104028,6.204028,6.204028,6.3040285,6.4040284,6.4040284,6.4040284,6.4040284,6.4040284,6.4040284,6.3040285,6.3040285,6.204028,6.104028,6.0040283,5.9040284,5.8040285,5.704028,5.604028,5.4040284,5.204028,5.104028,4.9040284,4.704028,4.5040283,4.204028,4.0040283
-3.0959716,-2.6959717,-2.2959716,-1.9959717,-1.6959717,-1.3959717,-1.0959717,-0.7959717,-0.5959717,-0.2959717,-0.09597168,0.10402832,0.40402833,0.60402834,0.80402833,0.9040283,1.1040283,1.3040283,1.4040283,1.5040283,1.7040284,1.8040283,1.9040283,2.0040283,2.1040282,2.2040284,2.2040284,2.2040284,2.3040283,2.3040283,2.2040284,2.2040284,2.1040282,2.1040282,2.0040283,1.9040283,1.9040283,1.8040283,1.7040284,1.6040283,1.5040283,1.4040283,1.3040283,1.2040284,1.1040283,0.9040283,0.80402833,0.7040283,0.60402834,0.40402833,0.30402833,0.10402832,-0.09597168,-0.2959717,-0.49597168,-0.69597167,-0.9959717,-1.1959717
-5.395972,-5.0959716,-4.795972,-4.4959717,-4.1959715,-3.8959718,-3.5959716,-3.2959716,-2.9959717,-2.7959716,-2.5959716,-2.3959718,-2.2959716,-2.0959716,-1.9959717,-1.8959717,-1.6959717,-1.5959717,-1.4959717,-1.3959717,-1.2959716,-1.2959716,-1.2959716,-1.3959717,-1.4959717,-1.5959717,-1.5959717,-1.6959717,-1.7959716,-1.7959716,-1.8959717,-1.8959717,-1.9959717,-2.0959716,-2.2959716,-2.3959718,-2.5959716,-2.6959717,-2.8959718,-3.0959716,-3.2959716,-3.4959717,-3.6959717,-3.7959716,-3.9959717,-4.1959715,-4.395972,-4.5959716,-4.795972,-5.0959716,-5.295972,-5.5959716,-5.6959715,-5.895972,-6.0959716,-6.295972,-6.4959717,-6.6959715
-7.895972,-7.5959716,-7.295972,-6.9959717,-6.6959715,-6.395972,-6.1959715,-5.895972,-5.6959715,-5.4959717,-5.295972,-5.1959715,-5.0959716,-4.895972,-4.795972,-4.5959716,-4.4959717,-4.295972,-4.295972,-4.295972,-4.395972,-4.4959717,-4.5959716,-4.6959715,-4.795972,-4.795972,-4.895972,-4.9959717,-5.0959716,-5.1959715,-5.295972,-5.295972,-5.295972,-5.395972,-5.395972,-5.5959716,-5.6959715,-5.9959717,-6.1959715,-6.395972,-6.5959716,-6.795972,-7.0959716,-7.295972,-7.4959717,-7.795972,-8.095972,-8.295972,-8.495972,-8.595972,-8.495972,-8.595972,-8.795972,-8.995972,-9.295972,-9.6959715,-10.095972,-10.595972
-10.595972,-10.295972,-9.895971,-9.595972,-9.295972,-8.995972,-8.795972,-8.6959715,-8.595972,-8.395971,-8.1959715,-7.9959717,-7.795972,-7.6959715,-7.4959717,-7.4959717,-7.395972,-7.395972,-7.295972,-7.1959715,-7.0959716,-6.9959717,-6.9959717,-6.9959717,-6.9959717,-7.0959716,-7.295972,-7.4959717,-7.6959715,-7.795972,-7.6959715,-7.4959717,-7.395972,-7.4959717,-7.6959715,-7.9959717,-8.295972,-8.495972,-8.495972,-8.495972,-8.6959715,-8.895971,-9.1959715,-9.495972,-9.595972,-9.895971,-10.095972,-10.1959715,-10.595972,-11.295972,-11.495972,-11.6959715,-11.995972,-12.295972,-12.495972,-12.995972,-13.395971,-13.895971
-13.295972,-12.995972,-12.6959715,-12.295972,-11.995972,-11.795972,-11.595972,-11.495972,-11.295972,-11.095972,-10.895971,-10.795972,-10.6959715,-10.6959715,-10.595972,-10.395971,-10.1959715,-9.895971,-9.6959715,-9.595972,-9.595972,-9.595972,-9.595972,-9.495972,-9.395971,-9.395971,-9.495972,-9.595972,-9.795972,-9.795972,-9.6959715,-9.595972,-9.6959715,-10.1959715,-10.595972,-10.795972,-10.895971,-11.795972,-11.895971,-11.595972,-11.495972,-11.6959715,-11.6959715,-11.795972,-11.895971,-11.895971,-12.1959715,-12.395971,-12.895971,-13.595972,-14.1959715,-14.595972,-14.895971,-15.1959715,-15.495972,-15.795972,-16.195972,-16.595972
-15.895971,-15.495972,-15.095972,-14.795972,-14.6959715,-14.6959715,-14.595972,-14.295972,-13.895971,-13.495972,-13.295972,-13.1959715,-13.1959715,-13.1959715,-13.1959715,-12.995972,-12.6959715,-12.395971,-12.1959715,-12.095972,-12.1959715,-12.295972,-12.295972,-12.095972,-11.6959715,-11.1959715,-10.995972,-10.995972,-11.095972,-11.095972,-11.095972,-10.895971,-10.795972,-10.895971,-11.095972,-11.495972,-11.895971,-11.995972,-12.6959715,-12.595972,-13.495972,-13.495972,-13.995972,-14.295972,-14.495972,-14.895971,-15.1959715,-15.395971,-15.395971,-15.995972,-16.595972,-17.29597,-17.79597,-17.995972,-18.395971,-18.79597,-19.095972,-19.29597
-18.29597,-18.095972,-17.79597,-17.495972,-17.29597,-17.095972,-16.895971,-16.595972,-16.095972,-15.6959715,-15.595972,-15.595972,-15.6959715,-15.6959715,-15.495972,-15.1959715,-14.895971,-14.495972,-14.1959715,-13.995972,-13.895971,-13.995972,-13.895971,-13.595972,-13.295972,-13.095972,-12.995972,-13.095972,-13.095972,-13.1959715,-13.095972,-12.895971,-12.795972,-12.895971,-13.095972,-13.1959715,-13.295972,-13.395971,-13.595972,-13.995972,-14.595972,-15.295972,-15.795972,-15.995972,-16.595972,-17.29597,-18.195972,-18.29597,-18.595972,-18.79597,-19.29597,-19.995972,-20.495972,-20.895971,-21.195972,-21.495972,-21.495972,-21.695972
-20.29597,-20.195972,-20.195972,-20.095972,-19.895971,-19.695972,-19.495972,-19.195972,-18.79597,-18.395971,-18.095972,-17.995972,-17.895971,-17.79597,-17.595972,-17.29597,-16.995972,-16.595972,-16.29597,-16.095972,-15.895971,-15.895971,-15.995972,-15.895971,-15.6959715,-15.295972,-14.995972,-15.095972,-15.495972,-15.795972,-16.095972,-16.095972,-15.895971,-15.895971,-15.895971,-16.095972,-16.395971,-16.695972,-16.995972,-17.29597,-17.595972,-17.79597,-17.695972,-18.095972,-18.695972,-19.595972,-19.995972,-19.695972,-19.595972,-20.095972,-20.695972,-21.495972,-21.995972,-22.395971,-22.695972,-22.995972,-23.195972,-22.79597
-21.895971,-21.79597,-21.695972,-21.895971,-22.095972,-22.195972,-22.095972,-21.995972,-21.29597,-21.195972,-20.695972,-20.695972,-20.595972,-20.595972,-20.29597,-19.595972,-19.095972,-18.79597,-18.595972,-18.495972,-18.595972,-18.495972,-18.29597,-18.095972,-17.79597,-17.595972,-17.595972,-17.595972,-17.895971,-17.995972,-17.995972,-18.095972,-18.195972,-18.095972,-17.895971,-17.695972,-17.695972,-17.995972,-18.095972,-17.995972,-17.995972,-18.095972,-18.395971,-18.895971,-19.395971,-19.79597,-20.095972,-20.395971,-20.995972,-21.095972,-21.29597,-21.395971,-21.595972,-21.79597,-21.895971,-21.695972,-21.095972,-20.895971
-21.495972,-21.895971,-22.195972,-22.695972,-23.29597,-23.695972,-23.695972,-23.495972,-23.595972,-23.79597,-23.695972,-23.395971,-22.79597,-22.595972,-22.595972,-22.395971,-21.895971,-21.495972,-21.195972,-21.095972,-20.995972,-20.995972,-20.895971,-20.595972,-20.395971,-20.195972,-20.095972,-20.095972,-20.195972,-19.895971,-19.395971,-19.29597,-19.79597,-20.095972,-19.695972,-19.395971,-19.29597,-19.595972,-19.695972,-19.395971,-19.195972,-19.29597,-19.595972,-19.495972,-20.395971,-20.095972,-19.495972,-20.095972,-20.095972,-19.79597,-19.995972,-20.195972,-20.29597,-20.095972,-19.595972,-19.195972,-19.095972,-19.095972
-18.29597,-19.195972,-20.095972,-21.195972,-22.695972,-23.995972,-24.495972,-24.595972,-24.895971,-25.29597,-24.79597,-24.79597,-25.095972,-25.095972,-24.895971,-24.395971,-24.095972,-23.79597,-23.395971,-22.895971,-22.495972,-22.195972,-21.895971,-21.695972,-21.495972,-21.495972,-21.395971,-21.395971,-21.395971,-21.495972,-21.29597,-21.095972,-20.79597,-20.595972,-20.695972,-20.595972,-20.395971,-19.995972,-19.695972,-19.595972,-19.495972,-19.29597,-18.995972,-18.79597,-18.595972,-18.595972,-18.395971,-18.29597,-18.395971,-18.395971,-18.29597,-17.895971,-16.995972,-15.795972,-14.895971,-14.295972,-13.6959715,-12.895971
-15.795972,-16.095972,-16.495972,-17.195972,-18.195972,-19.395971,-20.79597,-22.29597,-23.395971,-24.195972,-25.495972,-26.495972,-26.79597,-26.79597,-26.79597,-26.595972,-26.195972,-25.495972,-24.995972,-24.79597,-24.29597,-23.495972,-22.79597,-22.29597,-22.095972,-21.79597,-21.495972,-21.395971,-21.495972,-21.495972,-21.29597,-21.095972,-20.995972,-21.095972,-20.79597,-20.595972,-20.395971,-20.29597,-20.095972,-19.895971,-19.695972,-19.395971,-18.995972,-18.29597,-18.095972,-17.79597,-17.495972,-16.695972,-16.395971,-15.295972,-14.395971,-13.395971,-12.6959715,-11.395971,-10.395971,-9.1959715,-7.9959717,-6.895972
-13.395971,-13.795972,-14.095972,-14.395971,-14.6959715,-14.995972,-15.6959715,-16.495972,-17.695972,-19.395971,-20.595972,-21.495972,-22.995972,-24.895971,-26.195972,-26.695972,-26.895971,-26.595972,-26.395971,-26.595972,-26.195972,-25.29597,-24.595972,-24.195972,-23.695972,-23.095972,-22.395971,-21.79597,-21.395971,-21.095972,-20.995972,-20.995972,-21.095972,-20.995972,-20.29597,-19.595972,-19.29597,-18.895971,-18.895971,-18.79597,-18.595972,-18.195972,-17.895971,-16.995972,-16.595972,-16.195972,-15.495972,-14.795972,-13.895971,-13.395971,-12.895971,-12.495972,-11.995972,-10.995972,-10.095972,-9.395971,-8.595972,-7.6959715
-10.295972,-10.995972,-11.495972,-11.795972,-11.995972,-12.1959715,-12.1959715,-12.495972,-12.995972,-13.795972,-15.095972,-16.695972,-17.695972,-18.195972,-18.895971,-19.995972,-21.195972,-21.895971,-22.895971,-24.095972,-25.195972,-25.79597,-25.895971,-25.695972,-25.195972,-24.695972,-24.195972,-23.595972,-23.095972,-22.495972,-21.79597,-21.395971,-21.29597,-21.095972,-20.29597,-20.095972,-19.895971,-19.395971,-18.895971,-18.195972,-17.595972,-16.995972,-16.395971,-15.995972,-15.6959715,-15.595972,-15.1959715,-14.795972,-14.295972,-14.095972,-13.895971,-13.395971,-12.895971,-11.795972,-10.6959715,-9.795972,-9.595972,-8.595972
-7.9959717,-8.1959715,-8.595972,-8.995972,-9.395971,-9.795972,-9.995972,-10.095972,-10.095972,-10.295972,-10.595972,-11.095972,-11.995972,-13.395971,-14.395971,-14.895971,-15.1959715,-15.795972,-16.395971,-17.29597,-18.29597,-19.495972,-20.79597,-21.79597,-22.79597,-23.495972,-23.895971,-24.095972,-23.995972,-23.995972,-23.895971,-23.395971,-22.895971,-22.395971,-22.095972,-21.695972,-21.195972,-20.495972,-19.995972,-19.595972,-18.995972,-18.395971,-17.995972,-17.495972,-16.395971,-16.195972,-15.995972,-15.995972,-16.29597,-16.595972,-17.095972,-17.095972,-16.695972,-16.595972,-15.295972,-14.295972,-13.795972,-11.495972
-7.0959716,-7.295972,-7.1959715,-7.1959715,-7.5959716,-8.095972,-8.595972,-8.895971,-8.795972,-8.395971,-8.095972,-7.6959715,-7.795972,-8.395971,-9.1959715,-10.395971,-11.895971,-13.095972,-13.995972,-14.595972,-14.795972,-14.795972,-15.095972,-15.795972,-16.79597,-17.895971,-18.995972,-19.995972,-20.995972,-21.595972,-22.195972,-22.29597,-21.995972,-21.595972,-21.395971,-21.79597,-22.095972,-21.595972,-21.495972,-21.395971,-21.29597,-21.095972,-21.195972,-21.595972,-21.195972,-20.595972,-19.895971,-19.595972,-19.195972,-18.895971,-18.395971,-17.79597,-17.095972,-16.29597,-15.495972,-14.495972,-14.1959715,-14.1959715
-4.895972,-5.4959717,-6.395972,-6.895972,-7.295972,-7.6959715,-7.795972,-7.795972,-7.395972,-7.4959717,-7.0959716,-6.4959717,-5.9959717,-5.295972,-4.6959715,-4.5959716,-5.0959716,-6.1959715,-7.6959715,-9.495972,-10.995972,-11.995972,-12.595972,-12.595972,-12.295972,-12.1959715,-12.6959715,-13.6959715,-14.895971,-16.195972,-17.29597,-18.29597,-19.095972,-19.595972,-20.195972,-20.895971,-20.79597,-20.29597,-19.995972,-19.79597,-19.095972,-18.495972,-18.695972,-18.895971,-18.595972,-18.095972,-17.995972,-17.495972,-17.095972,-16.29597,-15.395971,-14.495972,-14.1959715,-14.295972,-14.495972,-14.595972,-14.495972,-14.095972
-1.1959717,-1.9959717,-2.4959717,-3.3959718,-4.0959716,-5.0959716,-6.1959715,-6.895972,-6.5959716,-6.1959715,-6.1959715,-5.5959716,-4.895972,-4.1959715,-3.4959717,-2.6959717,-1.7959716,-0.9959717,-0.5959717,-0.89597166,-1.8959717,-3.5959716,-5.5959716,-7.295972,-8.495972,-9.095972,-9.295972,-9.295972,-9.6959715,-10.295972,-11.095972,-12.1959715,-13.095972,-13.6959715,-14.895971,-15.395971,-15.1959715,-15.895971,-16.395971,-16.595972,-16.995972,-16.995972,-16.79597,-16.395971,-15.595972,-15.1959715,-14.495972,-13.6959715,-12.795972,-12.1959715,-12.095972,-12.495972,-12.995972,-13.395971,-13.395971,-13.395971,-13.595972,-13.495972
5.9040284,5.604028,6.3040285,6.8040285,7.104028,7.604028,7.604028,7.5040283,6.9040284,6.204028,5.0040283,3.9040284,2.3040283,1.8040283,0.9040283,0.7040283,0.60402834,0.9040283,1.7040284,2.4040284,2.9040284,2.9040284,2.3040283,0.60402834,-1.4959717,-3.4959717,-5.0959716,-6.0959716,-6.5959716,-6.9959717,-7.4959717,-7.9959717,-8.795972,-9.595972,-10.095972,-10.6959715,-11.095972,-11.295972,-11.6959715,-11.6959715,-11.6959715,-11.395971,-11.095972,-10.6959715,-10.295972,-9.795972,-9.095972,-8.6959715,-8.795972,-8.995972,-9.495972,-10.1959715,-10.6959715,-10.895971,-10.995972,-11.495972,-12.1959715,-11.795972
8.404028,8.904028,9.904028,10.604029,11.3040285,12.004028,12.404028,12.8040285,12.8040285,12.504028,12.104029,11.704028,11.104029,10.504028,9.404028,8.104029,7.104028,6.0040283,5.104028,5.0040283,5.104028,5.4040284,5.4040284,5.104028,4.204028,2.6040282,0.40402833,-1.7959716,-3.7959716,-4.795972,-5.395972,-6.0959716,-6.9959717,-7.6959715,-8.095972,-8.295972,-8.495972,-8.995972,-9.295972,-9.295972,-8.995972,-8.595972,-8.395971,-7.9959717,-7.295972,-6.9959717,-6.395972,-6.1959715,-5.9959717,-6.295972,-6.895972,-7.5959716,-8.295972,-8.795972,-9.295972,-9.995972,-10.1959715,-9.395971
