wind-weather/data/weather/current/current-wind-isobaric-10hPa-gfs-1.0.json
{"header": {"discipline":0,"disciplineName":"Meteorologicalproducts","gribEdition":2,"gribLength":47109,"center":7,"centerName":"USNationalWeatherService-NCEP(WMC)","subcenter":0,"refTime":"2017-11-24T12:00:00.000Z","significanceOfRT":0,"significanceOfRTName":"Analysis","productStatus":0,"productStatusName":"Operationalproducts","productType":0,"productTypeName":"Analysisproducts","productDefinitionTemplate":0,"productDefinitionTemplateName":"Analysis/forecastathorizontallevel/layeratapointintime","parameterCategory":2,"parameterCategoryName":"Momentum","parameterNumber":2,"parameterNumberName":"U-component_of_wind","parameterUnit":"m.s-1","genProcessType":0,"genProcessTypeName":"Analysis","forecastTime":0,"surface1Type":100,"surface1TypeName":"Isobaricsurface","surface1Value":1000.0,"surface2Type":255,"surface2TypeName":"Missing","surface2Value":0.0,"gridDefinitionTemplate":0,"gridDefinitionTemplateName":"Latitude_Longitude","numberPoints":65160,"shape":6,"shapeName":"Earthsphericalwithradiusof6,371,229.0m","gridUnits":"degrees","resolution":48,"winds":"true","scanMode":0,"nx":360,"ny":181,"basicAngle":0,"lo1":0.0,"la1":90.0,"lo2":359.0,"la2":-90.0,"dx":1.0,"dy":1.0}, "data":
[rows 75 to 99 of 181, columns 114 to 170 of 360]
-10.479993,-11.009993,-11.579992,-11.959992,-12.089993,-12.089993,-11.989993,-11.789992,-11.739993,-11.659992,-11.689993,-11.689993,-11.749992,-11.789992,-11.989993,-11.999992,-11.889993,-11.749992,-11.589993,-11.549993,-11.569993,-11.649993,-11.819993,-12.049993,-12.189993,-12.389993,-12.579992,-12.689993,-12.689993,-12.589993,-12.389993,-12.1299925,-11.949993,-11.889993,-11.989993,-12.319993,-12.689993,-12.989993,-13.189993,-13.289992,-13.289992,-13.249992,-13.289992,-13.3799925,-13.389993,-13.389993,-13.389993,-13.289992,-13.189993,-13.089993,-12.889993,-12.689993,-12.519993,-12.289992,-12.089993,-11.979993,-11.989993
-12.399993,-12.829992,-13.299993,-13.599993,-13.699993,-13.749992,-13.699993,-13.549993,-13.399993,-13.299993,-13.299993,-13.299993,-13.399993,-13.499992,-13.399993,-13.299993,-13.169992,-12.909992,-12.799993,-12.799993,-12.799993,-12.999992,-13.199993,-13.399993,-13.599993,-13.809993,-13.999992,-14.099993,-14.199993,-14.099993,-13.899993,-13.599993,-13.299993,-13.099993,-13.199993,-13.499992,-13.899993,-14.299993,-14.599993,-14.699993,-14.699993,-14.699993,-14.699993,-14.799993,-14.799993,-14.899993,-14.899993,-14.799993,-14.699993,-14.599993,-14.399993,-14.199993,-13.999992,-13.799993,-13.539992,-13.389993,-13.099993
-13.809993,-14.119992,-14.449993,-14.749992,-14.949993,-14.949993,-14.909992,-14.679993,-14.349993,-14.249992,-14.149993,-14.199993,-14.249992,-14.249992,-14.189993,-14.009993,-13.749992,-13.599993,-13.549993,-13.549993,-13.619992,-13.749992,-14.029993,-14.259993,-14.499992,-14.709992,-14.939993,-15.049993,-15.099993,-15.049993,-14.809993,-14.539992,-14.209992,-14.049993,-14.049993,-14.369992,-14.799993,-15.229993,-15.559993,-15.749992,-15.849993,-15.849993,-15.849993,-15.749992,-15.749992,-15.849993,-15.849993,-15.769993,-15.679993,-15.549993,-15.349993,-15.149993,-14.919992,-14.649993,-14.419992,-14.089993,-13.769993
-14.8799925,-14.999992,-15.109993,-15.299993,-15.489993,-15.599993,-15.499992,-15.249992,-15.009993,-14.799993,-14.689993,-14.699993,-14.809993,-14.899993,-14.699993,-14.399993,-14.099993,-13.999992,-13.999992,-13.999992,-14.099993,-14.209992,-14.499992,-14.709992,-14.899993,-15.119992,-15.369992,-15.499992,-15.499992,-15.399993,-15.199993,-14.899993,-14.619992,-14.509993,-14.609993,-14.849993,-15.199993,-15.559993,-15.899993,-16.099993,-16.299994,-16.399992,-16.399992,-16.399992,-16.399992,-16.399992,-16.409992,-16.399992,-16.199993,-16.009993,-15.759993,-15.499992,-15.199993,-14.999992,-14.699993,-14.399993,-14.1299925
-15.399993,-15.399993,-15.399993,-15.579992,-15.799993,-15.999992,-15.959992,-15.729993,-15.389993,-15.079992,-14.999992,-15.099993,-15.169992,-15.099993,-14.799993,-14.399993,-14.029993,-13.899993,-13.999992,-14.099993,-14.349993,-14.499992,-14.699993,-14.899993,-14.999992,-15.109993,-15.369992,-15.549993,-15.599993,-15.499992,-15.209992,-14.899993,-14.699993,-14.599993,-14.699993,-14.969993,-15.239993,-15.519993,-15.739993,-15.919992,-16.149992,-16.339993,-16.439993,-16.439993,-16.499992,-16.499992,-16.499992,-16.409992,-16.219994,-15.939993,-15.669992,-15.339993,-15.099993,-14.899993,-14.659992,-14.399993,-14.199993
-15.699993,-15.609993,-15.599993,-15.699993,-15.899993,-15.899993,-15.799993,-15.589993,-15.299993,-15.099993,-15.099993,-15.099993,-15.069993,-14.819993,-14.459992,-13.989993,-13.599993,-13.499992,-13.689993,-13.979993,-14.299993,-14.589993,-14.699993,-14.699993,-14.699993,-14.789992,-14.889993,-15.089993,-15.189993,-15.099993,-14.889993,-14.599993,-14.399993,-14.299993,-14.389993,-14.589993,-14.889993,-15.089993,-15.289992,-15.389993,-15.589993,-15.789992,-15.889993,-15.989993,-15.989993,-15.989993,-15.989993,-15.989993,-15.749992,-15.389993,-15.089993,-14.789992,-14.589993,-14.389993,-14.289992,-14.099993,-14.089993
-15.969993,-15.889993,-15.869992,-15.799993,-15.799993,-15.799993,-15.769993,-15.699993,-15.599993,-15.469993,-15.199993,-14.909992,-14.509993,-14.159992,-13.829992,-13.429993,-13.1299925,-13.1299925,-13.339993,-13.699993,-14.059993,-14.229993,-14.299993,-14.229993,-14.1299925,-13.929993,-13.949993,-14.1299925,-14.229993,-14.1299925,-14.029993,-13.809993,-13.6299925,-13.609993,-13.6299925,-13.729993,-13.929993,-14.099993,-14.269993,-14.269993,-14.429993,-14.6299925,-14.769993,-14.869992,-14.869992,-14.869992,-14.929993,-14.869992,-14.669992,-14.329992,-13.969993,-13.669992,-13.469993,-13.369992,-13.429993,-13.429993,-13.529993
-16.199993,-16.299994,-16.219994,-16.199993,-16.099993,-15.899993,-15.799993,-15.639993,-15.369992,-14.929993,-14.569993,-14.109993,-13.639993,-13.209992,-12.8799925,-12.699993,-12.779993,-12.999992,-13.339993,-13.599993,-13.779993,-13.779993,-13.679993,-13.499992,-13.279993,-12.979993,-12.779993,-12.859993,-12.8799925,-12.739993,-12.559993,-12.459992,-12.259993,-12.229993,-12.179993,-12.259993,-12.359993,-12.599993,-12.759993,-12.859993,-12.959992,-13.059993,-13.259993,-13.259993,-13.259993,-13.259993,-13.239993,-13.239993,-13.059993,-12.759993,-12.559993,-12.259993,-12.069993,-11.979993,-12.059993,-12.179993,-12.359993
-16.489992,-16.669992,-16.669992,-16.469994,-16.199993,-15.949993,-15.599993,-15.299993,-14.999992,-14.659992,-14.019993,-13.259993,-12.609993,-12.169992,-11.929993,-12.009993,-12.259993,-12.719993,-13.109993,-13.299993,-13.329992,-13.329992,-13.109993,-12.899993,-12.6299925,-12.209992,-11.829992,-11.549993,-11.449993,-11.249992,-11.049993,-10.849993,-10.829992,-10.829992,-10.829992,-10.829992,-10.749992,-10.849993,-10.949993,-11.049993,-11.049993,-11.169992,-11.349993,-11.349993,-11.279993,-11.179993,-11.079992,-11.049993,-10.949993,-10.779993,-10.579992,-10.449993,-10.349993,-10.349993,-10.549993,-10.849993,-11.039992
-16.599993,-16.899992,-16.879993,-16.599993,-16.299994,-15.999992,-15.599993,-15.1299925,-14.699993,-14.109993,-13.259993,-12.279993,-11.349993,-10.849993,-10.669992,-10.769993,-11.139993,-11.6299925,-12.049993,-12.239993,-12.239993,-12.139993,-12.039992,-11.939993,-11.639993,-11.1299925,-10.639993,-10.219993,-9.869992,-9.639993,-9.539992,-9.539992,-9.539992,-9.569993,-9.639993,-9.659992,-9.569993,-9.569993,-9.569993,-9.569993,-9.569993,-9.539992,-9.639993,-9.639993,-9.519993,-9.339993,-9.139993,-9.039992,-8.899993,-8.739993,-8.479993,-8.419992,-8.419992,-8.449993,-8.739993,-9.049993,-9.539992
-16.409992,-16.719994,-16.699993,-16.309992,-15.919992,-15.469993,-14.999992,-14.459992,-13.909992,-13.059993,-11.999992,-11.149993,-10.299993,-9.739993,-9.489993,-9.419992,-9.639993,-9.849993,-10.189993,-10.349993,-10.439993,-10.349993,-10.239993,-9.929993,-9.549993,-9.229993,-8.739993,-8.319993,-7.979993,-7.749993,-7.6499925,-7.7799926,-8.019993,-8.139993,-8.309993,-8.419992,-8.539992,-8.469993,-8.319993,-8.219993,-8.239993,-8.339993,-8.519993,-8.519993,-8.319993,-8.119992,-7.8899927,-7.7199926,-7.4299927,-7.2399926,-7.0299926,-6.9199924,-6.9199924,-6.9199924,-7.1299925,-7.4199924,-7.8999925
-15.719993,-15.959992,-15.929993,-15.559993,-15.159992,-14.699993,-14.159992,-13.609993,-12.859993,-11.899993,-11.049993,-10.299993,-9.589993,-8.989993,-8.539992,-8.179993,-8.059993,-8.1299925,-8.329992,-8.329992,-8.329992,-8.289992,-8.259993,-7.9299927,-7.5099926,-7.1799927,-6.939993,-6.559993,-6.1799927,-5.959993,-5.7599926,-5.829993,-6.2799926,-6.689993,-7.019993,-7.229993,-7.229993,-7.1599927,-7.059993,-6.8899927,-6.7599926,-6.709993,-6.939993,-7.1499925,-7.1599927,-7.1599927,-6.959993,-6.6599927,-6.459993,-6.3999925,-6.2799926,-6.0999928,-6.059993,-5.999993,-6.1399927,-6.459993,-6.939993
-14.719993,-14.909992,-14.719993,-14.279993,-13.809993,-13.219993,-12.719993,-12.169992,-11.599993,-10.849993,-10.099993,-9.439993,-8.789992,-8.139993,-7.5899925,-7.1299925,-6.8799925,-6.709993,-6.6799927,-6.6199927,-6.4299927,-6.3199925,-6.229993,-6.0299926,-5.6699924,-5.3199925,-5.2199926,-4.9199924,-4.7199926,-4.6299925,-4.519993,-4.5099926,-4.6199927,-4.959993,-5.4099927,-5.8199925,-6.1199927,-6.309993,-6.209993,-6.019993,-5.8199925,-5.809993,-5.9099927,-6.1099925,-6.209993,-6.209993,-6.2999926,-6.1099925,-6.0099926,-6.0099926,-5.999993,-5.8999925,-5.749993,-5.6999927,-5.709993,-5.999993,-6.4699926
-13.399993,-13.409992,-13.179993,-12.649993,-12.019993,-11.369992,-10.809993,-10.389993,-10.009993,-9.429993,-8.749992,-8.279993,-7.7999926,-7.269993,-6.729993,-6.1199927,-5.7399926,-5.3599925,-5.039993,-4.6199927,-4.3499928,-4.209993,-4.1099925,-4.1099925,-3.9099927,-3.7099926,-3.3499928,-3.0099926,-2.6699927,-2.2999926,-2.0799928,-2.1699927,-2.5599928,-3.0399926,-3.4699926,-3.9199927,-4.3699927,-4.689993,-4.8699927,-4.829993,-4.7599926,-4.8399925,-5.059993,-5.2599926,-5.519993,-5.6599927,-5.7599926,-5.7999926,-5.6599927,-5.5999928,-5.6599927,-5.7599926,-5.6999927,-5.5499926,-5.579993,-5.7999926,-6.1699924
-12.119992,-11.709992,-11.219993,-10.569993,-9.909992,-9.359993,-8.899993,-8.409992,-8.099993,-7.709993,-7.309993,-6.939993,-6.479993,-5.9099927,-5.5099926,-5.0299926,-4.5099926,-4.019993,-3.5699928,-3.0099926,-2.4099927,-2.2099926,-1.9599926,-1.9099927,-2.0099926,-1.9099927,-1.7999927,-1.5099927,-1.1099926,-0.6799927,-0.39999267,-0.20999268,-0.20999268,-0.6099927,-1.1999927,-1.7099926,-2.0099926,-2.4599926,-2.8099928,-3.0099926,-3.2099926,-3.5099926,-3.8299928,-4.2799926,-4.5999928,-4.8999925,-5.0999928,-5.1999927,-5.1999927,-5.0999928,-5.0999928,-5.2999926,-5.4499927,-5.499993,-5.499993,-5.6099925,-5.8999925
-10.949993,-10.729993,-10.209992,-9.509993,-8.859993,-8.179993,-7.749993,-7.3699927,-7.0999928,-6.8999925,-6.5899925,-6.269993,-5.789993,-5.1599927,-4.4699926,-3.9099927,-3.4199927,-2.8099928,-2.2099926,-1.6499927,-1.1499927,-0.6499927,-0.39999267,-0.34999266,-0.39999267,-0.33999267,-0.21999268,0.050007325,0.25000733,0.41000733,0.6000073,0.75000733,0.75000733,0.6300073,0.35000733,-0.19999267,-0.74999267,-1.1499927,-1.4499927,-1.7499927,-1.9599926,-2.3199928,-2.7599926,-3.2499926,-3.7099926,-4.0499926,-4.3499928,-4.4499927,-4.4499927,-4.4499927,-4.519993,-4.749993,-5.0299926,-5.2999926,-5.499993,-5.6999927,-5.9699926
-10.399993,-10.169992,-9.719993,-9.199993,-8.709992,-8.499992,-8.399993,-8.209992,-7.7999926,-7.1999927,-6.789993,-6.3999925,-5.999993,-5.5999928,-4.999993,-4.3199925,-3.6699927,-3.0099926,-2.0599928,-1.3099927,-0.95999265,-0.39999267,-0.29999268,-0.09999268,0.20000732,0.31000733,0.40000734,0.3000073,0.3000073,0.50000733,0.6000073,0.7000073,0.7000073,0.7000073,0.5100073,0.20000732,-0.29999268,-0.69999266,-0.9099927,-0.99999267,-1.1099926,-1.3999927,-1.8999927,-2.4699926,-2.9299927,-3.3799927,-3.6999927,-3.8999927,-3.9999926,-3.9999926,-4.0999928,-4.3999925,-4.6999927,-4.999993,-5.2999926,-5.6999927,-5.999993
-11.159992,-11.309993,-10.919992,-10.289992,-9.819993,-9.609993,-9.809993,-9.659992,-9.009993,-8.349993,-7.809993,-7.2799926,-6.7999926,-6.3699927,-5.729993,-5.0299926,-4.479993,-3.7599926,-3.0699928,-2.2699926,-1.7899927,-1.4099927,-1.1299927,-1.0099927,-0.8499927,-0.87999266,-1.0699927,-1.2399926,-1.2899927,-1.2099926,-0.9799927,-0.74999267,-0.51999265,-0.46999267,-0.6099927,-0.9099927,-1.2099926,-1.3699927,-1.4499927,-1.3599926,-1.5099927,-1.7599927,-2.1799927,-2.6599927,-3.1599927,-3.5599928,-3.9599926,-4.249993,-4.3599925,-4.4499927,-4.5999928,-4.959993,-5.2399926,-5.459993,-5.7599926,-6.1099925,-6.3599925
-12.699993,-12.719993,-12.339993,-11.929993,-11.639993,-11.639993,-11.929993,-11.679993,-11.1299925,-10.569993,-9.929993,-9.469993,-9.009993,-8.439993,-7.809993,-7.249993,-6.7399926,-6.1599927,-5.6099925,-5.059993,-4.5099926,-4.1499925,-3.9499927,-3.8699927,-3.9499927,-4.1699924,-4.5099926,-4.7399926,-4.7399926,-4.6399927,-4.2599926,-3.8399928,-3.5399926,-3.3399928,-3.2199926,-3.2299926,-3.4199927,-3.4299927,-3.4299927,-3.3299928,-3.3299928,-3.4299927,-3.7199926,-4.1299925,-4.6199927,-4.999993,-5.3199925,-5.4199924,-5.4199924,-5.519993,-5.8699927,-6.2199926,-6.519993,-6.7199926,-7.019993,-7.3199925,-7.519993
-15.419992,-15.359993,-15.059993,-14.729993,-14.499992,-14.519993,-14.589993,-14.339993,-13.689993,-13.089993,-12.579992,-12.089993,-11.689993,-11.369992,-10.959992,-10.579992,-10.419992,-10.1299925,-9.759993,-9.419992,-9.139993,-8.759993,-8.559993,-8.459992,-8.259993,-7.959993,-8.059993,-8.259993,-8.169992,-7.939993,-7.559993,-7.079993,-6.5699925,-6.2199926,-5.959993,-5.829993,-5.789993,-5.979993,-6.0899925,-5.8899927,-5.8599925,-5.939993,-6.189993,-6.5699925,-6.8499928,-7.0299926,-7.0299926,-7.0299926,-7.1299925,-7.3899927,-7.7599926,-8.1299925,-8.389993,-8.6299925,-8.969993,-9.229993,-9.389993
-18.649992,-18.349993,-17.869993,-17.449993,-17.139992,-16.949993,-16.749992,-16.439993,-15.939993,-15.3799925,-14.849993,-14.369992,-13.919992,-13.519993,-13.1299925,-12.819993,-12.639993,-12.439993,-12.199993,-11.949993,-11.749992,-11.549993,-11.469993,-11.569993,-11.589993,-11.669992,-11.769993,-11.789992,-11.569993,-11.389993,-11.109993,-10.739993,-10.299993,-9.869992,-9.569993,-9.369992,-9.169992,-9.169992,-8.969993,-8.849993,-8.749992,-8.849993,-8.949993,-9.049993,-9.049993,-9.039992,-9.039992,-9.139993,-9.239993,-9.449993,-9.839993,-10.139993,-10.439993,-10.739993,-10.999992,-11.239993,-11.439993
-20.839993,-20.439993,-19.959993,-19.539993,-19.219994,-18.959993,-18.639992,-18.259993,-17.739992,-17.249992,-16.729992,-16.179993,-15.619992,-15.139993,-14.739993,-14.639993,-14.639993,-14.639993,-14.619992,-14.519993,-14.519993,-14.519993,-14.619992,-14.719993,-14.819993,-14.919992,-15.019993,-15.019993,-14.789992,-14.619992,-14.619992,-14.209992,-13.699993,-13.159992,-12.789992,-12.469993,-12.189993,-12.019993,-11.819993,-11.619992,-11.509993,-11.419992,-11.419992,-11.339993,-11.319993,-11.319993,-11.319993,-11.319993,-11.339993,-11.439993,-11.589993,-11.739993,-11.939993,-12.239993,-12.469993,-12.749992,-13.019993
-22.229992,-21.839993,-21.459993,-21.099993,-20.749992,-20.429993,-20.029993,-19.489992,-19.049994,-18.679993,-18.219994,-17.629993,-17.109993,-16.649992,-16.349993,-16.249992,-16.349993,-16.349993,-16.349993,-16.249992,-16.349993,-16.549994,-16.719994,-16.879993,-16.979992,-17.189993,-17.349993,-17.379993,-17.279993,-17.179993,-17.079992,-16.679993,-16.089993,-15.669992,-15.249992,-14.979993,-14.749992,-14.549993,-14.349993,-14.149993,-13.969993,-13.799993,-13.649993,-13.599993,-13.579992,-13.649993,-13.649993,-13.549993,-13.469993,-13.449993,-13.409992,-13.449993,-13.599993,-13.749992,-13.899993,-14.029993,-14.229993
-23.199993,-22.879993,-22.579992,-22.149992,-21.809992,-21.389992,-20.879993,-20.479992,-20.179993,-19.969994,-19.479992,-18.909992,-18.369993,-17.979992,-17.769993,-17.679993,-17.779993,-17.859993,-17.759993,-17.759993,-17.959993,-18.259993,-18.559992,-18.759993,-18.869993,-19.059992,-19.159992,-19.259993,-19.259993,-19.259993,-19.159992,-18.719994,-18.069992,-17.559992,-17.259993,-16.909992,-16.659992,-16.359993,-16.149992,-15.869992,-15.659992,-15.489993,-15.459992,-15.459992,-15.499992,-15.559993,-15.559993,-15.459992,-15.319993,-15.159992,-15.159992,-15.259993,-15.359993,-15.459992,-15.3799925,-15.359993,-15.359993
-23.709993,-23.319992,-23.099993,-22.769993,-22.399992,-21.969994,-21.529993,-21.119993,-20.929993,-20.759993,-20.319992,-19.759993,-19.309992,-18.929993,-18.729992,-18.729992,-18.729992,-18.729992,-18.629993,-18.729992,-19.029993,-19.429993,-19.799994,-19.969994,-20.129993,-20.229992,-20.329992,-20.439993,-20.529993,-20.469994,-20.329992,-19.899992,-19.349993,-18.889992,-18.539993,-18.329992,-17.929993,-17.629993,-17.329992,-17.089993,-16.929993,-16.829992,-16.829992,-16.929993,-17.039993,-17.169992,-17.169992,-17.069992,-16.909992,-16.769993,-16.769993,-16.829992,-16.829992,-16.769993,-16.729992,-16.669992,-16.729992
