wind-weather/data/weather/current/current-wind-isobaric-700hPa-gfs-1.0.json
{"header": {"discipline":0,"disciplineName":"Meteorologicalproducts","gribEdition":2,"gribLength":73620,"center":7,"centerName":"USNationalWeatherService-NCEP(WMC)","subcenter":0,"refTime":"2017-11-24T12:00:00.000Z","significanceOfRT":0,"significanceOfRTName":"Analysis","productStatus":0,"productStatusName":"Operationalproducts","productType":0,"productTypeName":"Analysisproducts","productDefinitionTemplate":0,"productDefinitionTemplateName":"Analysis/forecastathorizontallevel/layeratapointintime","parameterCategory":2,"parameterCategoryName":"Momentum","parameterNumber":3,"parameterNumberName":"V-component_of_wind","parameterUnit":"m.s-1","genProcessType":0,"genProcessTypeName":"Analysis","forecastTime":0,"surface1Type":100,"surface1TypeName":"Isobaricsurface","surface1Value":70000.0,"surface2Type":255,"surface2TypeName":"Missing","surface2Value":0.0,"gridDefinitionTemplate":0,"gridDefinitionTemplateName":"Latitude_Longitude","numberPoints":65160,"shape":6,"shapeName":"Earthsphericalwithradiusof6,371,229.0m","gridUnits":"degrees","resolution":48,"winds":"true","scanMode":0,"nx":360,"ny":181,"basicAngle":0,"lo1":0.0,"la1":90.0,"lo2":359.0,"la2":-90.0,"dx":1.0,"dy":1.0}, "data":
[rows 75 to 99 of 181, columns 116 to 173 of 360]
1.7177246,2.1777246,1.6777246,1.7477247,1.9177246,0.2677246,-0.9722754,-0.67227536,-0.3622754,-0.37227538,-0.54227537,-0.4122754,-0.67227536,-1.1622754,-1.4922754,-2.2522755,-2.7222755,-3.1222754,-3.0022755,-2.7422755,-2.7122755,-2.9222753,-3.5322754,-4.032275,-3.8722754,-3.1022754,-2.6322753,-2.5822754,-2.7122755,-2.4422753,-2.1022754,-1.9122754,-1.8422754,-1.7422754,-1.9022754,-2.2122755,-2.6722753,-3.1022754,-3.3222754,-3.2622755,-2.9622755,-2.6022754,-2.1922753,-1.4222754,-0.5622754,-1.2422754,0.1277246,0.9477246,1.5677246,2.8677247,1.8977246,2.3177247,2.3177247,2.4577246,1.6577246,0.88772464,-0.8022754,-1.2622753
1.3577247,1.0577246,1.7177246,1.5577246,0.6977246,0.88772464,-0.6222754,-1.0622754,-1.0622754,-0.47227538,-0.05227539,-0.5322754,-1.1722754,-1.8122754,-2.3022754,-2.5622754,-2.7022753,-2.9122753,-2.8722754,-2.5922754,-2.7122755,-2.7422755,-3.2122755,-3.4222753,-2.7822754,-1.8622754,-2.0022755,-1.9522754,-1.2822754,-0.4522754,-0.7822754,-1.2322754,-1.2722754,-1.2522753,-1.4022754,-1.7122754,-2.2122755,-2.7422755,-3.1322753,-3.2222755,-2.9722755,-2.2522755,-1.3322754,-1.1522754,-1.5422754,-1.1622754,0.2977246,0.6777246,1.8577247,2.4077246,1.6577246,1.0577246,1.7677246,2.3577247,1.6677246,0.3077246,-0.7222754,-0.9422754
0.46772462,0.8377246,0.4577246,0.24772461,0.20772462,-0.98227537,-0.9622754,-0.67227536,-0.7222754,-0.31227538,0.13772461,-0.12227539,-0.7222754,-1.0222754,-1.6922754,-2.4022753,-2.5922754,-2.5322754,-2.3722754,-2.4922755,-2.6422753,-2.8622754,-2.7322755,-2.6022754,-2.8122754,-2.9022753,-2.3722754,-1.5122753,-1.7322754,-2.0822754,-1.7922754,-1.2622753,-1.2622753,-1.3222754,-1.6522754,-2.2022753,-2.7322755,-3.0922754,-3.2222755,-3.2622755,-2.9222753,-2.7222755,-2.6522753,-2.4522753,-1.2722754,-0.61227536,-0.16227539,0.4577246,1.7677246,1.9377246,1.7477247,1.0577246,1.5077246,1.6377246,1.2477247,0.19772461,-0.8222754,-1.3922753
-0.01227539,-0.04227539,-0.8822754,-0.6322754,0.5477246,-0.7822754,-2.0422754,-0.9922754,-1.1222754,-0.3622754,-0.1722754,-0.08227539,-0.4122754,-1.1222754,-1.8122754,-2.4222753,-2.4522753,-2.4922755,-2.5422754,-2.7422755,-2.9222753,-2.9222753,-2.9822755,-2.5922754,-2.2722754,-2.0022755,-1.7522753,-1.9022754,-3.1822753,-3.8122754,-4.2122755,-3.5722754,-2.4522753,-2.0722754,-2.3622754,-2.6022754,-2.9822755,-3.4722755,-3.6022754,-3.5122755,-3.3722754,-3.1022754,-3.0022755,-1.3522754,-1.2022754,-0.6222754,0.5277246,0.9377246,0.8777246,0.8977246,0.7477246,0.31772462,0.3877246,0.9177246,0.9777246,0.3677246,-0.7122754,-1.5022753
-0.1422754,-0.6922754,-1.2022754,-0.6222754,-1.8622754,-1.5522754,-0.7122754,-2.3422754,-0.6422754,-0.5222754,0.1277246,0.077724606,-0.4622754,-1.2222754,-2.1022754,-2.5422754,-2.9622755,-3.2522755,-3.4922755,-3.5822754,-3.5922754,-3.1722753,-2.4922755,-2.1422753,-2.1722753,-2.0722754,-1.8422754,-1.7122754,-1.7022754,-1.8322754,-1.9322754,-1.5922754,-1.1922754,-0.9422754,-1.2722754,-1.9022754,-2.5022755,-3.0522754,-3.3022754,-2.9522753,-3.1622753,-2.5722754,-1.4222754,-1.0822754,-0.7722754,-0.1722754,0.4777246,0.4277246,0.4577246,0.4577246,0.6877246,0.1577246,0.3377246,0.4877246,0.76772463,0.4477246,-0.2722754,-1.1422753
-0.6322754,-0.5922754,-1.0822754,-1.4722754,-1.6122754,-1.1922754,-1.5522754,-1.4722754,-1.3022754,1.0477246,0.37772462,-0.2622754,-1.3422754,-1.8522754,-2.7722754,-2.5322754,-3.3522754,-3.7522755,-4.1122756,-4.1622753,-3.6722753,-2.9622755,-2.5522754,-2.4922755,-2.2322755,-1.9222754,-2.0922754,-2.4022753,-2.5722754,-2.4622755,-2.1122754,-1.9222754,-2.0122755,-1.9922754,-1.9722754,-2.2622755,-2.7322755,-3.0122755,-3.0322754,-3.0722754,-2.3122754,-2.0522754,-2.2422755,-1.7322754,-1.6022754,-0.8422754,-0.02227539,0.077724606,0.027724609,0.08772461,0.49772462,0.3077246,0.06772461,0.2977246,0.1277246,0.077724606,-0.1722754,-0.7022754
-1.0022753,-1.6622754,-2.0422754,-2.7522755,-2.0022755,-1.3822753,-1.2722754,-0.73227537,-1.2122754,-0.24227539,1.2177246,0.03772461,-1.4422754,-2.5122755,-3.1822753,-3.6022754,-3.5222754,-3.7022753,-4.012275,-4.1922755,-3.9722755,-3.4922755,-2.9122753,-2.6622753,-2.3322754,-2.1722753,-2.4422753,-2.8822753,-3.1922753,-3.0022755,-2.8022754,-2.4522753,-1.7822754,-1.3322754,-1.4822754,-2.2122755,-2.7522755,-3.0122755,-3.0022755,-4.282275,-3.6322753,-3.7822754,-3.0422754,-1.8322754,-1.5422754,-0.6822754,-0.25227538,-0.9122754,-0.25227538,-0.31227538,-0.21227539,-0.05227539,-0.05227539,-0.2722754,0.027724609,0.09772461,-0.4822754,-0.47227538
-1.6822754,-1.4222754,-2.7022753,-2.5922754,-2.6722753,-2.1822753,-1.6422753,-0.9322754,-0.6522754,0.2577246,0.2877246,-0.9622754,-1.5722754,-2.1722753,-2.8822753,-3.1422753,-2.9322753,-3.1922753,-3.4922755,-4.1322756,-4.3122754,-3.3522754,-2.5322754,-2.6122754,-2.1022754,-1.4422754,-1.1622754,-2.0522754,-3.1722753,-3.2822754,-2.4722755,-1.0622754,-0.40227538,-0.25227538,-1.3022754,-2.1822753,-2.7822754,-2.8822753,-2.7022753,-2.5522754,-2.8022754,-2.3422754,-2.2222755,-1.9022754,-0.9622754,0.5977246,0.9977246,-0.03227539,-0.5322754,-0.1722754,0.05772461,-0.05227539,-0.6622754,-1.2022754,-0.9122754,-0.3622754,0.16772461,0.19772461
-1.0022753,-1.7722754,-1.8922753,-2.5322754,-2.4322753,-1.7822754,-1.1322753,-0.6022754,-0.9722754,-0.98227537,-1.2022754,-2.5122755,-2.5522754,-2.5922754,-3.1622753,-1.5622754,-1.7522753,-2.1922753,-2.7322755,-3.4222753,-3.7522755,-3.0622754,-1.1122754,-0.5922754,-0.28227538,-0.7122754,-0.86227536,-1.2722754,-1.9222754,-2.0822754,-2.1422753,-1.6222754,-0.3822754,-0.02227539,-0.7222754,-1.4622754,-2.1222754,-2.3722754,-2.9422753,-2.9322753,-2.2522755,-1.9522754,-1.9922754,-1.5922754,0.27772462,0.5877246,-0.2922754,-0.3622754,-1.1222754,-0.34227538,-0.06227539,-0.5022754,-1.0622754,-1.3522754,-1.1422753,-0.8522754,-0.08227539,0.16772461
-1.5122753,-1.4722754,-1.8622754,-1.9822754,-1.9622754,-1.9822754,-1.3722754,-0.9122754,-0.7622754,-2.3822753,-2.4422753,-2.9322753,-3.4622755,-3.0622754,-2.8622754,-2.6222754,-3.3422754,-3.4022753,-3.3322754,-2.5522754,-1.6522754,-0.8122754,-0.2922754,0.3277246,0.7877246,0.6677246,0.34772462,-0.06227539,-0.5222754,-1.2622753,-1.3522754,-0.2322754,1.0677246,0.7277246,0.5877246,-0.03227539,-0.6422754,-1.2622753,-1.5422754,-1.3122754,-0.9322754,-0.6622754,-0.7822754,-0.6922754,-1.0222754,-0.98227537,-1.1422753,-0.5822754,-0.8022754,-0.3222754,-0.09227539,-0.3022754,-0.7522754,-0.8722754,-1.3422754,-1.1522754,-0.5822754,0.57772464
-0.2622754,-1.7222754,-2.3322754,-2.1222754,-2.0822754,-1.6322753,-2.0222754,-1.8422754,-1.9022754,-2.4222753,-3.4822755,-3.5422754,-3.4822755,-2.9122753,-2.8022754,-3.2522755,-3.5622754,-4.0422754,-3.6222754,-2.0922754,-1.1522754,-0.6022754,-0.28227538,0.5377246,1.2777246,1.8677247,2.1077247,1.8177246,1.4177246,0.70772463,0.7177246,0.8977246,1.5577246,2.3377247,1.7177246,0.9877246,-0.09227539,-0.67227536,-0.37227538,-0.1422754,-0.0022753906,0.09772461,-0.3222754,-1.2522753,-1.8522754,-0.8722754,-0.3022754,-0.7522754,-0.5722754,-0.6922754,-0.7622754,-0.4222754,-0.6522754,-1.4022754,-1.7522753,-1.3522754,-0.6522754,0.6177246
-2.4122753,-2.2122755,-1.9522754,-1.8822753,-1.7722754,-1.8422754,-1.4122754,-1.5622754,-2.2522755,-2.7522755,-3.6322753,-3.6222754,-2.2822754,-2.8322754,-2.5522754,-3.2722754,-3.2522755,-3.5422754,-2.8822753,-1.8222754,-1.4222754,-1.6422753,-1.1222754,-0.31227538,0.4577246,1.3477246,2.0677247,2.4877245,2.5877247,1.9577246,2.0277245,2.2277246,2.6377246,2.8677247,2.3377247,1.8477246,1.2377247,0.40772462,0.2977246,0.31772462,0.3277246,-0.13227539,-0.7622754,-0.6222754,-0.3822754,0.077724606,-0.06227539,0.14772461,-0.06227539,-0.9622754,-0.8522754,-0.5322754,-0.6022754,-1.6922754,-1.8522754,-1.5622754,-0.40227538,0.7477246
-2.1422753,-2.9922755,-2.4222753,-1.7322754,-1.0422754,-1.4222754,-1.5522754,-1.4322754,-1.9322754,-2.3022754,-2.9822755,-3.4522753,-2.4422753,-1.8822753,-2.2322755,-2.7122755,-2.8722754,-2.5622754,-2.0722754,-2.0022755,-2.2122755,-1.6222754,-0.8022754,-0.3822754,0.6577246,1.2177246,1.4677246,2.0077245,2.4477246,3.1877246,2.6777246,2.3877246,2.3777246,2.2677245,2.4277246,2.0077245,1.3377246,1.3077246,0.8777246,0.4877246,0.34772462,-0.13227539,-0.4522754,-0.8222754,-0.22227539,1.0577246,0.8377246,0.27772462,-0.6922754,-1.2522753,-2.0122755,-2.2022753,-1.8822753,-1.6922754,-1.3722754,-1.1722754,-0.4922754,0.08772461
-2.8422754,-3.0222754,-2.5022755,-1.5922754,-1.5822754,-2.0522754,-1.9322754,-1.4422754,-2.0922754,-2.2922754,-2.4122753,-2.3022754,-2.8822753,-2.4622755,-1.9422754,-1.7922754,-1.7622753,-1.9022754,-1.8522754,-1.6122754,-1.6522754,-0.4222754,-0.3022754,-0.3622754,1.0877246,1.4777246,1.6277246,1.0977246,1.1677246,1.3177246,3.0477247,2.7277246,2.1877246,1.3177246,2.1277246,1.8477246,1.8077246,2.0877247,1.6477246,0.9277246,0.4777246,0.1877246,-0.4222754,-0.54227537,-0.47227538,0.3677246,-0.05227539,-0.2722754,-0.6422754,-1.1022754,-1.7522753,-2.4422753,-2.7122755,-2.5122755,-1.7222754,-1.2522753,-0.54227537,-0.19227539
-1.4322754,-2.1322753,-1.8322754,-0.9622754,-1.4422754,-1.1222754,-1.2322754,-1.7922754,-2.3022754,-2.0222754,-1.4522754,-1.4322754,-2.1022754,-2.3122754,-1.9122754,-1.4522754,-1.8622754,-2.0922754,-1.7422754,-1.3722754,-0.4822754,0.3377246,0.7877246,0.6277246,1.9377246,2.3477247,0.7577246,1.1277246,1.2777246,0.8077246,1.6777246,2.7377245,2.5377245,2.0777247,1.2877246,0.7977246,1.6577246,1.6977246,2.0377245,0.8977246,0.1277246,0.31772462,0.3677246,0.08772461,-0.4122754,-0.7122754,-0.6322754,-0.5622754,-1.1122754,-1.4722754,-1.8722754,-2.1922753,-2.6922753,-2.0022755,-1.6422753,-0.6822754,-0.05227539,0.03772461
0.7277246,0.6477246,-0.31227538,-0.43227538,-0.31227538,-1.7122754,-2.0522754,-1.5722754,-0.7122754,-1.1622754,-0.86227536,-0.2622754,-1.9222754,-2.4022753,-1.9922754,-1.6622754,-1.2322754,-0.8122754,-1.1422753,-0.6622754,0.3277246,0.8177246,0.6177246,1.7477247,2.0977247,0.9077246,2.1977246,2.0177245,1.5477246,1.8177246,1.7277246,2.3377247,2.8777246,2.2177246,1.2077246,-0.05227539,0.19772461,0.5277246,0.8777246,0.6877246,0.27772462,0.19772461,0.22772461,0.2577246,-0.2022754,-0.7822754,-0.6622754,-0.5922754,-1.0022753,-1.3522754,-2.0422754,-2.3422754,-2.4922755,-1.9922754,-1.8622754,-1.6122754,-1.3722754,-0.9622754
0.7777246,0.1277246,0.3077246,0.6677246,-0.08227539,0.5577246,-1.7422754,-0.9922754,-0.61227536,-0.4122754,-0.9522754,-1.3022754,-2.0822754,-1.8822753,-2.1422753,-1.8922753,-0.5822754,-1.3322754,0.7177246,-0.09227539,1.1477246,2.2977247,2.4377246,2.0577247,2.7477245,3.2777245,2.4877245,3.2677245,2.6477246,1.4477246,1.7877246,2.7177246,2.8177247,2.9977245,0.5077246,0.05772461,0.7377246,-0.3022754,0.2977246,0.4177246,0.24772461,-0.12227539,-0.12227539,-0.01227539,-0.34227538,-0.5322754,-0.7122754,-0.8222754,-0.98227537,-1.5622754,-2.0822754,-2.1322753,-2.2022753,-2.1822753,-2.5122755,-2.3122754,-1.8822753,-1.4322754
0.51772463,0.9477246,1.7977246,0.6077246,-2.2922754,-0.9322754,-0.4222754,-1.2822754,-0.8522754,-0.5922754,-1.3722754,-1.8322754,-2.2722754,-2.4622755,-2.6022754,-1.9722754,-1.5022753,-0.16227539,1.5077246,1.5577246,2.6577246,3.0777247,2.1677246,1.4177246,2.6077247,3.3877246,2.7377245,3.2877245,3.0477247,2.3777246,2.5677247,3.8877246,2.3377247,2.4877245,0.2677246,0.95772463,0.6977246,0.40772462,-0.7222754,-0.34227538,-0.1422754,0.09772461,-0.05227539,-0.13227539,-0.15227538,-0.4522754,-0.8922754,-1.3522754,-1.7322754,-2.2522755,-2.3622754,-2.4522753,-2.0522754,-1.3722754,-1.3722754,-1.9022754,-1.4122754,-1.3422754
-0.07227539,1.1577246,1.4577246,2.0377245,2.0777247,-0.6822754,0.05772461,-1.1322753,-0.8722754,-0.6522754,-1.0022753,-1.0522754,-0.8722754,-0.4522754,-1.3822753,-2.3622754,-1.2622753,0.43772462,2.0477247,2.3077247,2.5877247,0.6977246,1.1877246,1.7077246,1.9677246,2.4077246,2.7977247,2.7277246,1.8777246,1.8977246,1.9577246,4.7977247,2.4577246,-0.7522754,1.1477246,1.5977246,0.8777246,0.5277246,-0.16227539,-0.4822754,-0.05227539,-0.06227539,0.007724609,-0.03227539,-0.15227538,-0.2922754,-0.6422754,-1.0022753,-1.7322754,-2.0622754,-2.0322754,-2.0222754,-1.3622754,-1.2522753,-1.2722754,-0.3522754,-0.13227539,0.06772461
-0.67227536,0.6977246,0.24772461,0.16772461,0.13772461,-0.28227538,0.4777246,0.37772462,-0.4622754,-0.4122754,-0.4922754,-0.05227539,-0.04227539,0.4477246,-0.6322754,-1.9722754,-1.3422754,-0.4522754,0.5577246,0.8777246,1.6477246,0.8177246,0.7877246,1.2877246,2.2277246,3.1477246,3.4077246,0.9377246,1.1477246,2.8277247,2.6277246,3.3577247,1.6877246,-0.06227539,1.1377246,1.5677246,1.6877246,0.6577246,0.49772462,0.017724609,0.007724609,0.24772461,0.5377246,0.5577246,0.27772462,0.3377246,0.08772461,-0.54227537,-1.0422754,-1.6722754,-1.2622753,-1.2622753,-1.0822754,-1.3122754,-1.1522754,-0.79227537,-0.4122754,-0.25227538
-0.73227537,-0.3922754,0.10772461,-0.6922754,1.0877246,-0.13227539,0.3977246,1.2777246,1.3177246,0.5477246,-0.34227538,0.17772461,1.2877246,2.0477247,0.4877246,-0.7722754,-1.2822754,-1.2122754,-0.8822754,-0.6322754,0.4777246,1.7777246,1.4377246,1.5177246,3.5977247,0.6177246,0.1577246,0.4877246,2.6777246,2.1277246,2.7377245,2.3177247,0.11772461,0.7577246,1.4277246,2.4277246,1.0777246,-0.43227538,0.13772461,0.4277246,-0.1422754,0.1577246,0.43772462,0.51772463,0.4477246,0.76772463,1.2577246,0.5577246,-0.11227539,-0.5722754,-0.6222754,-0.9322754,-1.2822754,-0.8322754,-1.8122754,-1.3822753,-0.5022754,0.2877246
-1.8722754,-1.5722754,-1.3422754,-0.7522754,-0.6622754,0.3677246,0.43772462,2.2477245,2.7477245,1.5177246,-0.9622754,-0.4122754,0.7177246,2.0377245,1.1077247,-0.34227538,-1.3422754,-1.4422754,-1.0922754,-1.4522754,-0.6322754,0.09772461,0.5277246,1.8977246,2.1077247,3.3277247,1.6677246,2.0777247,0.95772463,1.1377246,3.3177247,0.9277246,0.9277246,0.7577246,2.0877247,0.31772462,0.5577246,-1.9122754,-0.3922754,0.2377246,0.4877246,0.3577246,0.2977246,0.57772464,0.6677246,1.4177246,1.6977246,1.3277246,1.5077246,0.7277246,-0.2622754,-0.43227538,-0.5622754,-0.8522754,-0.8422754,-0.6222754,0.007724609,0.7477246
-1.9622754,-3.8422754,-2.1922753,0.027724609,0.7577246,0.3877246,0.6077246,0.8777246,1.2477247,1.0977246,-0.4922754,-0.6022754,-0.2322754,1.0077246,0.7177246,0.4277246,-1.0422754,-2.1122754,-2.3622754,-0.67227536,-0.3522754,-0.67227536,-0.6622754,0.1877246,2.2177246,1.8277246,1.4577246,0.6877246,1.3577247,1.4677246,1.5377246,1.2477247,0.6577246,0.88772464,0.2977246,0.007724609,0.19772461,-0.8122754,-0.7422754,-0.6822754,0.14772461,0.4777246,0.27772462,1.0177246,1.4677246,1.7177246,1.6677246,1.5077246,1.5277246,1.5077246,1.1577246,0.06772461,-0.2022754,-0.4222754,-0.15227538,0.077724606,0.82772464,1.2477247
-0.9622754,-4.4522753,-2.0622754,-0.15227538,0.70772463,0.13772461,1.1077247,-0.0022753906,0.11772461,0.5877246,-0.1422754,-0.2322754,-0.3522754,0.2577246,-0.3622754,-1.2822754,-1.0222754,-0.8222754,-0.4422754,0.077724606,0.8377246,-0.3222754,-1.7222754,-1.1522754,-0.07227539,-0.2922754,-0.37227538,0.3277246,0.46772462,0.63772464,-0.4822754,-0.8122754,-1.2822754,-0.8122754,-1.0222754,-1.3322754,-1.3322754,-0.7022754,-0.7122754,-0.6322754,-0.43227538,-0.16227539,0.24772461,0.5977246,1.6277246,1.9777246,1.8377246,2.3677247,1.9977247,1.7277246,1.4777246,1.5177246,-0.43227538,-0.7022754,-0.3822754,0.63772464,1.1077247,1.2077246
-3.0222754,-2.9822755,-1.7522753,1.5977246,0.5477246,-0.8222754,-0.05227539,-0.6222754,0.24772461,0.43772462,0.2877246,0.03772461,0.03772461,0.03772461,-0.9622754,-1.5722754,-0.3822754,0.3277246,0.7277246,1.4477246,1.4677246,0.16772461,-0.9622754,-1.2422754,-0.34227538,-1.6822754,-2.0222754,-1.0722754,-0.34227538,-0.11227539,-0.5922754,-1.2522753,-1.9222754,-1.8922753,-1.6922754,-2.3322754,-2.1022754,-1.4622754,-0.6322754,-0.04227539,-0.86227536,-1.0822754,-0.18227538,0.7177246,1.4877247,1.8477246,2.5877247,2.2377245,2.3277247,2.6577246,2.3777246,1.8177246,0.09772461,-0.86227536,0.19772461,1.1277246,1.7677246,1.3077246
