wind-weather/data/weather/current/current-wind-isobaric-70hPa-gfs-1.0.json
{"header": {"discipline":0,"disciplineName":"Meteorologicalproducts","gribEdition":2,"gribLength":51684,"center":7,"centerName":"USNationalWeatherService-NCEP(WMC)","subcenter":0,"refTime":"2017-11-24T12:00:00.000Z","significanceOfRT":0,"significanceOfRTName":"Analysis","productStatus":0,"productStatusName":"Operationalproducts","productType":0,"productTypeName":"Analysisproducts","productDefinitionTemplate":0,"productDefinitionTemplateName":"Analysis/forecastathorizontallevel/layeratapointintime","parameterCategory":2,"parameterCategoryName":"Momentum","parameterNumber":3,"parameterNumberName":"V-component_of_wind","parameterUnit":"m.s-1","genProcessType":0,"genProcessTypeName":"Analysis","forecastTime":0,"surface1Type":100,"surface1TypeName":"Isobaricsurface","surface1Value":7000.0,"surface2Type":255,"surface2TypeName":"Missing","surface2Value":0.0,"gridDefinitionTemplate":0,"gridDefinitionTemplateName":"Latitude_Longitude","numberPoints":65160,"shape":6,"shapeName":"Earthsphericalwithradiusof6,371,229.0m","gridUnits":"degrees","resolution":48,"winds":"true","scanMode":0,"nx":360,"ny":181,"basicAngle":0,"lo1":0.0,"la1":90.0,"lo2":359.0,"la2":-90.0,"dx":1.0,"dy":1.0}, "data":
[rows 26 to 51 of 181, columns 228 to 284 of 360]
-0.7257178,-0.9257178,-1.2057178,-1.4857178,-1.8457178,-2.1857178,-2.5757177,-3.0757177,-3.6457179,-4.215718,-4.765718,-5.3557177,-5.9357176,-6.575718,-7.285718,-7.9757175,-8.605718,-9.245718,-9.905718,-10.625718,-11.375718,-12.075718,-12.745718,-13.365718,-13.995718,-14.645718,-15.345717,-16.085718,-16.845718,-17.625717,-18.475718,-19.345718,-20.195717,-21.025719,-21.815718,-22.455717,-22.815718,-22.955717,-22.985718,-22.935719,-22.705717,-22.195717,-21.355719,-20.295717,-19.165718,-17.985718,-16.815718,-15.675717,-14.475718,-13.335718,-12.345717,-11.375718,-10.385717,-9.375718,-8.375718,-7.3357177,-6.235718
-0.5357178,-0.7157178,-1.0157177,-1.2257178,-1.4657178,-1.7957177,-2.2257178,-2.5957177,-2.9857178,-3.6657178,-4.3357177,-4.945718,-5.5657177,-6.215718,-6.885718,-7.5057178,-8.115718,-8.785718,-9.485718,-10.185718,-10.815718,-11.435718,-11.995718,-12.605718,-13.2657175,-13.965717,-14.665718,-15.375718,-16.115717,-16.865717,-17.625717,-18.425718,-19.315718,-20.235718,-21.135717,-21.965717,-22.705717,-23.225718,-23.465717,-23.455717,-23.305717,-22.995718,-22.385717,-21.455717,-20.315718,-19.115717,-17.845718,-16.585718,-15.395718,-14.195718,-13.0157175,-11.995718,-11.055717,-10.065718,-8.965717,-7.885718,-6.8757176
-0.45571777,-0.6557178,-0.87571776,-1.0657178,-1.2157178,-1.4857178,-1.8757178,-2.1457179,-2.4657178,-3.0057178,-3.5457177,-4.115718,-4.735718,-5.535718,-6.4157176,-7.2257175,-7.845718,-8.395718,-8.945718,-9.535718,-10.145718,-10.7657175,-11.345717,-11.925717,-12.575718,-13.305717,-14.0157175,-14.755718,-15.475718,-16.205717,-16.955717,-17.715717,-18.495718,-19.325718,-20.205717,-21.125717,-22.035717,-22.825718,-23.405718,-23.695717,-23.715717,-23.585718,-23.285717,-22.695717,-21.725718,-20.505718,-19.225718,-17.885717,-16.525719,-15.2657175,-14.065718,-12.865718,-11.775718,-10.795718,-9.7657175,-8.605718,-7.515718
-0.48571777,-0.5957178,-0.69571775,-0.7857178,-0.9257178,-1.2157178,-1.5457177,-2.0057178,-2.4957178,-2.9557178,-3.3457177,-3.7057178,-4.135718,-4.735718,-5.465718,-6.195718,-6.865718,-7.485718,-8.105718,-8.775718,-9.465717,-10.125718,-10.755718,-11.375718,-11.995718,-12.635717,-13.345717,-14.115718,-14.935718,-15.745718,-16.505718,-17.225718,-17.945717,-18.675718,-19.445717,-20.285717,-21.125717,-21.895718,-22.615717,-23.215717,-23.585718,-23.605719,-23.385717,-23.115717,-22.695717,-21.845718,-20.685719,-19.405718,-18.075718,-16.655718,-15.295718,-14.045718,-12.815718,-11.645718,-10.575718,-9.485718,-8.325718
-0.22571777,-0.37571776,-0.51571774,-0.56571776,-0.6057178,-0.7257178,-1.0257177,-1.5657178,-2.2557178,-2.8357177,-3.2257178,-3.5857177,-4.0057178,-4.445718,-4.945718,-5.3757176,-5.8557177,-6.3557177,-6.9157176,-7.635718,-8.465717,-9.2657175,-9.975718,-10.605718,-11.195718,-11.845717,-12.555717,-13.365718,-14.175717,-15.065718,-15.955718,-16.755718,-17.485718,-18.175718,-18.875717,-19.535717,-20.195717,-20.875717,-21.575718,-22.215717,-22.715717,-23.055717,-23.185719,-23.105719,-22.835718,-22.405718,-21.685719,-20.635717,-19.385717,-18.095718,-16.735718,-15.355718,-14.065718,-12.825718,-11.615718,-10.435718,-9.2657175
0.24428223,0.18428223,0.004282227,-0.21571778,-0.29571778,-0.32571778,-0.40571776,-0.7157178,-1.3657178,-2.0057178,-2.5957177,-3.2557178,-3.9257178,-4.385718,-4.6457176,-4.8357177,-5.095718,-5.6457176,-6.3957176,-7.175718,-7.9357176,-8.495718,-8.905718,-9.455718,-10.205718,-11.045718,-11.835718,-12.625718,-13.455718,-14.355718,-15.225718,-16.095718,-16.905718,-17.615717,-18.235718,-18.765718,-19.285717,-19.825718,-20.355719,-20.915718,-21.465717,-21.985718,-22.435719,-22.725718,-22.735718,-22.435719,-22.005718,-21.405718,-20.465717,-19.325718,-18.095718,-16.805717,-15.445718,-14.095717,-12.795718,-11.535718,-10.255718
0.5442822,0.5442822,0.56428224,0.5142822,0.50428224,0.44428223,0.26428223,0.044282228,-0.51571774,-1.1757178,-1.6457177,-2.3257177,-3.1357179,-3.8557177,-4.3757176,-4.715718,-4.945718,-5.3957176,-6.2257175,-7.0657177,-7.405718,-7.595718,-8.375718,-9.305717,-10.0157175,-10.655718,-11.385717,-12.165718,-12.925717,-13.655718,-14.415718,-15.235718,-16.025719,-16.735718,-17.355719,-17.905718,-18.415718,-18.905718,-19.375717,-19.835718,-20.275719,-20.725718,-21.215717,-21.715717,-22.075718,-22.205717,-22.075718,-21.775719,-21.295717,-20.535717,-19.475718,-18.225718,-16.895718,-15.485718,-14.035718,-12.625718,-11.255718
1.3942822,1.2642822,1.0142822,0.6642822,0.44428223,0.61428225,0.75428224,0.67428225,0.41428223,-0.47571778,-1.1157178,-1.4257178,-2.1457179,-3.1057177,-4.115718,-4.8157177,-5.245718,-5.715718,-6.2757177,-6.655718,-6.7957177,-7.3157177,-8.035718,-8.615718,-9.285718,-10.185718,-11.025718,-11.695718,-12.275718,-12.895718,-13.585718,-14.305717,-14.975718,-15.585718,-16.155718,-16.715717,-17.255718,-17.715717,-18.085718,-18.425718,-18.805717,-19.245718,-19.665718,-20.125717,-20.645718,-21.115717,-21.425718,-21.475718,-21.285717,-20.885717,-20.235718,-19.275719,-18.065718,-16.755718,-15.395718,-13.935718,-12.345717
1.8642823,1.7142823,1.6542822,1.3642823,0.7942822,0.38428223,0.28428224,0.37428224,0.32428223,0.24428223,-0.38571778,-0.87571776,-1.4457178,-2.4757178,-3.5857177,-4.5657177,-5.235718,-5.515718,-5.8157177,-6.0457177,-6.235718,-6.765718,-7.5057178,-8.385717,-9.105718,-9.835718,-10.505718,-11.095717,-11.715717,-12.385717,-12.925717,-13.295718,-13.655718,-14.105718,-14.655718,-15.235718,-15.835718,-16.365717,-16.765718,-17.085718,-17.435719,-17.865717,-18.335718,-18.795717,-19.245718,-19.725718,-20.205717,-20.575718,-20.695717,-20.525719,-20.145718,-19.635717,-18.915718,-17.925718,-16.655718,-15.115718,-13.465717
3.3242822,2.884282,2.5642822,2.5442822,2.3042822,1.5242822,0.6542822,0.27428222,0.094282225,-0.14571777,-0.19571777,-0.57571775,-1.3457178,-2.3257177,-3.4657178,-4.445718,-4.805718,-5.0257177,-5.2057176,-5.2757177,-5.6457176,-6.4157176,-7.5257177,-8.415718,-9.045718,-9.525718,-9.975718,-10.335718,-10.835718,-11.385717,-11.585718,-11.745718,-12.165718,-12.815718,-13.535718,-14.245718,-14.885717,-15.475718,-16.025719,-16.595718,-17.115717,-17.565718,-17.975718,-18.355719,-18.665718,-18.945717,-19.205717,-19.495718,-19.775719,-19.995718,-20.055717,-19.795717,-19.305717,-18.565718,-17.465717,-16.055717,-14.595717
4.2742825,4.3942823,3.9042823,3.5642822,3.4942822,3.4142823,2.3442822,0.8942822,0.19428223,-0.24571778,-0.6757178,-0.76571774,-1.0457177,-2.2857177,-3.5557177,-4.195718,-4.675718,-5.1257176,-5.325718,-5.5457177,-6.055718,-6.655718,-7.365718,-8.085718,-8.395718,-8.605718,-9.195718,-9.675717,-10.145718,-10.125718,-10.225718,-10.845717,-11.535718,-12.355718,-13.095717,-13.685718,-14.205718,-14.715717,-15.345717,-15.965717,-16.445717,-16.745718,-16.925718,-17.105719,-17.345718,-17.615717,-17.885717,-18.125717,-18.345718,-18.605719,-18.895718,-19.055717,-18.845718,-18.335718,-17.525719,-16.395718,-15.045718
3.6142821,4.2942824,4.654282,4.174282,3.4042823,3.3642821,3.4042823,2.1742823,0.63428223,-0.33571777,-0.56571776,-0.57571775,-1.0657178,-1.8157178,-3.0057178,-3.8257177,-4.325718,-4.905718,-5.3157177,-5.535718,-5.965718,-6.5257177,-7.1057177,-7.6657176,-7.845718,-8.255718,-8.755718,-8.735718,-9.145718,-9.565718,-9.945718,-10.435718,-11.065718,-11.425717,-11.865718,-12.325718,-12.7657175,-13.325718,-13.905718,-14.345717,-14.655718,-14.975718,-15.325718,-15.725718,-16.105719,-16.425718,-16.715717,-17.005718,-17.185719,-17.305717,-17.405718,-17.515718,-17.555717,-17.325718,-16.785717,-15.995718,-15.025718
3.4442823,3.5842822,3.8342822,3.8942823,3.2342823,2.4042823,2.134282,2.4042823,1.7742822,0.5242822,-0.20571777,-0.035717774,-0.17571777,-1.1457177,-1.8757178,-2.3757179,-3.1757178,-4.015718,-3.9457178,-4.7057176,-5.2757177,-5.6857176,-6.015718,-6.3157177,-6.8157177,-7.615718,-7.7257175,-8.215717,-8.855718,-9.085718,-9.555717,-9.755718,-9.975718,-10.305717,-10.555717,-11.085718,-11.695718,-12.225718,-12.645718,-13.055717,-13.635717,-14.325718,-14.945718,-15.425717,-15.735718,-15.995718,-16.155718,-16.225718,-16.295717,-16.275719,-16.165718,-16.025719,-15.865718,-15.675717,-15.5157175,-15.135717,-14.535718
3.2442822,3.1142821,2.9342823,2.7842822,2.5642822,2.2742822,1.8742822,1.4042822,1.6942822,1.9542823,1.3542823,0.8442822,0.69428223,0.27428222,-0.6057178,-1.1257178,-1.0857178,-1.5257177,-2.1057177,-2.8857179,-3.4957178,-3.7157178,-4.4157176,-5.235718,-5.965718,-6.745718,-7.655718,-8.275718,-8.245718,-8.545718,-9.315718,-9.695718,-9.805717,-10.075718,-10.335718,-10.435718,-10.825718,-11.495718,-12.055717,-12.595717,-13.185718,-13.745718,-14.125718,-14.235718,-14.125718,-14.325718,-14.485718,-14.675717,-14.805717,-14.865718,-14.925717,-14.945718,-14.815718,-14.535718,-14.235718,-13.985718,-13.695718
2.9642823,2.6942823,2.4642823,2.2742822,2.2042823,2.0842822,2.3342822,2.5542822,1.8542823,1.7542822,2.134282,2.2342823,1.4942822,0.55428225,0.25428224,0.5442822,1.1242822,1.1842822,0.6642822,-1.0357177,-2.6557178,-3.7357178,-4.2257175,-5.055718,-6.245718,-6.905718,-7.265718,-7.6657176,-8.125718,-8.845717,-9.795718,-10.535718,-10.875718,-10.775718,-10.965717,-10.655718,-10.665718,-10.625718,-10.545718,-10.475718,-10.445718,-10.745718,-11.235718,-11.785718,-12.255718,-12.695718,-13.275718,-13.835718,-14.2657175,-14.595717,-14.675717,-14.545718,-14.2657175,-13.845717,-13.335718,-12.895718,-12.425717
2.9842823,2.8242822,2.6442823,2.4242823,2.3342822,2.4742823,2.4842823,2.8342822,3.7142823,2.6242821,1.1342822,1.5542822,2.5342822,0.8442822,1.2942822,2.9542823,3.2542822,2.8742821,1.4342822,-1.1657177,-2.4457178,-2.7957177,-4.035718,-5.735718,-5.805718,-5.5057178,-5.445718,-6.0857177,-7.9357176,-9.835718,-11.125718,-11.935718,-12.335718,-11.925717,-10.905718,-9.815718,-8.895718,-8.285718,-7.995718,-8.065718,-8.655718,-9.7657175,-11.335718,-12.575718,-13.475718,-14.595717,-14.935718,-14.995718,-14.965717,-14.745718,-14.455718,-13.945718,-13.445718,-12.985718,-12.485718,-11.905718,-11.305717
3.3642821,3.3242822,3.2342823,3.1042821,2.9942822,2.9942822,3.0942822,2.9142823,2.7742822,3.6142821,1.7542822,1.0142822,1.4142822,1.4742823,2.7042823,3.5542822,3.8742821,3.6442823,1.2142823,-0.9757178,-1.6457177,-3.3857179,-4.2957177,-4.1257176,-3.6957178,-3.5457177,-4.635718,-6.5857177,-8.505718,-10.405718,-11.915718,-12.035718,-11.245718,-10.325718,-8.795718,-7.235718,-6.5057178,-6.8957176,-7.745718,-9.065718,-10.775718,-12.555717,-14.085718,-15.235718,-15.805717,-15.5157175,-14.985718,-14.335718,-13.715717,-13.245718,-12.835718,-12.505718,-12.065718,-11.615718,-11.105718,-10.575718,-9.935718
3.9542823,4.0442824,4.074282,4.0442824,3.9042823,3.7742822,3.634282,3.4042823,2.6642823,2.2842822,1.9642823,1.1342822,0.39428222,1.3842822,2.0242822,3.1042821,3.7942822,3.6542823,2.0642822,-2.0257177,-2.3557177,-1.7757177,-3.2757177,-3.6957178,-3.3157177,-3.8057177,-4.9557176,-6.155718,-7.535718,-9.575718,-11.315718,-11.915718,-10.535718,-8.575718,-6.6857176,-5.515718,-5.4157176,-7.3557177,-9.715717,-11.725718,-13.235718,-14.045718,-14.035718,-13.875718,-13.495718,-12.845717,-12.295718,-11.905718,-11.455718,-10.835718,-10.605718,-10.505718,-10.585718,-10.385717,-9.885717,-9.2657175,-8.705718
4.694282,4.8542824,4.984282,4.9342823,4.764282,4.5642824,4.3542824,4.054282,3.5842822,2.6142821,1.3942822,0.7142822,0.32428223,0.8942822,1.5642822,2.5342822,3.4942822,3.1942823,2.0142822,-0.24571778,-3.3957179,-2.1457179,-1.7957177,-3.7457178,-5.0457177,-4.7557178,-3.2857177,-1.8957177,-3.9657178,-8.0157175,-11.475718,-12.135717,-10.425717,-7.285718,-5.195718,-5.3357177,-6.555718,-8.905718,-11.215717,-12.355718,-12.145718,-11.455718,-10.995718,-10.815718,-10.655718,-10.635717,-10.785718,-10.365718,-9.865718,-9.775718,-9.615718,-9.535718,-9.245718,-8.855718,-8.405718,-7.865718,-7.2757177
5.5642824,5.6442823,5.714282,5.674282,5.574282,5.4542823,5.364282,5.1442823,4.7742825,3.7742822,1.8242822,0.8542822,0.80428225,0.7842822,1.1542822,2.0442822,3.2442822,3.0242822,0.94428223,-1.3357178,-0.99571776,-1.3257178,-2.8557177,-4.8957176,-2.7957177,-0.6457178,1.0242822,-1.3657178,-6.555718,-11.5157175,-12.935718,-12.085718,-9.385717,-4.7057176,-4.3757176,-5.785718,-7.765718,-9.635717,-10.625718,-10.425717,-9.855718,-9.325718,-8.915718,-8.775718,-9.005718,-9.475718,-9.575718,-9.565718,-9.575718,-9.375718,-8.955718,-8.445718,-8.175717,-7.6257176,-6.805718,-6.0057178,-5.615718
6.094282,6.114282,6.174282,6.234282,6.254282,6.234282,6.1642823,6.0242825,5.5642824,4.2442822,2.0042822,1.6542822,1.0942823,0.62428224,0.47428223,1.2942822,1.5942823,2.0042822,0.24428223,-1.3557178,-1.2957177,-1.9357178,-4.365718,-5.7557178,0.20428222,-1.5857178,-2.4557178,-6.765718,-9.855718,-10.455718,-11.375718,-10.245718,-7.6857176,-3.6457179,-4.3357177,-5.5857177,-7.245718,-8.485718,-8.675717,-8.725718,-8.585718,-8.035718,-7.485718,-7.365718,-7.745718,-8.365718,-9.005718,-9.505718,-9.455718,-9.065718,-8.495718,-8.145718,-7.465718,-6.2557178,-5.465718,-5.2757177,-4.6057177
6.4742823,6.4942822,6.504282,6.514282,6.444282,6.364282,6.2442822,6.034282,5.3142824,4.0242825,2.3042822,1.6542822,0.87428224,0.004282227,0.74428225,0.98428226,0.5242822,-0.74571776,-1.6057178,-2.0057178,-1.8857177,-3.6557178,-5.7757177,-6.885718,-1.6557177,-1.2057178,-3.9657178,-5.4357176,-7.095718,-7.765718,-8.135717,-7.985718,-7.4157176,-5.1457176,-4.635718,-5.1457176,-6.305718,-7.075718,-7.3357177,-7.515718,-7.535718,-7.305718,-6.8757176,-6.825718,-7.3557177,-8.045718,-8.705718,-9.145718,-9.175717,-8.825718,-8.435718,-7.765718,-6.485718,-5.4757175,-4.985718,-4.3757176,-3.5757177
7.2242823,7.0442824,6.754282,6.4742823,6.3142824,6.214282,6.0842824,5.8942823,5.1442823,3.6542823,3.3142822,1.5342822,-1.1657177,-2.0957177,-0.7357178,-0.5857178,-1.1857178,-1.2457178,-1.0557178,-1.3657178,-2.4657178,-4.4757175,-5.535718,-5.9357176,-2.2257178,-0.9557178,-4.195718,-5.4357176,-5.095718,-6.055718,-6.5857177,-6.8157177,-6.965718,-5.735718,-4.7557178,-4.8557177,-5.465718,-5.695718,-5.9557176,-6.285718,-6.5257177,-6.6657176,-6.6857176,-6.7557178,-7.0057178,-7.5057178,-7.985718,-8.305717,-8.385717,-8.185718,-7.635718,-6.595718,-5.485718,-4.9557176,-4.5657177,-3.9357178,-3.7257178
7.8942823,7.4942822,6.984282,6.614282,6.3742824,6.1442823,5.8742824,5.5242825,4.924282,3.2642822,2.7642822,0.5342822,-1.8857177,-2.6257179,-2.5357177,-3.5557177,-3.6657178,-3.6357179,-2.8357177,-1.9657178,-2.9557178,-4.5857177,-4.745718,-4.6257176,-3.4157178,-2.1857178,-3.365718,-3.3757179,-3.5257177,-5.3957176,-5.6857176,-5.6657176,-5.305718,-5.095718,-5.3357177,-5.345718,-4.735718,-4.0257177,-3.9957178,-4.6257176,-5.305718,-5.925718,-6.265718,-6.285718,-6.3957176,-6.735718,-7.0657177,-7.2557178,-7.3157177,-7.1857176,-6.595718,-5.735718,-5.135718,-4.805718,-4.4557176,-4.1457176,-3.7857177
8.2342825,7.654282,7.1042824,6.614282,6.1242824,5.7042823,5.464282,5.214282,4.764282,3.5242822,3.7942822,0.37428224,-2.6557178,-2.2557178,-2.1657178,-3.4157178,-4.1457176,-3.8957179,-4.285718,-3.7757177,-4.0857177,-5.0457177,-4.0857177,-3.365718,-3.9157178,-5.1657176,-5.485718,-1.3157178,-1.9157177,-5.0457177,-6.285718,-5.4757175,-5.055718,-5.385718,-5.8957176,-5.4557176,-4.485718,-3.2557178,-2.8557177,-3.4357178,-4.445718,-5.4157176,-5.675718,-5.635718,-5.5657177,-5.695718,-6.035718,-6.305718,-6.385718,-6.325718,-5.995718,-5.6257176,-5.1857176,-4.8157177,-4.5657177,-4.0657177,-3.0657177
7.984282,7.484282,7.2042823,7.134282,7.1842823,7.174282,6.9542823,6.674282,5.884282,4.784282,4.3142824,2.9742823,-0.80571777,-1.7757177,-0.41571778,-2.0357177,-2.5857177,-2.7957177,-3.2957177,-2.9957178,-3.7957177,-3.9657178,-3.9457178,-4.2257175,-4.745718,-6.485718,-4.9757175,-1.9457178,-3.3257177,-5.9157176,-6.2257175,-5.2557178,-4.5657177,-4.9157176,-5.245718,-5.445718,-4.8357177,-3.5257177,-2.8557177,-2.9657178,-3.4457178,-4.095718,-4.8557177,-5.195718,-4.945718,-4.675718,-4.805718,-5.3557177,-5.925718,-6.215718,-6.1857176,-5.8557177,-5.4357176,-4.8557177,-4.0057178,-2.9657178,-1.8857177
