wind-weather/data/weather/current/current-wind-isobaric-850hPa-gfs-1.0.json
{"header": {"discipline":0,"disciplineName":"Meteorologicalproducts","gribEdition":2,"gribLength":76172,"center":7,"centerName":"USNationalWeatherService-NCEP(WMC)","subcenter":0,"refTime":"2017-11-24T12:00:00.000Z","significanceOfRT":0,"significanceOfRTName":"Analysis","productStatus":0,"productStatusName":"Operationalproducts","productType":0,"productTypeName":"Analysisproducts","productDefinitionTemplate":0,"productDefinitionTemplateName":"Analysis/forecastathorizontallevel/layeratapointintime","parameterCategory":2,"parameterCategoryName":"Momentum","parameterNumber":3,"parameterNumberName":"V-component_of_wind","parameterUnit":"m.s-1","genProcessType":0,"genProcessTypeName":"Analysis","forecastTime":0,"surface1Type":100,"surface1TypeName":"Isobaricsurface","surface1Value":85000.0,"surface2Type":255,"surface2TypeName":"Missing","surface2Value":0.0,"gridDefinitionTemplate":0,"gridDefinitionTemplateName":"Latitude_Longitude","numberPoints":65160,"shape":6,"shapeName":"Earthsphericalwithradiusof6,371,229.0m","gridUnits":"degrees","resolution":48,"winds":"true","scanMode":0,"nx":360,"ny":181,"basicAngle":0,"lo1":0.0,"la1":90.0,"lo2":359.0,"la2":-90.0,"dx":1.0,"dy":1.0}, "data":
[rows 130 to 155 of 181, columns 114 to 170 of 360]
4.085842,2.6558423,-0.15415771,-3.1741576,-4.7541575,-4.104158,-3.6541576,-3.0441577,-3.3941576,-4.5741577,-5.0641575,-5.2841578,-5.4441576,-5.374158,-3.9241576,-3.3441577,-2.3341577,-2.7341578,-2.4141576,-1.3241577,-0.4241577,0.4758423,0.7458423,-1.7441577,-1.6841577,-1.8841577,-2.3741577,-2.9441576,-4.664158,-3.2741578,-3.8641577,-2.7941577,-1.6441578,-1.4841577,-2.7541578,-2.6841576,-2.1641576,-1.1641577,-2.9941578,-6.1941576,-5.0541577,-5.0041575,-4.834158,-5.6741576,-5.9441576,-6.334158,-7.644158,-8.174158,-6.334158,-4.624158,-3.6741576,-2.5741577,-0.86415774,0.2658423,0.9058423,1.7458423,2.9958422
4.3258424,2.9458423,0.8958423,-1.0741577,-3.9741578,-5.644158,-5.624158,-6.4841576,-4.974158,-5.0941577,-5.704158,-5.7541575,-5.8441577,-6.2341576,-4.744158,-3.6641576,-2.8941576,-3.4441576,-3.0941577,-2.7241578,-2.0141578,-0.7841577,0.27584228,-0.31415772,-2.1741576,-1.2941577,-1.7641578,-2.6741576,-3.7441578,-4.0041575,-3.0641577,-1.6841577,-1.2141577,-1.2941577,-3.6641576,-4.5441575,-3.6641576,-1.6541578,-2.9141576,-6.9641576,-6.9441576,-6.474158,-6.144158,-6.4241576,-6.014158,-6.2741575,-9.164158,-8.194158,-5.6941576,-3.9841578,-2.5741577,-1.3541577,-0.3041577,0.6158423,1.3758423,2.3858423,3.4458423
4.395842,3.2558422,0.9758423,-1.4641577,-3.3141577,-5.3841577,-6.0641575,-3.7541578,-7.414158,-7.7741575,-7.704158,-7.264158,-6.474158,-7.0241575,-6.7541575,-6.2941575,-4.6141577,-3.6741576,-3.4441576,-3.4941578,-3.5141578,-2.3741577,-0.92415774,-0.22415772,-1.0041577,-1.8441577,-1.4441577,-1.7841578,-2.0141578,-2.5541577,-3.2341578,-2.5641577,-3.7341578,-4.334158,-2.2941577,-3.4741578,-3.1041577,-2.0541577,-3.5741577,-7.6141577,-9.024158,-8.004158,-7.2341576,-8.174158,-7.704158,-7.224158,-8.644157,-7.9641576,-5.084158,-3.3741577,-1.9841577,-0.67415774,0.30584228,1.1758423,1.9658422,2.6158423,2.9758422
4.6758423,3.4858422,2.2658422,-0.74415773,-2.9441576,-4.4641576,-6.3841577,-6.4841576,-4.6941576,-5.394158,-10.974157,-10.374158,-8.354157,-7.494158,-7.8841577,-7.0241575,-5.9641576,-5.224158,-3.7241578,-4.2141576,-4.6941576,-3.7341578,-1.3441577,-0.3241577,-0.38415772,-1.7341577,-1.5141578,-1.4741577,-0.99415773,-0.9341577,-1.5941577,-3.4641578,-5.8241577,-5.104158,-6.164158,-4.644158,-2.5041578,-2.5141578,-4.7541575,-8.674158,-10.464158,-9.494158,-8.444158,-9.224157,-9.594158,-8.724157,-8.094158,-7.434158,-5.124158,-3.4841578,-2.3241577,-0.99415773,0.8158423,2.4158423,3.5158422,2.2558422,1.6058422
7.1158423,4.565842,2.4958422,1.8758423,-2.2741578,-3.6841576,-4.9641576,-6.7141576,-7.6341577,-6.014158,-6.474158,-13.584158,-11.644157,-9.344158,-8.824158,-8.504158,-7.454158,-6.104158,-4.4841576,-4.3841577,-5.474158,-4.4841576,-1.8041577,-0.19415772,-0.7741577,-1.6541578,-2.8641577,-2.2441578,-1.2841578,-0.6041577,-1.0741577,-1.3541577,-1.7441577,-3.1841576,-3.4241576,-3.7441578,-3.9341576,-1.9041578,-5.144158,-10.144157,-11.654158,-10.404158,-9.344158,-9.714158,-10.804157,-9.484158,-8.444158,-7.0641575,-5.4041576,-3.7641578,-2.5341578,-1.2341577,0.5658423,3.2858422,4.045842,1.2258422,-0.13415772
6.7458425,5.915842,3.9858422,2.3558424,1.7258422,-3.4341576,-4.6941576,-5.5441575,-7.624158,-9.504158,-7.5541577,-9.174158,-15.424158,-13.024158,-10.104157,-9.0641575,-8.704158,-7.8141575,-6.5041575,-4.894158,-5.5241575,-6.764158,-3.1541576,0.14584228,-1.2541577,-2.3141577,-3.4341576,-3.8441577,-3.0441577,-2.1041577,-1.1241577,0.025842285,1.6858423,2.6858423,-0.4541577,-3.3141577,-4.914158,-6.334158,-8.864158,-11.184157,-11.324158,-10.534158,-9.8141575,-10.054157,-10.794158,-10.034158,-9.044158,-7.224158,-5.5341578,-3.9341576,-2.6341577,-1.4541577,-0.99415773,2.4158423,1.2958423,0.49584228,0.9758423
4.985842,4.7858424,4.3658423,3.1358423,2.0658424,1.3358423,-3.1641576,-6.1141577,-6.954158,-9.294158,-11.614158,-8.294158,-12.624158,-16.424158,-13.854157,-10.354157,-8.574158,-8.634158,-8.794158,-7.1941576,-5.684158,-5.4241576,-3.3041577,-1.5241578,-2.9141576,-3.8341577,-2.5741577,-3.4541578,-2.7441578,-1.7441577,-0.28415772,1.2658423,3.1558423,4.915842,3.3758423,-3.5341578,-7.0441575,-8.784158,-10.854157,-11.604157,-11.234158,-10.534158,-10.254158,-10.204158,-10.124158,-9.414158,-8.264157,-6.8641577,-5.2141576,-3.6441576,-2.8141577,-2.5741577,-2.1541576,-2.4841578,-2.7341578,0.5258423,3.8958423
3.7758422,3.3158424,2.9858422,2.6858423,2.5858424,1.8158423,-0.7741577,-3.0041578,-7.1941576,-8.664158,-11.344158,-13.244158,-10.234158,-15.734158,-16.324158,-13.714158,-10.274158,-8.954158,-9.294158,-9.134158,-7.5641575,-6.414158,-4.8241577,-3.3441577,-5.7341576,-5.124158,-3.0541577,-1.6941577,-2.3441577,-2.0941577,-0.2641577,1.1558423,2.9158423,4.0358424,4.4258423,0.43584228,-7.514158,-10.644157,-11.584158,-11.094158,-10.984158,-10.444158,-10.134158,-9.544158,-8.784158,-7.8141575,-6.7541575,-5.5041575,-4.2941575,-3.1441576,-1.4741577,-1.3741577,-2.2541578,-2.0741577,-2.8041577,-1.4941577,0.055842284
2.6858423,2.3458424,2.0658424,1.6458423,1.0958422,1.2658423,0.4858423,-2.5441577,-4.0041575,-8.394157,-10.324158,-13.054157,-13.514157,-11.674158,-17.254158,-15.494158,-13.5641575,-10.954158,-9.644157,-10.044158,-10.044158,-7.8841577,-5.8441577,-5.264158,-7.764158,-5.0341578,-3.4441576,-2.1441576,-1.6641577,-1.1641577,0.3558423,0.7158423,1.5258423,3.6558423,3.1158423,3.2458422,-5.104158,-15.014157,-12.324158,-11.474157,-10.854157,-10.184157,-9.724157,-9.044158,-8.154158,-7.3641577,-6.7141576,-6.0441575,-4.9441576,-3.6741576,-2.5841577,-1.2341577,0.015842285,0.07584228,-0.41415772,-0.67415774,-0.41415772
1.9358423,1.4158423,0.94584227,0.37584227,-0.074157715,-0.9641577,-0.7141577,-1.5441577,-3.6341577,-5.764158,-9.794158,-12.684157,-14.074158,-14.5641575,-13.574158,-16.484158,-15.384158,-13.614158,-11.774158,-10.454158,-11.834158,-9.954158,-7.494158,-6.9641576,-7.1341577,-5.5441575,-5.204158,-4.014158,-3.6741576,-2.5141578,-1.0541577,0.035842285,-0.08415771,0.9858423,0.8558423,0.76584226,-3.4641578,-10.144157,-12.114158,-11.374158,-10.754158,-10.424158,-10.214158,-9.414158,-8.204158,-7.5341578,-6.7341576,-5.9441576,-4.5041575,-2.6441576,-0.8241577,-0.7041577,0.7158423,0.8158423,0.17584229,-0.2641577,0.5358423
2.6558423,1.8558422,0.8458423,-0.5641577,-1.5941577,-2.3341577,-3.2641578,-3.0641577,-3.4941578,-5.0041575,-7.5941577,-11.094158,-14.604157,-15.044158,-15.104157,-15.694158,-16.034157,-16.294157,-14.594158,-12.554157,-12.304157,-12.694158,-9.274158,-9.004158,-8.734158,-7.914158,-6.894158,-6.2541575,-5.5341578,-4.4041576,-2.9741578,-1.3441577,-1.2541577,-1.1341577,-0.9541577,-1.7541577,-3.0941577,-3.6041577,-5.604158,-10.184157,-11.084158,-10.264157,-9.434157,-8.204158,-7.3041577,-6.7341576,-6.434158,-5.7141576,-4.1741576,-2.9641578,-2.2441578,-1.5941577,-0.6441577,0.5258423,1.5758423,2.0858424,2.2558422
3.2958422,2.5758424,1.3758423,-0.21415772,-2.4941578,-4.3141575,-5.4241576,-6.3441577,-6.0941577,-6.644158,-7.3141575,-9.554157,-12.664158,-15.474157,-16.134157,-15.984158,-16.724157,-17.844158,-18.034157,-15.574158,-13.674158,-14.354157,-11.954158,-10.884158,-11.494158,-10.584158,-9.194158,-8.144157,-7.514158,-6.7541575,-5.604158,-3.7241578,-2.8841577,-2.3441577,-2.2841578,-2.1441576,-2.2041578,-2.8441577,-3.9041576,-4.854158,-4.6141577,-5.2341576,-5.914158,-5.934158,-5.4641576,-4.974158,-4.6541576,-4.764158,-4.704158,-4.334158,-3.5041578,-2.4841578,-1.1941577,0.19584228,1.3958423,2.4058423,3.0758424
3.8358424,2.8758423,1.3958423,-0.4941577,-2.6541576,-5.124158,-6.9841576,-8.184157,-8.764157,-8.224157,-8.744158,-9.494158,-11.464158,-14.424158,-16.494158,-17.014158,-17.424158,-18.744158,-19.644157,-18.924158,-16.544157,-15.824158,-14.854157,-12.844158,-13.634158,-13.194158,-12.174158,-10.864158,-9.894157,-8.704158,-7.8841577,-6.764158,-5.0341578,-4.014158,-3.3841577,-3.0441577,-2.8941576,-2.6341577,-2.6241577,-2.8241577,-3.1141577,-3.4141576,-3.3641577,-3.2641578,-3.2241578,-2.8441577,-2.2041578,-1.7541577,-1.5241578,-1.2741578,-0.8741577,-0.40415773,0.23584229,1.0858423,2.0458422,2.9658422,3.7558422
3.8858423,2.9958422,1.5658423,-0.5241577,-3.0341578,-5.894158,-8.894157,-10.644157,-11.204158,-10.804157,-9.744158,-10.174158,-11.484158,-13.434157,-16.304157,-18.074158,-18.884157,-20.064157,-21.044157,-20.424158,-18.494158,-17.444159,-17.174158,-15.174158,-15.354157,-15.624158,-14.944158,-13.774158,-12.514157,-10.714158,-9.774158,-8.674158,-7.5341578,-6.0341578,-4.854158,-4.1541576,-3.6341577,-3.2341578,-2.7941577,-2.5341578,-2.4141576,-2.2741578,-2.0641577,-1.6641577,-1.1641577,-0.7041577,-0.4841577,-0.41415772,-0.41415772,-0.3041577,0.005842285,0.5258423,1.2358422,2.1658423,3.1758423,4.1358423,5.0358424
4.295842,2.7258422,0.7458423,-1.3841577,-3.9241576,-6.954158,-10.374158,-12.934157,-13.984158,-13.884158,-12.834158,-11.554157,-11.734158,-13.444158,-14.834158,-17.934158,-20.124157,-21.694159,-22.564157,-22.504158,-20.744158,-18.854158,-19.044157,-17.754158,-16.414158,-17.034157,-16.624157,-15.394157,-14.224157,-12.664158,-11.3141575,-10.144157,-8.714158,-7.3841577,-6.3641577,-5.3841577,-4.7841578,-4.124158,-3.5241578,-3.0641577,-2.8241577,-2.5341578,-2.0141578,-1.3341577,-0.7841577,-0.40415773,-0.25415772,-0.2641577,-0.18415771,0.20584229,0.8758423,1.7458423,2.7058423,3.6258423,4.5758424,5.4558425,6.0758424
4.855842,2.7958422,0.2958423,-2.4741578,-5.3041577,-8.214158,-11.194158,-13.824158,-15.734158,-16.394157,-15.704158,-14.394157,-13.034158,-13.084158,-15.0641575,-15.8141575,-19.914158,-22.144157,-24.414158,-24.284157,-23.514158,-21.044157,-19.924158,-19.964157,-18.084158,-17.574158,-17.864159,-16.864159,-15.614158,-14.114158,-12.624158,-11.364158,-10.104157,-8.804157,-7.624158,-6.644158,-5.704158,-5.0441575,-4.394158,-3.6141577,-2.9541578,-2.4941578,-1.9041578,-1.1241577,-0.44415772,0.005842285,0.27584228,0.43584228,0.7258423,1.2358422,2.0258422,3.0458422,4.1558423,5.2058425,6.1758423,7.0158424,7.7058425
5.6858425,3.3158424,0.23584229,-3.2641578,-6.264158,-8.944158,-11.554157,-14.424158,-16.404158,-17.404158,-17.524158,-16.554157,-15.174158,-14.144157,-14.184157,-16.554157,-17.444159,-21.134157,-24.984158,-25.854158,-25.494158,-22.994158,-21.924158,-20.824158,-20.384157,-18.544157,-18.434158,-18.284157,-17.264158,-15.784158,-13.844158,-12.164158,-10.934157,-9.634158,-8.514157,-7.4441576,-6.474158,-5.6741576,-5.1341577,-4.664158,-3.9241576,-3.0241578,-2.2041578,-1.4141577,-0.5641577,0.17584229,0.7158423,1.1158423,1.6458423,2.4358423,3.6058424,4.855842,6.145842,7.295842,8.135842,8.385842,8.505842
5.505842,2.6658423,-1.0441577,-4.834158,-7.684158,-10.034158,-12.264157,-14.544158,-16.644157,-17.774158,-18.134157,-17.724157,-16.384157,-14.764157,-14.494158,-15.714158,-17.884157,-18.534157,-20.674158,-26.854158,-26.154158,-25.644157,-23.404158,-22.514158,-21.584158,-20.394157,-18.734158,-18.514158,-18.194159,-17.164158,-15.264157,-13.424158,-11.934157,-10.554157,-9.324158,-8.0641575,-6.8241577,-6.0241575,-5.5541577,-4.9841576,-4.3041577,-3.5341578,-2.6541576,-1.6341577,-0.5941577,0.31584227,1.0858423,1.7358422,2.3958423,3.2858422,4.4558425,5.755842,7.0358424,8.005842,8.655842,8.645843,8.925842
4.1358423,0.14584228,-4.1541576,-7.4441576,-9.514157,-11.114158,-12.774158,-14.504158,-16.144157,-17.434158,-17.894157,-17.784157,-16.944159,-15.594158,-14.744158,-15.104157,-17.624157,-18.954157,-19.104158,-21.754158,-27.504158,-26.404158,-24.944159,-24.314157,-23.344158,-22.004158,-20.094158,-18.494158,-17.894157,-17.384157,-16.434158,-14.754158,-13.284158,-11.954158,-10.404158,-8.804157,-7.3641577,-6.204158,-5.4841576,-5.014158,-4.434158,-3.6541576,-2.7141578,-1.6741577,-0.5941577,0.57584226,1.6758423,2.6158423,3.4158423,4.1758423,5.045842,6.1858425,7.2458425,8.005842,8.815843,9.415842,9.755842
1.8358423,-3.4241576,-8.014157,-10.014157,-10.984158,-11.914158,-12.974157,-14.104157,-15.224157,-16.184158,-16.764158,-17.034157,-16.714157,-15.684157,-15.384158,-15.704158,-17.044157,-19.104158,-19.384157,-20.364159,-24.524158,-27.004158,-25.654158,-24.504158,-25.064157,-23.994158,-22.314157,-19.804157,-17.914158,-16.804157,-16.274158,-15.614158,-14.204158,-12.734158,-11.324158,-9.714158,-8.044158,-6.724158,-5.8041577,-5.164158,-4.604158,-3.8441577,-2.7441578,-1.4741577,-0.24415772,1.0058423,2.2158422,3.2358422,4.045842,4.915842,5.9058423,6.895842,7.7258425,8.515842,9.405842,10.045842,10.465842
-1.7541577,-8.394157,-11.274158,-11.644157,-11.884158,-12.254158,-12.614158,-13.044158,-13.584158,-14.044158,-14.464158,-15.224157,-15.754158,-15.674158,-15.284158,-15.934157,-17.454157,-19.314157,-20.074158,-20.974157,-21.494158,-24.434158,-25.874157,-24.664158,-23.734158,-25.004158,-23.884157,-22.244158,-19.784157,-17.334158,-15.634158,-14.844158,-14.434157,-13.334158,-11.674158,-9.984158,-8.494158,-7.1941576,-6.1141577,-5.2841578,-4.454158,-3.4241576,-2.2041578,-0.8241577,0.5858423,1.8858423,2.9758422,3.8158424,4.485842,5.2458425,6.105842,7.0558424,8.005842,8.895843,9.6858425,10.375842,10.875842
-7.8241577,-12.244158,-12.604157,-12.224157,-11.914158,-11.674158,-11.364158,-11.264157,-11.324158,-11.374158,-11.784158,-13.004158,-14.284158,-15.084158,-15.574158,-16.964157,-18.344158,-20.024158,-21.134157,-21.784157,-21.794157,-21.974157,-24.094158,-24.634157,-23.944159,-22.834158,-23.814157,-22.884157,-20.784157,-18.934158,-16.704157,-14.974157,-13.584158,-12.8141575,-11.954158,-10.554157,-9.124158,-7.834158,-6.6141577,-5.4441576,-4.2741575,-2.9841578,-1.5841577,-0.13415772,1.2658423,2.4758422,3.4658422,4.2858424,5.005842,5.775842,6.605842,7.5958424,8.6858425,9.675842,10.395843,10.6858425,10.715842
-11.694158,-12.374158,-12.0641575,-11.504158,-10.884158,-10.174158,-9.404158,-9.0641575,-8.594158,-7.854158,-7.2741575,-9.214158,-12.204158,-14.514157,-16.914158,-19.544157,-20.754158,-21.514158,-21.974157,-22.094158,-21.984158,-21.454157,-21.994158,-23.304157,-22.934158,-21.594158,-21.364159,-21.274158,-20.194159,-19.104158,-18.264158,-16.984158,-15.194158,-13.404158,-11.834158,-10.464158,-9.134158,-7.8441577,-6.514158,-5.124158,-3.7641578,-2.3641577,-1.0241578,0.30584228,1.6458423,2.7858422,3.8058424,4.755842,5.7158422,6.585842,7.3058424,8.035842,8.955842,9.595842,10.255842,10.4358425,10.415842
-9.8141575,-9.994158,-9.984158,-9.734158,-9.054157,-8.144157,-7.2841578,-6.5541577,-5.7741575,-4.8841577,-4.0741577,-2.9341576,-8.934157,-14.324158,-16.844158,-19.304157,-20.474157,-20.644157,-20.374157,-20.134157,-20.424158,-20.834158,-20.694159,-21.054157,-21.634157,-20.324158,-18.624157,-17.924158,-18.634157,-19.164158,-18.394157,-17.004158,-15.934157,-13.944158,-11.974157,-10.154158,-8.544158,-6.974158,-5.4241576,-3.9541578,-2.6141577,-1.2641578,0.11584228,1.4558423,2.5558424,3.4458423,4.0158424,4.6958423,5.605842,6.665842,7.775842,8.6858425,9.405842,10.105843,10.695843,11.095842,11.055842
-6.6541576,-6.874158,-7.1541576,-7.2541575,-6.874158,-6.204158,-5.5741577,-4.9841576,-4.2941575,-3.9941578,-3.4841578,-3.1141577,-6.394158,-9.484158,-12.074158,-14.634158,-16.834158,-18.354158,-19.074158,-19.414158,-19.354158,-18.634157,-18.674158,-18.954157,-18.444159,-18.164158,-17.494158,-16.214157,-15.494158,-15.824158,-15.754158,-15.214158,-14.5641575,-13.324158,-11.284158,-9.164158,-7.1341577,-5.2741575,-3.6841576,-2.2441578,-0.9341577,0.2658423,1.4058423,2.3958423,3.3158424,4.125842,4.9658422,5.8058424,6.735842,7.7058425,8.765842,9.695843,10.515842,10.835842,10.835842,10.795842,10.965842
-4.5041575,-4.914158,-5.2341576,-5.124158,-4.704158,-4.184158,-4.0641575,-4.244158,-4.124158,-4.5041575,-5.0241575,-4.974158,-5.4641576,-6.874158,-8.494158,-9.914158,-11.164158,-12.294158,-13.364158,-13.954158,-13.654158,-13.434157,-13.964158,-13.664158,-13.0641575,-13.234158,-13.474157,-13.334158,-13.114158,-12.774158,-12.354157,-11.844158,-11.004158,-9.534158,-7.8641577,-6.334158,-4.994158,-3.6141577,-2.2441578,-0.9041577,0.2958423,1.3858423,2.3258424,3.1158423,3.7558422,4.3658423,5.1758423,6.5358424,7.8658423,8.835842,9.755842,10.605843,11.425842,12.055842,12.105843,11.515842,10.555842
