wind-weather/data/weather/current/current-wind-isobaric-850hPa-gfs-1.0.json
{"header": {"discipline":0,"disciplineName":"Meteorologicalproducts","gribEdition":2,"gribLength":76172,"center":7,"centerName":"USNationalWeatherService-NCEP(WMC)","subcenter":0,"refTime":"2017-11-24T12:00:00.000Z","significanceOfRT":0,"significanceOfRTName":"Analysis","productStatus":0,"productStatusName":"Operationalproducts","productType":0,"productTypeName":"Analysisproducts","productDefinitionTemplate":0,"productDefinitionTemplateName":"Analysis/forecastathorizontallevel/layeratapointintime","parameterCategory":2,"parameterCategoryName":"Momentum","parameterNumber":3,"parameterNumberName":"V-component_of_wind","parameterUnit":"m.s-1","genProcessType":0,"genProcessTypeName":"Analysis","forecastTime":0,"surface1Type":100,"surface1TypeName":"Isobaricsurface","surface1Value":85000.0,"surface2Type":255,"surface2TypeName":"Missing","surface2Value":0.0,"gridDefinitionTemplate":0,"gridDefinitionTemplateName":"Latitude_Longitude","numberPoints":65160,"shape":6,"shapeName":"Earthsphericalwithradiusof6,371,229.0m","gridUnits":"degrees","resolution":48,"winds":"true","scanMode":0,"nx":360,"ny":181,"basicAngle":0,"lo1":0.0,"la1":90.0,"lo2":359.0,"la2":-90.0,"dx":1.0,"dy":1.0}, "data":
[rows 26 to 51 of 181, columns 0 to 56 of 360]
-9.474157,-10.284158,-3.5741577,3.5758424,9.805842,10.965842,10.125842,22.815842,26.885841,18.545843,14.535842,13.395843,8.865842,12.395843,12.525843,12.595842,10.6858425,8.945843,8.445843,9.725842,11.895843,13.535842,18.395842,19.255842,17.375843,17.495842,16.615843,15.275843,14.195843,11.9358425,9.305842,8.265842,10.105843,13.815843,14.265842,13.035842,11.905842,13.4358425,12.835842,11.415842,10.675842,8.355843,6.4058423,5.9258423,4.8258424,3.8058424,2.5858424,0.6858423,-1.4141577,-3.6541576,-5.414158,-6.7541575,-8.154158,-9.724157,-11.164158,-12.734158,-14.414158
-5.954158,-7.4241576,-4.5641575,3.7758422,5.5358424,13.645843,22.195843,20.585842,18.995842,16.635841,16.895842,16.045843,17.375843,15.015842,13.4358425,11.6858425,9.445843,7.5758424,7.505842,8.825842,11.035842,13.885842,16.645842,16.765842,16.865843,16.945843,15.385842,13.815843,12.065843,10.355843,8.475842,9.725842,14.035842,15.565843,16.185843,15.875842,15.235843,12.325842,11.005842,12.195843,9.585842,7.0758424,6.065842,5.375842,4.5758424,3.5658424,2.6958423,1.4658422,0.025842285,-1.7741578,-3.8741577,-5.9241576,-7.7341576,-9.074158,-9.934157,-11.324158,-13.494158
0.40584227,2.1958423,5.145842,9.035842,10.345842,13.585842,11.4358425,8.005842,6.255842,5.335842,8.815843,13.125842,13.4358425,13.145843,12.615842,12.585842,11.945843,11.585842,10.655842,9.525843,9.665842,10.115842,11.915842,13.815843,14.895843,14.245842,13.215842,12.615842,10.915842,8.325842,8.355843,11.465842,14.795842,15.715842,14.705842,14.235843,12.635842,10.765842,8.515842,6.4058423,5.815842,5.1958423,4.8858423,4.2858424,3.7458422,2.7558422,1.6258423,0.2558423,-0.8441577,-1.9141577,-3.0341578,-4.0541577,-5.2141576,-6.414158,-7.4641576,-8.744158,-9.8141575
2.5058422,2.9658422,3.8758423,4.895842,5.7658424,7.3858423,6.565842,7.065842,3.0158422,11.195843,9.245842,7.775842,7.985842,9.055842,11.325842,11.835842,11.845842,10.315843,8.765842,7.8058424,7.775842,8.275843,10.305842,12.655842,13.075842,11.735843,11.255842,11.415842,9.375842,7.165842,6.0758424,8.975842,13.645843,15.385842,13.445843,10.605843,8.6858425,7.505842,5.9658422,5.005842,4.3658423,4.235842,3.7858422,3.2858422,2.6658423,1.5558423,0.22584228,-1.2441577,-2.7241578,-4.0641575,-5.3241577,-6.3641577,-7.4641576,-8.724157,-9.954158,-10.994158,-12.424158
4.4558425,3.9458423,3.3858423,3.0458422,3.6458423,4.4458423,5.1358423,3.8458424,6.7858424,7.4558425,4.7058425,4.875842,6.145842,8.295842,9.645843,9.605843,8.555842,7.2258425,7.4358425,7.0358424,7.125842,7.7158422,8.755842,10.325842,9.495842,8.005842,7.1758423,8.325842,6.9958425,4.3858423,4.485842,10.065843,14.265842,13.575842,10.745842,9.315843,7.9058423,5.3658423,4.0358424,3.4258423,3.2458422,2.9758422,2.7858422,2.2558422,1.6358423,0.6858423,-0.3241577,-1.2741578,-2.2341578,-2.8941576,-3.5141578,-4.0041575,-4.6341577,-5.0541577,-5.744158,-6.514158,-7.5541577
5.295842,3.9958422,2.9958422,1.7358422,0.9758423,1.4758422,2.2658422,3.6458423,5.1958423,4.9458423,4.585842,5.505842,6.525842,5.7258425,4.915842,4.315842,5.235842,5.4758425,5.5158424,6.2258425,6.5958424,7.875842,8.425842,8.165842,7.3458424,6.5758424,7.8858423,9.195843,6.9258423,4.3658423,5.7158422,11.425842,12.625842,10.145843,8.655842,7.0758424,4.9258423,3.3858423,2.2958422,1.9258423,1.7658423,1.6358423,1.3958423,1.0458423,0.5458423,-0.28415772,-1.1141577,-1.8741577,-2.6241577,-2.9941578,-2.9541578,-2.9441576,-2.8941576,-3.0841577,-3.3841577,-4.0941577,-5.0241575
3.4658422,2.3358424,1.3258423,0.055842284,-0.5641577,0.105842285,1.0858423,1.7958423,3.1058424,3.7658422,3.1858423,1.7858423,1.4758422,2.6558423,3.7558422,3.4758422,2.5758424,3.9558423,4.915842,5.9958425,7.4558425,7.9958425,7.7658424,6.3058424,5.5158424,6.295842,7.9058423,5.8858423,2.7058423,3.3958423,7.6758423,10.825842,9.505842,7.4358425,6.005842,3.7758422,2.3258424,1.8858423,1.1058422,0.43584228,-0.014157715,0.015842285,-0.014157715,0.23584229,-0.004157715,-0.8841577,-1.9241577,-2.7141578,-3.2941577,-3.3941576,-2.8741577,-2.2041578,-2.2041578,-1.8841577,-2.4341576,-3.1241577,-2.3841577
3.6258423,2.6258423,1.6358423,0.7758423,0.5358423,0.5458423,0.8758423,1.5058423,2.0158422,1.7458423,1.4958423,2.0958424,2.4858422,2.6958423,3.1158423,4.3058424,4.3258424,4.375842,6.0758424,7.915842,8.815843,8.905842,7.415842,6.125842,6.105842,7.065842,6.275842,3.6658423,2.9458423,4.775842,8.405842,10.125842,7.775842,5.1558423,3.4558423,1.7658423,1.5158423,1.1258423,0.5858423,-0.17415771,-0.6641577,-0.7641577,-0.22415772,0.035842285,-0.98415774,-2.9841578,-4.3841577,-4.894158,-3.4041576,-1.5041577,-1.2041577,-1.0141578,-0.7541577,-0.6641577,-0.7141577,-0.8941577,-1.2341577
-0.114157714,0.12584229,0.7158423,0.5458423,0.21584229,0.16584228,0.8358423,1.3458422,1.4158423,1.6658423,2.7758422,2.2658422,1.6458423,1.7758423,1.5558423,2.0258422,3.2158422,4.165842,7.4958425,10.275843,10.9358425,10.4358425,9.475842,8.235843,6.605842,4.8258424,2.8358424,2.4358423,3.5758424,7.165842,9.445843,8.705842,6.3458424,4.4058423,2.2658422,1.1558423,1.1458423,0.8658423,0.3858423,-0.37415773,-1.1741577,-1.7941577,-1.2641578,-1.9141577,-3.4641578,-6.2941575,-7.0341578,-4.3041577,-4.264158,-1.8941578,-0.7641577,-0.9541577,-0.9741577,-0.54415774,0.4158423,0.37584227,0.2558423
-1.4041578,-0.9441577,0.035842285,0.2858423,0.16584228,0.4758423,1.3358423,1.9858422,2.1558423,1.9858422,-0.9341577,0.82584226,1.2758423,-0.20415771,-0.74415773,1.3058423,7.915842,14.145843,16.925842,14.955842,12.655842,10.665842,9.005842,6.6558423,3.8758423,1.0158423,0.08584228,1.1858423,3.5258422,6.9258423,8.455842,7.645842,5.3058424,3.0958424,1.1758423,0.36584228,0.4558423,0.7758423,0.035842285,-1.2041577,-2.6841576,-4.184158,-3.8641577,-4.224158,-7.584158,-9.184157,-7.124158,-6.1341577,-3.5441577,-2.3241577,-2.0741577,-1.8041577,1.2058423,1.9558423,1.7858423,2.0658424,2.2158422
-1.9341577,-1.6241577,-1.2041577,-0.73415774,0.39584228,0.49584228,0.8158423,1.6058422,-0.074157715,-1.9941577,-0.80415773,0.7258423,0.5658423,2.1658423,10.125842,13.965842,14.305842,16.205843,14.925842,12.575842,10.755842,8.965842,6.9458423,3.7558422,0.95584226,-0.15415771,0.5558423,1.7658423,4.8458424,8.065843,7.8058424,5.7458425,3.9758422,1.6458423,0.7258423,1.0158423,1.0258423,0.5958423,-0.4241577,-1.8841577,-3.5841577,-4.894158,-5.8041577,-6.124158,-10.744158,-11.054157,-8.184157,-6.914158,-3.8341577,-2.7441578,-4.4641576,-0.23415771,3.9158423,5.1958423,5.045842,5.0958424,5.335842
-2.6141577,-2.9641578,-2.4841578,-1.2641578,-0.6641577,-0.2641577,-1.1041577,-2.0641577,-0.4941577,0.8458423,1.8458422,1.2558423,4.2458425,6.7858424,7.4958425,9.485843,10.115842,10.795842,10.845842,9.525843,8.005842,6.375842,4.525842,1.9558423,0.5858423,0.82584226,1.2958423,2.6158423,5.6958423,6.835842,6.0158424,4.0958424,2.3658423,1.1458423,1.5758423,1.5458423,1.2958423,0.8358423,-0.06415772,-0.9641577,-2.2541578,-4.334158,-6.3241577,-6.8141575,-9.344158,-11.844158,-9.3141575,-6.874158,-4.584158,-2.9441576,-3.0841577,2.5258422,7.0958424,8.395843,7.045842,6.7258425,6.895842
-3.0841577,-2.6441576,-1.8341577,-1.3041577,-1.9841577,-2.4841578,-1.5041577,-0.2941577,-0.6641577,0.14584228,2.3758423,4.7658424,6.605842,6.9558425,7.6958423,7.2658424,6.5158424,6.505842,7.7058425,7.2058425,5.5358424,3.7658422,1.4958423,1.0158423,0.8458423,0.9058423,0.8058423,2.7358422,5.065842,4.9058423,4.125842,2.1558423,0.75584227,1.0458423,1.8058423,1.9158423,1.4258423,0.8558423,0.7158423,0.13584228,-1.0341578,-2.1341577,-3.3341577,-5.854158,-7.3641577,-7.3241577,-6.2141576,-5.724158,-3.8841577,-3.4241576,0.17584229,3.5458422,6.565842,8.705842,9.005842,7.8858423,7.355842
-0.8841577,-0.31415772,-0.06415772,-0.7241577,-0.7641577,0.015842285,-0.024157714,1.0558423,2.8158424,5.7458425,7.1758423,7.8658423,7.3058424,6.3058424,5.6558423,7.1358423,5.645842,3.6558423,4.3658423,3.9958422,3.7158422,2.7658422,1.1658423,0.36584228,0.3558423,0.065842286,0.8358423,2.1258423,4.025842,3.2158422,1.9258423,0.4158423,-0.61415774,0.19584228,1.4458423,1.0658423,0.2658423,-0.034157716,-0.2741577,-0.6341577,-1.2041577,-1.7741578,-2.2441578,-2.7541578,-3.3741577,-3.9641578,-3.3541577,-3.3541577,-3.2841578,-2.5441577,-3.1241577,-0.7541577,3.6458423,6.8058424,7.505842,7.6858425,6.005842
4.875842,3.2358422,1.5758423,1.5958422,1.2958423,2.6358423,3.4658422,4.275842,4.565842,5.235842,5.4958425,5.4758425,6.1358423,4.4058423,4.6358423,4.1858425,4.9758425,7.1958423,2.8358424,1.3758423,1.7758423,1.3058423,0.37584227,0.8358423,0.2958423,0.82584226,0.9258423,1.8758423,2.2458422,1.5658423,0.2658423,-1.0541577,-2.2941577,-1.4741577,-0.2741577,-0.8241577,-1.2841578,-1.2341577,-1.6841577,-2.2641578,-2.4741578,-2.7041578,-2.9241576,-3.1341577,-3.3941576,-3.4641578,-3.8041577,-4.3841577,-4.664158,-4.224158,-2.9041576,-3.2741578,-0.5041577,2.6358423,4.5558424,4.8058424,4.4758425
2.3158424,2.6758423,3.3658423,4.585842,5.2258425,5.5358424,5.7658424,4.315842,5.3458424,5.6558423,4.6858425,2.3758423,4.645842,6.3858423,5.5358424,3.1558423,3.9158423,5.0358424,1.7958423,0.9958423,1.3658423,3.2158422,3.4558423,2.4358423,1.0458423,0.09584229,-0.6441577,0.49584228,0.6758423,1.0858423,-0.8841577,-2.3741577,-4.0541577,-3.8041577,-2.5641577,-2.9841578,-3.1241577,-2.9441576,-2.4841578,-1.6241577,-0.86415774,-0.3941577,-0.23415771,-0.9741577,-1.2141577,-0.98415774,-0.7141577,-0.4941577,-0.34415773,-2.0041578,-0.44415772,-1.8841577,-2.4341576,-0.2941577,0.30584228,1.9358423,3.2158422
1.4958423,3.0658424,5.735842,6.1558423,6.0158424,4.7458425,3.0858424,8.475842,6.2158422,6.315842,6.3258424,1.9158423,1.5758423,3.4658422,3.0758424,3.3958423,3.9958422,3.2758422,-1.8841577,-4.0041575,1.9558423,4.0358424,2.8058424,-0.38415772,-2.1241577,0.18584229,-1.2641578,0.69584227,0.2658423,-0.3041577,-1.8041577,-3.5441577,-5.6541576,-6.604158,-4.8241577,-5.014158,-4.7541575,-3.7941577,-2.0741577,0.19584228,0.3258423,0.025842285,0.23584229,0.22584228,-0.79415774,-0.6541577,-0.3241577,0.8758423,2.0458422,1.9758422,-0.3341577,0.08584228,-3.0241578,-3.3441577,-2.1341577,-2.5741577,0.31584227
3.9858422,5.295842,5.585842,3.0258422,2.3158424,2.4658422,5.8658423,9.105843,3.2658422,3.8358424,2.1358423,2.9258423,2.1358423,2.2958422,0.8058423,0.50584227,4.005842,1.5958422,-4.724158,-7.7341576,2.8258424,5.5558424,2.2558422,-0.6541577,-4.914158,-2.6141577,-0.24415772,-0.34415773,-0.31415772,-0.6941577,-1.7541577,-4.3141575,-6.5941577,-8.524158,-7.834158,-6.104158,-6.6941576,-5.724158,-3.6841576,-1.5941577,-0.28415772,0.36584228,0.4458423,0.7758423,0.7358423,0.5358423,1.0658423,2.3458424,1.6358423,0.49584228,0.63584226,0.09584229,-0.31415772,-2.5241578,-3.7141578,-4.204158,-2.8941576
1.8858423,2.6658423,4.985842,6.4058423,3.4358423,3.1458423,7.7658424,3.2658422,2.2658422,1.2058423,0.63584226,1.0158423,-0.43415773,1.3158423,1.1758423,0.40584227,2.9758422,-0.18415771,-4.9641576,-6.3141575,0.14584228,4.9658422,1.9958423,-1.3841577,-1.5641577,-5.644158,-3.1041577,-1.4841577,0.8358423,0.015842285,-2.0741577,-5.3041577,-6.994158,-8.724157,-9.884158,-8.384158,-6.454158,-6.104158,-5.474158,-3.0941577,-0.6241577,-0.014157715,1.0958422,2.4858422,2.1358423,0.19584228,1.0258423,1.7458423,0.045842286,-0.98415774,-0.4641577,0.2858423,0.035842285,-2.2041578,-3.7741578,-4.6141577,-3.4041576
3.6658423,5.085842,4.9658422,5.3458424,5.4458423,5.8858423,4.1858425,1.7358422,1.6258423,4.3458424,2.2058423,1.1558423,0.9758423,0.7858423,0.3258423,1.2558423,-1.1141577,-3.0741577,-3.2241578,-3.5541577,-1.5341578,2.9558423,-1.3941578,-1.8041577,-1.2241577,-1.7841578,-1.2541577,-0.5041577,-1.7341577,0.6658423,-2.4641578,-5.4441576,-7.104158,-8.614158,-9.454158,-8.804157,-9.644157,-6.8241577,-4.7941575,-2.6341577,-1.4641577,-1.9841577,0.015842285,1.2758423,0.005842285,-0.54415774,-0.98415774,-0.8841577,-0.7541577,-0.5741577,-0.6541577,-0.35415772,-0.44415772,-2.0841577,-4.5041575,-5.4841576,-3.2241578
5.2258425,3.4858422,-0.5641577,0.94584227,3.1358423,4.8458424,4.1158423,0.63584226,2.3958423,4.4758425,1.5258423,2.5658424,3.3358424,2.3258424,1.5758423,-0.9741577,-2.9441576,-0.12415771,-0.41415772,-0.3641577,-1.4041578,-2.4041576,-1.8741577,-0.2741577,-0.06415772,-1.0941577,-1.8341577,-0.74415773,-1.2641578,0.055842284,0.3858423,-4.7941575,-6.954158,-8.384158,-7.7841578,-3.8641577,-5.514158,-6.204158,-1.8941578,-1.3241577,1.0558423,-2.2941577,-0.6441577,3.1358423,2.4258423,1.9858422,1.4558423,1.6058422,2.8058424,2.4158423,0.09584229,-0.3241577,-0.4641577,-2.1941576,-3.9641578,-4.224158,-2.6841576
0.57584226,1.3058423,0.9858423,-3.1841576,4.6758423,8.245842,6.4258423,3.8658423,2.3458424,3.3258424,1.9358423,2.6158423,4.2858424,2.6058424,1.4358423,-2.7441578,-3.8441577,-6.5541577,-3.6941576,0.7458423,-0.47415772,-1.3341577,0.08584228,-0.20415771,1.7958423,1.3858423,-0.74415773,-2.4941578,-1.5841577,-1.2741578,0.4158423,-2.0941577,-6.3841577,-7.5641575,-6.5641575,-5.5941577,-2.7541578,-4.0641575,-5.2141576,-4.014158,1.1058422,3.5358422,3.0458422,4.4558425,0.33584228,1.3758423,1.1358423,4.0558424,-0.4941577,3.2658422,2.1458423,1.6958423,0.5558423,-0.15415771,-2.4141576,-2.9041576,-2.7941577
-0.7241577,-0.6241577,0.22584228,3.3558424,4.645842,3.9258423,4.395842,4.6758423,2.6358423,-0.08415771,1.8458422,4.2158422,4.2158422,1.0758423,0.16584228,-1.8641577,-3.7441578,-3.9341576,-3.3941576,-3.2241578,0.8558423,0.12584229,-0.41415772,1.3458422,-0.3641577,0.9958423,1.1958423,-0.114157714,-1.3341577,-0.8741577,-1.8841577,-1.3541577,-2.1041577,-3.0041578,-3.7041578,-3.3041577,-3.9241576,-3.2741578,-2.2841578,-2.7541578,-2.2941577,-2.7541578,10.265842,2.2958422,-0.8141577,-2.2941577,0.8058423,2.3358424,1.5958422,0.12584229,4.915842,2.6958423,1.1258423,-0.7041577,-2.8941576,-2.6841576,-3.3641577
1.4758422,-0.004157715,1.0958422,3.9058423,2.4658422,1.4058423,3.7058423,4.2858424,1.1558423,0.4758423,0.82584226,3.0458422,3.9758422,0.6458423,-2.9741578,-2.1941576,-1.7441577,-2.8141577,-2.1841576,-4.244158,-1.1941577,-0.3941577,0.8558423,1.4558423,1.0258423,1.4758422,1.3958423,0.9258423,-0.3341577,-0.9341577,-1.0041577,0.19584228,-1.1741577,-2.2041578,-3.4041576,0.4158423,2.2858422,1.8958423,-0.5141577,3.2358422,1.4458423,1.8358423,-1.0541577,2.7558422,3.4458423,-0.55415773,-1.2841578,-4.4041576,1.0458423,1.9358423,1.8458422,3.3258424,2.4658422,-1.3141577,-2.4541578,-2.8941576,-2.0941577
-0.3241577,3.6558423,1.3558422,0.5358423,-0.17415771,1.0058423,3.6158423,2.1958423,-0.5341577,-0.5141577,0.025842285,2.0158422,1.8358423,-1.7441577,-3.3741577,-6.144158,-0.5141577,-3.2641578,-4.014158,-4.9041576,-1.6741577,0.2958423,0.8158423,2.8958423,2.4158423,1.6058422,0.7758423,0.7158423,0.21584229,0.2658423,-0.21415772,-1.3641577,-1.1941577,-1.5741577,-0.6641577,-1.5741577,0.63584226,-1.4641577,0.09584229,1.8358423,1.0458423,1.2558423,4.9258423,3.7558422,1.9158423,1.0158423,0.7258423,0.7458423,-0.23415771,0.08584228,-1.2041577,0.7258423,1.3158423,-4.4841576,-2.2541578,-3.1341577,-1.1041577
2.2658422,3.0858424,1.1758423,-0.3341577,-2.0541577,-0.8441577,1.1058422,-0.7641577,-0.9641577,-1.3941578,-0.3941577,0.76584226,2.2758422,-1.7241577,-3.5041578,-4.374158,-4.0741577,-1.8141577,-3.2741578,-4.5041575,-2.7041578,-0.8541577,1.3558422,2.2558422,2.4758422,2.0058422,0.2658423,-0.8741577,-0.9441577,0.07584228,-0.38415772,-1.1441578,-1.1241577,-0.7541577,0.63584226,0.7158423,0.6058423,-2.2641578,-2.1441576,0.015842285,5.4258423,2.2658422,4.3858423,-1.6641577,1.8558422,-0.6841577,0.27584228,-0.18415771,-2.6841576,-0.9341577,-1.5641577,-2.2641578,-3.2341578,-3.1841576,-1.0741577,-2.6441576,2.8458424
