wind-weather/data/weather/current/current-wind-isobaric-700hPa-gfs-1.0.json
{"header": {"discipline":0,"disciplineName":"Meteorologicalproducts","gribEdition":2,"gribLength":72612,"center":7,"centerName":"USNationalWeatherService-NCEP(WMC)","subcenter":0,"refTime":"2017-11-24T12:00:00.000Z","significanceOfRT":0,"significanceOfRTName":"Analysis","productStatus":0,"productStatusName":"Operationalproducts","productType":0,"productTypeName":"Analysisproducts","productDefinitionTemplate":0,"productDefinitionTemplateName":"Analysis/forecastathorizontallevel/layeratapointintime","parameterCategory":2,"parameterCategoryName":"Momentum","parameterNumber":2,"parameterNumberName":"U-component_of_wind","parameterUnit":"m.s-1","genProcessType":0,"genProcessTypeName":"Analysis","forecastTime":0,"surface1Type":100,"surface1TypeName":"Isobaricsurface","surface1Value":70000.0,"surface2Type":255,"surface2TypeName":"Missing","surface2Value":0.0,"gridDefinitionTemplate":0,"gridDefinitionTemplateName":"Latitude_Longitude","numberPoints":65160,"shape":6,"shapeName":"Earthsphericalwithradiusof6,371,229.0m","gridUnits":"degrees","resolution":48,"winds":"true","scanMode":0,"nx":360,"ny":181,"basicAngle":0,"lo1":0.0,"la1":90.0,"lo2":359.0,"la2":-90.0,"dx":1.0,"dy":1.0}, "data":
[rows 25 to 49 of 181, columns 116 to 173 of 360]
-7.5822144,-7.1222143,-6.5822144,-6.1122146,-5.7022142,-5.2322145,-5.0622144,-5.7322145,-6.8722143,-7.5422144,-6.8122144,-5.7122145,-9.832214,-14.542214,-15.322214,-15.362214,-14.262215,-12.962214,-11.1722145,-11.1722145,-11.642215,-11.742214,-11.662214,-11.782214,-11.682215,-12.022214,-10.792214,-10.532214,-6.2522144,-6.9822145,-8.902214,-11.552215,-12.4222145,-13.832214,-13.992214,-13.552215,-12.472215,-12.012215,-10.442214,-10.382215,-9.052215,-7.6322145,-6.4322143,-6.6322145,-7.1022143,-5.3522143,-3.1122143,-1.5022143,-0.5622144,1.4377856,3.1877856,5.5177855,7.7477856,9.257786,10.637786,10.727786,11.037786,10.607785
-6.512214,-5.5422144,-4.742214,-4.4322143,-4.2922144,-4.3522143,-4.552214,-4.6822143,-4.6722145,-5.0622144,-5.072214,-5.242214,-9.542214,-10.902214,-11.182215,-10.412214,-12.992214,-13.992214,-14.002214,-15.352215,-13.902214,-11.602215,-13.042214,-13.482214,-13.072214,-11.992214,-12.822214,-14.872214,-16.662214,-15.072214,-16.242214,-18.702215,-17.812214,-15.402214,-16.032215,-14.702214,-12.482214,-10.512215,-9.932215,-9.932215,-9.182215,-9.482214,-8.352215,-9.332214,-9.342215,-7.5422144,-4.512214,-2.6522143,1.1477857,5.257786,7.7277856,9.967786,11.997786,14.157785,15.437786,16.617786,17.407785,16.907785
-3.1122143,-4.012214,-4.6722145,-4.9122143,-4.8722143,-4.6222143,-4.782214,-5.3122144,-5.822214,-6.0922146,-5.472214,-5.2022142,-4.9322143,-4.2922144,-4.9122143,-7.552214,-10.032214,-9.332214,-6.9622145,-6.2322145,-6.242214,-5.7522144,-6.1522145,-9.072214,-13.752214,-12.452214,-11.192214,-14.362214,-18.602215,-17.342215,-14.522214,-17.792213,-17.382214,-16.432215,-14.092215,-14.912214,-16.692215,-15.292214,-12.942214,-11.482214,-8.862214,-7.242214,-7.4322143,-7.9122143,-5.8622146,-4.782214,-1.2522143,0.36778563,3.9677856,5.3577857,8.197785,10.087786,12.137786,15.687786,19.017786,20.857786,21.377785,20.357786
0.61778563,-0.91221434,-2.5422144,-3.8622143,-4.4822145,-4.5422144,-4.6422143,-4.822214,-4.972214,-4.6022143,-3.3322144,-1.9722143,-1.5522144,-1.9522144,-2.7422144,-3.9022143,-3.9722145,-3.6622143,-4.2922144,-4.8822145,-5.4422145,-5.8822145,-5.9122143,-8.112214,-8.132215,-10.452214,-13.412214,-11.972215,-18.202215,-19.672215,-18.902214,-17.422215,-20.222214,-21.842215,-20.692215,-17.772215,-19.772215,-20.852215,-12.9222145,-6.552214,-3.5722144,-4.2022142,-1.6422143,-0.6222144,-0.54221433,0.21778564,-0.24221435,5.9977856,7.6177855,5.9077854,7.6377854,9.987785,14.397785,16.317785,16.647785,16.577785,20.207787,17.627785
2.3777857,2.9877856,2.0777857,0.097785644,-1.1222143,-1.5422144,-1.1422143,-0.6722143,-0.28221434,-0.20221436,-0.40221435,-0.17221436,-0.35221437,-0.5522144,-0.20221436,0.42778563,0.9477856,0.19778565,-1.1122143,-2.3522143,-3.5922143,-4.3122144,-5.3722143,-5.532214,-4.6422143,-4.1222143,-4.8622146,-5.6522145,-6.552214,-9.1722145,-9.682215,-15.992214,-24.722214,-25.842215,-26.422215,-25.942215,-26.322214,-19.052214,-12.392215,-7.4622145,-3.1122143,1.2677857,1.0577856,2.3877857,2.2377856,0.51778567,3.9677856,8.817785,5.8077855,5.6177855,5.7977858,8.977786,10.957786,10.627786,10.977786,14.487785,17.637785,17.807785
2.9577856,3.9177856,4.8477855,4.1577854,3.0277855,1.3877857,1.1977856,1.2077856,1.7977856,2.2277856,2.5577857,2.6077857,2.6877856,2.5577857,2.9177856,3.6577857,4.5677857,5.2877855,3.3777857,1.3577857,-0.122214355,-1.4922143,-1.7322143,-1.4322144,-0.82221437,0.28778565,2.0377855,2.2377856,1.4577856,-3.1622143,-4.0622144,-9.912214,-6.6922145,-9.872214,-17.362215,-22.002214,-23.522215,-19.772215,-13.932215,-11.462214,-8.742214,-5.222214,-2.4522142,0.6277856,3.9677856,7.5477858,7.5577855,0.41778564,4.9977856,7.277786,7.777786,9.367785,10.237785,7.9377856,8.907785,11.767786,14.517786,16.097786
3.1577857,3.2777855,3.9177856,5.507786,5.2277856,4.8577857,3.7177856,2.7177856,2.2977858,2.4077857,2.1777856,2.2777855,3.1277857,4.217786,4.717786,5.1177855,5.697786,5.6477857,5.3677855,4.7877855,3.0577857,1.9377856,2.4077857,2.3577857,4.6377854,7.1677856,8.817785,9.537786,9.837786,7.8977857,4.9977856,5.5477858,2.8877857,-4.7522144,-13.132215,-17.532215,-19.542213,-15.892215,-9.482214,-5.262214,-1.3622143,-0.73221433,-2.4222143,3.8077857,5.9377856,7.527786,1.1077857,4.2277856,8.277785,5.7877855,7.4377856,9.457786,9.657785,8.597786,9.187786,10.627786,12.507786,13.997786
2.3377857,1.5577856,2.8477857,3.6277857,3.9777856,4.527786,3.8777857,2.7777855,2.4577856,1.0977856,0.72778565,1.8177856,1.5177857,0.90778565,2.7477856,2.2077856,4.217786,5.5677857,6.507786,6.3277855,4.7277856,6.3277855,4.0577855,4.777786,6.007786,9.277785,10.467786,12.147785,14.3277855,15.787786,12.527785,7.4977856,5.5577855,6.1577854,2.1477857,-0.8022144,-0.59221435,1.3777857,4.4377856,6.0377855,6.8077855,9.297786,6.6877856,3.2877855,7.1477857,4.1477857,2.8277857,9.117785,6.3077855,7.4077854,8.257786,8.927786,8.687786,8.177786,9.347786,10.407785,11.547786,12.847786
-0.33221436,-1.4722143,0.28778565,0.36778563,2.0877857,1.0577856,0.46778566,2.7177856,1.2077856,1.5477856,2.2477856,0.35778564,0.25778565,0.91778564,1.0377856,1.9777856,2.5277855,3.6377857,4.7677855,5.6477857,5.6077857,4.487786,3.1277857,7.927786,9.747786,9.597786,10.047786,10.007786,12.3277855,15.347786,18.407785,16.767786,11.637786,10.387786,13.107785,14.417786,14.147785,18.077785,20.437786,17.967785,13.607785,12.897785,11.837786,9.867785,4.737786,0.9977856,8.637786,7.0377855,6.8277855,8.587786,7.1877856,7.777786,8.0777855,7.4977856,9.477786,10.497786,11.567785,12.127786
0.85778564,0.017785644,-0.35221437,-0.59221435,-0.97221434,-0.46221435,0.7477856,1.2077856,1.3177856,0.58778566,0.26778564,1.3977857,1.6977856,1.1877856,1.3177856,3.4377856,3.9977856,4.0177855,4.967786,3.8177857,4.0877857,5.7877855,7.1677856,9.687786,11.937786,10.987785,9.677786,10.147785,11.277785,12.907785,14.937786,18.517786,17.397785,14.887786,17.387785,20.427786,23.327785,24.487785,22.737785,19.847786,15.057786,12.087786,12.017786,12.3277855,6.3477855,10.817785,8.697785,8.967786,7.9977856,9.087786,5.6377854,7.507786,6.8477855,7.427786,9.877786,10.797786,11.717786,11.717786
2.2377856,2.7777855,1.7077856,1.8877857,1.6377857,2.4077857,3.4577856,3.3877857,3.8577857,4.6677856,5.507786,4.697786,4.507786,4.1377854,5.0477858,4.9577856,4.4077854,5.6677856,6.0877857,7.8077855,10.067785,10.147785,11.087786,11.927786,12.597786,12.037786,11.467786,10.907785,10.007786,9.457786,10.137786,12.5777855,16.227785,14.557786,14.177786,17.767786,21.097786,21.607786,19.917786,15.887786,9.8277855,11.167786,14.967786,16.227785,10.097786,10.467786,11.377786,10.217786,8.997786,8.707786,5.7077856,7.7077856,5.257786,7.487786,9.237785,10.417786,11.177786,11.117785
4.4177856,4.737786,2.9277856,2.8477857,4.467786,5.1677856,5.3977857,5.5177855,6.0677857,5.427786,6.0977855,5.9077854,6.0877857,6.5877857,6.2677855,6.4377856,5.3977857,5.0377855,6.2477856,8.717786,7.0777855,9.637786,11.067785,10.987785,9.757786,10.177786,11.307786,10.687786,6.8277855,4.2677855,5.527786,7.927786,9.957786,11.127786,14.917786,19.327785,20.647785,17.897785,13.737785,9.557786,9.067785,13.537786,19.147785,11.657785,9.647785,12.527785,11.367785,11.977786,9.347786,9.227786,5.9777856,8.197785,4.237786,7.2677855,7.9577856,9.787786,9.907785,9.687786
3.9277856,4.0177855,4.2277856,3.3177857,4.3577857,5.7677855,6.7477856,7.7877855,5.527786,5.4777856,5.6077857,6.4577856,6.7677855,6.7277856,7.2977858,6.5377855,6.2677855,6.2977858,7.7077856,7.9177856,5.9577856,4.8677855,5.8877854,6.447786,6.737786,5.777786,9.757786,10.047786,6.3877854,3.0777857,1.7977856,5.6077857,9.197785,10.037786,10.047786,11.227786,13.237785,12.567785,11.707786,13.907785,16.167786,19.007786,17.087786,11.727786,12.667786,12.347786,11.777785,12.527785,10.017786,9.447785,6.8177857,7.2977858,4.427786,6.7277856,6.7077856,7.527786,8.017786,8.757786
3.7577856,4.6277857,5.8377857,5.467786,4.3277855,5.4577856,8.117785,8.847786,7.7077856,7.0477858,6.947786,7.2477856,7.427786,7.7477856,7.8577857,7.8277855,7.2877855,7.1177855,8.257786,4.5377855,6.527786,6.4377856,3.0777857,3.1477857,3.6477857,2.9477856,7.4177856,9.627786,6.7677855,5.1877856,1.9677856,0.8277857,2.7177856,6.3377857,7.4077854,11.057786,15.487785,16.237785,16.747786,18.587786,18.357786,17.477785,14.567785,13.817785,12.687786,12.967786,11.517786,12.337786,10.917786,8.617785,8.367785,5.1177855,5.027786,6.7077856,5.7877855,5.427786,5.3277855,6.507786
6.2677855,6.027786,6.2677855,8.0777855,8.927786,7.0377855,6.737786,8.207786,9.667786,10.5777855,11.667786,11.717786,10.197785,8.857785,9.007786,8.517786,8.247786,9.857785,9.267786,10.447785,7.9577856,7.1877856,4.5477858,1.4277856,-0.33221436,4.197786,7.2077856,7.1877856,4.527786,2.8577857,2.0877857,10.007786,14.307786,16.577785,16.027786,16.387785,15.727786,17.117786,20.477785,20.687786,16.807785,14.197785,12.157785,10.697785,12.697785,12.737785,11.267786,12.237785,12.367785,8.757786,9.607785,4.5877857,5.6877856,7.717786,5.197786,4.0477858,3.9577856,4.5577855
6.7077856,7.2677855,7.7477856,9.257786,10.127786,10.557786,8.467786,8.097786,8.547786,10.067785,11.677786,12.137786,12.837786,11.677786,10.937786,10.247786,10.917786,10.867785,10.497786,8.997786,9.727786,9.517786,8.457786,3.8877857,2.0577857,1.0577856,4.0377855,8.347786,7.9577856,7.5477858,10.307786,17.137785,18.057785,15.817785,13.787786,16.247786,19.367786,21.477785,20.157785,15.297786,13.067785,11.937786,11.177786,12.907785,12.267786,13.387786,11.407785,12.937786,13.667786,9.637786,10.477786,6.2977858,6.3577857,8.677786,5.007786,3.9877856,3.6777856,3.2277856
5.2477856,5.9577856,6.8777857,7.9977856,9.047786,9.727786,8.517786,9.457786,9.507786,9.957786,11.247786,11.607785,13.017786,12.357785,12.3277855,12.287786,11.457786,11.5777855,12.967786,13.707786,13.647785,14.537786,13.787786,8.607785,5.507786,6.237786,9.117785,7.007786,9.257786,9.187786,9.147785,10.967786,14.707786,18.317785,19.107786,15.687786,16.507786,17.117786,13.437786,13.217786,12.027785,12.597786,15.147785,13.237785,15.947785,15.377786,11.747786,13.407785,14.567785,9.537786,10.637786,7.8577857,8.127786,8.857785,6.467786,4.3677855,4.8677855,1.5477856
5.927786,5.697786,6.697786,7.3377857,7.9577856,7.5777855,7.8977857,8.197785,8.487785,9.207786,10.067785,11.367785,12.857785,13.167786,12.867785,13.647785,14.207786,13.747786,14.567785,14.697785,15.247786,16.857786,14.257786,6.927786,11.707786,12.517786,10.507786,11.647785,11.527785,12.987785,14.997786,14.657785,12.707786,11.287786,12.417786,13.337786,11.797786,12.177786,12.237785,13.427786,16.277786,17.737785,19.427786,21.917786,21.377785,15.917786,11.917786,13.227786,13.837786,9.087786,10.557786,9.617785,9.607785,10.207786,8.007786,4.6677856,5.5577855,0.76778567
8.107785,8.687786,10.377786,11.867785,12.097786,7.3877854,9.207786,8.537786,8.647785,9.007786,9.647785,10.747786,12.437786,12.527785,12.187786,15.0777855,14.967786,15.0777855,14.717786,14.907785,15.647785,16.427786,11.0777855,10.837786,12.767786,13.297786,10.997786,13.787786,15.397785,11.527785,9.167786,10.427786,11.797786,12.387786,12.487785,12.587786,13.217786,14.727786,18.217785,22.547785,24.747786,28.077785,31.237785,26.677786,20.507786,14.817785,11.947785,12.627786,13.0777855,10.567785,11.397785,9.557786,9.727786,10.217786,7.3077855,4.6377854,5.0377855,2.0077856
15.157785,14.417786,11.957786,11.407785,11.937786,14.117785,14.527785,12.677786,11.117785,10.027785,9.767786,10.3277855,11.047786,11.277785,11.697785,13.007786,12.987785,13.797786,13.557786,14.287786,14.647785,12.767786,7.5977855,12.167786,13.107785,11.777785,10.507786,10.957786,9.667786,10.247786,12.037786,13.297786,15.227786,18.257786,17.787786,19.537786,22.117786,25.607786,25.827785,26.257786,29.387785,29.467785,26.577785,21.017786,16.547785,14.677786,11.597786,12.907785,10.867785,12.437786,11.177786,8.797786,7.6277857,5.927786,6.2477856,5.4777856,4.5177855,3.5877857
13.407785,14.127786,14.167786,15.337786,13.797786,13.907785,14.997786,15.667786,14.917786,13.417786,12.187786,11.777785,11.687786,10.797786,8.607785,10.587786,11.057786,12.477786,12.867785,13.807786,11.357785,9.917786,12.597786,14.147785,14.397785,14.447785,13.307786,15.8277855,17.017786,17.187786,17.017786,17.867786,17.237785,16.657785,16.877785,18.767786,17.407785,21.027786,22.837786,22.867786,22.997786,21.787786,18.507786,16.697786,15.217786,14.737785,10.247786,12.347786,15.237785,15.347786,10.897785,9.547786,8.487785,8.597786,7.6277857,6.9777856,5.447786,4.9777856
11.377786,12.277785,14.117785,14.587786,14.367785,15.287786,15.807786,15.567785,15.757786,15.837786,15.367785,15.057786,15.737785,11.687786,11.687786,9.757786,10.447785,11.347786,11.987785,9.147785,10.457786,13.507786,15.217786,16.567785,15.927786,14.307786,13.097786,17.897785,18.907785,16.477785,15.307786,14.737785,15.817785,17.087786,16.637785,19.117786,19.957787,20.827785,18.827785,18.647785,17.167786,17.137785,17.117786,16.557785,16.317785,15.337786,11.017786,16.727785,18.007786,12.507786,14.297786,13.867785,11.8277855,10.377786,8.367785,7.1477857,6.5777855,5.8777857
15.167786,13.427786,14.177786,13.5777855,14.277785,16.847786,17.117786,16.897785,17.007786,17.557785,16.877785,17.217785,18.157785,17.787786,15.507786,13.037786,13.177786,14.817785,13.017786,13.447785,14.767786,16.357786,17.047785,17.687786,14.377786,13.017786,17.267786,25.297785,22.637785,22.387785,21.377785,20.927786,24.027786,24.847786,26.837786,31.147785,23.647785,15.227786,16.547785,15.537786,17.077785,19.117786,18.517786,16.567785,17.577785,17.977785,17.667786,19.177786,11.717786,16.087786,16.507786,14.207786,12.507786,9.597786,8.597786,5.7977858,6.5977855,4.8877854
16.837786,15.947785,16.997786,16.027786,15.957786,16.047785,17.597786,18.537786,17.147785,17.197786,16.477785,15.967786,19.677786,18.727785,14.677786,16.667786,17.667786,19.017786,19.597786,18.927786,18.127785,17.107786,16.487785,17.077785,20.987785,24.807785,26.197786,27.507786,30.287786,33.097786,33.187786,28.697786,30.497786,27.737785,22.687786,5.947786,4.5977855,10.807786,15.227786,17.377785,19.207787,17.747786,16.767786,17.817785,18.807785,20.827785,22.447786,12.297786,16.017786,16.777786,16.187786,14.237785,11.377786,9.267786,7.447786,5.177786,5.3477855,3.1877856
17.857786,18.937786,19.117786,19.527786,17.437786,16.517786,17.057785,16.627785,16.177786,15.207786,16.117786,17.577785,18.897785,17.897785,10.177786,10.237785,12.647785,14.627786,16.657785,19.067785,21.657785,22.677786,22.527786,22.077785,20.337786,21.027786,21.217785,23.667786,19.907785,16.327785,21.047785,25.527786,25.787786,16.777786,15.337786,3.2977858,11.227786,14.837786,16.157785,17.647785,16.287786,16.827785,18.667786,18.817785,19.697786,21.437786,13.197785,16.867786,15.647785,16.097786,15.027785,12.717786,10.377786,8.727786,5.4577856,4.527786,5.4077854,4.027786
