wind-weather/data/weather/current/current-temp-isobaric-500hPa-gfs-1.0.json
{"header": {"discipline":0,"disciplineName":"Meteorologicalproducts","gribEdition":2,"gribLength":33516,"center":7,"centerName":"USNationalWeatherService-NCEP(WMC)","subcenter":0,"refTime":"2017-11-24T12:00:00.000Z","significanceOfRT":0,"significanceOfRTName":"Analysis","productStatus":0,"productStatusName":"Operationalproducts","productType":0,"productTypeName":"Analysisproducts","productDefinitionTemplate":0,"productDefinitionTemplateName":"Analysis/forecastathorizontallevel/layeratapointintime","parameterCategory":0,"parameterCategoryName":"Temperature","parameterNumber":0,"parameterNumberName":"Temperature","parameterUnit":"K","genProcessType":0,"genProcessTypeName":"Analysis","forecastTime":0,"surface1Type":100,"surface1TypeName":"Isobaricsurface","surface1Value":50000.0,"surface2Type":255,"surface2TypeName":"Missing","surface2Value":0.0,"gridDefinitionTemplate":0,"gridDefinitionTemplateName":"Latitude_Longitude","numberPoints":65160,"shape":6,"shapeName":"Earthsphericalwithradiusof6,371,229.0m","gridUnits":"degrees","resolution":48,"winds":"true","scanMode":0,"nx":360,"ny":181,"basicAngle":0,"lo1":0.0,"la1":90.0,"lo2":359.0,"la2":-90.0,"dx":1.0,"dy":1.0}, "data":
[rows 104 to 129 of 181, columns 120 to 179 of 360]
267.91843,268.11844,268.41843,268.41843,268.51843,268.71844,268.51843,268.01843,267.71844,267.41843,267.81842,268.21844,268.21844,268.31842,268.71844,268.91843,269.11844,268.81842,268.71844,268.11844,268.21844,268.21844,268.01843,267.81842,268.01843,268.01843,268.41843,268.71844,269.11844,269.51843,269.51843,269.21844,269.31842,269.61844,269.41843,269.11844,268.81842,268.71844,268.81842,268.61844,268.51843,268.51843,267.91843,268.21844,268.31842,268.51843,268.21844,268.11844,268.11844,268.21844,268.11844,268.31842,268.31842,268.11844,268.31842,268.31842,268.31842,268.11844,268.11844,268.01843
267.51843,267.71844,267.91843,268.41843,268.71844,268.21844,267.21844,267.51843,267.61844,267.51843,267.71844,267.81842,268.21844,268.21844,268.61844,269.11844,268.81842,268.31842,268.11844,268.11844,267.81842,267.91843,268.11844,267.81842,267.91843,268.01843,268.21844,268.31842,268.71844,268.91843,269.01843,269.11844,269.11844,269.41843,269.61844,269.51843,269.21844,268.81842,268.81842,268.71844,268.51843,268.51843,268.31842,268.21844,268.21844,268.21844,268.21844,268.21844,268.21844,268.41843,268.71844,268.61844,268.61844,268.31842,268.41843,268.11844,268.01843,268.11844,268.31842,268.31842
267.41843,267.61844,267.61844,267.81842,268.11844,267.41843,267.11844,266.31842,266.41843,266.91843,267.31842,267.81842,267.91843,268.21844,267.91843,268.31842,268.21844,268.31842,267.91843,267.71844,267.51843,267.71844,267.91843,268.21844,268.41843,268.01843,267.71844,267.81842,268.01843,268.21844,268.41843,268.61844,268.81842,268.91843,269.11844,269.51843,269.51843,269.21844,268.91843,268.91843,268.71844,268.61844,268.51843,268.11844,268.01843,268.01843,268.21844,268.11844,268.41843,268.61844,268.51843,268.41843,268.61844,268.51843,268.31842,268.31842,268.21844,268.11844,268.11844,268.21844
267.61844,267.71844,267.31842,267.31842,267.21844,266.61844,266.11844,266.31842,266.81842,267.01843,267.21844,267.41843,267.21844,267.41843,267.61844,267.11844,266.91843,267.11844,267.41843,267.61844,267.41843,267.31842,267.51843,267.91843,268.41843,268.31842,267.71844,267.81842,267.81842,267.91843,268.11844,268.21844,268.31842,268.61844,268.71844,268.81842,269.21844,269.31842,269.11844,268.81842,268.71844,268.71844,268.51843,268.41843,268.01843,267.81842,267.81842,268.01843,268.11844,268.31842,268.11844,268.11844,268.61844,268.61844,268.41843,268.21844,268.21844,268.11844,268.21844,268.41843
267.51843,267.41843,266.91843,266.41843,267.21844,266.51843,266.81842,266.41843,266.61844,266.81842,266.31842,266.61844,266.61844,266.11844,266.51843,266.91843,267.31842,266.01843,266.61844,267.01843,267.21844,267.01843,266.41843,267.01843,267.81842,267.61844,267.41843,267.71844,267.71844,267.81842,267.91843,268.01843,268.01843,267.81842,268.11844,268.41843,268.71844,269.01843,269.11844,268.81842,268.51843,268.51843,268.31842,268.21844,268.01843,267.61844,267.51843,267.71844,267.61844,268.01843,268.11844,268.01843,268.41843,268.71844,268.71844,268.61844,268.41843,268.61844,268.61844,268.81842
267.31842,266.81842,267.01843,266.61844,266.61844,266.41843,266.31842,265.81842,266.41843,265.81842,265.81842,266.11844,266.11844,266.01843,266.31842,266.41843,266.81842,265.41843,267.01843,266.61844,266.41843,267.01843,267.11844,267.11844,267.01843,266.51843,267.11844,267.11844,267.31842,267.41843,267.51843,267.61844,267.61844,267.71844,267.61844,267.81842,268.11844,268.51843,268.81842,268.71844,268.51843,268.31842,268.11844,267.61844,267.41843,267.31842,267.21844,267.21844,267.11844,267.51843,268.31842,268.31842,268.31842,268.61844,268.71844,268.61844,268.51843,268.31842,268.41843,268.31842
267.11844,267.21844,266.91843,266.81842,266.01843,265.91843,265.81842,265.61844,265.91843,265.11844,265.01843,265.51843,265.91843,266.21844,266.21844,266.51843,266.31842,266.51843,266.61844,266.71844,265.71844,265.81842,266.11844,265.61844,266.31842,266.71844,266.31842,266.91843,267.31842,267.01843,267.21844,267.21844,267.31842,267.31842,267.31842,267.31842,267.41843,267.81842,268.21844,268.41843,268.41843,268.31842,268.01843,267.31842,267.31842,267.01843,266.91843,266.81842,266.61844,267.31842,268.11844,268.41843,268.31842,268.61844,268.41843,268.31842,268.21844,268.31842,268.21844,268.11844
266.81842,267.21844,266.91843,266.01843,265.71844,265.61844,265.51843,265.51843,265.71844,265.61844,264.91843,265.61844,265.31842,265.31842,266.01843,265.91843,265.81842,266.11844,265.31842,265.71844,266.11844,265.71844,265.41843,265.41843,265.61844,266.31842,267.01843,266.91843,265.81842,267.01843,266.81842,266.81842,266.91843,266.91843,267.01843,266.91843,266.91843,267.11844,267.61844,267.91843,268.11844,268.51843,267.81842,266.61844,266.91843,266.81842,266.71844,266.71844,266.51843,267.01843,267.81842,268.31842,268.31842,268.41843,268.31842,268.21844,268.21844,268.11844,267.81842,267.81842
265.51843,265.61844,266.41843,265.81842,265.41843,265.51843,265.41843,265.31842,265.21844,265.11844,265.21844,265.61844,265.21844,265.01843,265.41843,265.21844,265.11844,265.21844,264.71844,265.01843,265.21844,265.31842,265.31842,265.81842,265.01843,265.31842,265.81842,266.41843,266.61844,266.21844,266.51843,266.31842,266.21844,266.11844,266.21844,266.31842,266.41843,266.61844,266.91843,267.01843,267.21844,267.31842,266.91843,266.11844,266.41843,266.41843,266.31842,266.21844,266.21844,266.81842,267.31842,267.81842,267.91843,267.91843,268.01843,268.01843,268.01843,267.61844,267.51843,267.41843
263.21844,264.11844,266.21844,265.61844,264.91843,264.91843,265.01843,265.01843,264.91843,264.51843,264.91843,265.11844,264.21844,264.61844,265.21844,264.91843,264.11844,264.31842,264.01843,264.21844,264.61844,264.41843,264.81842,265.51843,265.01843,264.91843,265.51843,265.61844,265.81842,265.31842,265.71844,265.61844,265.41843,264.91843,265.01843,265.11844,265.51843,266.01843,266.41843,266.61844,266.71844,266.71844,266.11844,265.81842,266.41843,266.21844,266.11844,265.91843,266.11844,266.41843,266.31842,266.81842,267.01843,267.31842,267.61844,267.71844,267.51843,267.41843,267.41843,267.21844
263.51843,263.51843,266.01843,264.81842,264.81842,264.51843,264.41843,264.51843,264.61844,264.71844,264.61844,264.31842,264.31842,264.41843,264.11844,263.91843,263.61844,263.31842,263.21844,263.31842,263.61844,263.61844,264.31842,263.21844,264.21844,264.41843,264.61844,264.31842,264.31842,265.71844,264.41843,264.81842,264.31842,264.01843,263.91843,264.01843,264.81842,265.31842,265.81842,266.01843,266.01843,265.91843,266.01843,265.71844,266.21844,266.61844,266.21844,266.01843,265.71844,265.81842,266.01843,266.01843,266.31842,266.71844,267.31842,267.31842,267.21844,267.21844,267.21844,267.11844
262.71844,264.01843,265.81842,264.51843,264.61844,264.41843,264.11844,264.11844,264.21844,264.41843,264.31842,264.21844,264.01843,263.81842,263.51843,263.31842,263.01843,262.61844,262.51843,262.71844,263.01843,263.21844,263.61844,263.31842,262.61844,262.91843,263.51843,261.91843,262.71844,263.71844,264.11844,263.51843,263.51843,263.11844,263.01843,263.21844,263.71844,264.71844,265.11844,265.41843,265.21844,265.11844,265.81842,265.41843,265.81842,266.71844,266.51843,266.41843,265.51843,265.01843,265.81842,265.71844,265.91843,266.11844,267.01843,267.01843,267.21844,267.21844,267.31842,266.61844
262.31842,262.41843,265.11844,264.21844,264.41843,264.01843,263.91843,263.91843,263.91843,263.91843,263.91843,263.51843,263.31842,263.11844,262.91843,262.61844,262.41843,262.41843,262.11844,262.31842,262.71844,262.81842,262.61844,261.81842,262.31842,261.91843,262.21844,261.31842,261.91843,262.61844,262.81842,262.31842,262.51843,262.41843,262.11844,262.21844,262.71844,263.21844,264.01843,264.31842,264.01843,264.31842,264.81842,265.41843,264.81842,265.51843,266.01843,265.91843,265.81842,265.61844,265.91843,265.41843,265.51843,265.81842,266.71844,266.71844,267.01843,267.11844,266.81842,265.61844
262.31842,262.91843,264.11844,263.61844,263.61844,263.91843,263.61844,263.31842,263.21844,263.51843,263.31842,263.01843,262.91843,262.61844,262.41843,262.21844,262.21844,262.21844,262.21844,262.41843,262.21844,262.31842,262.11844,262.31842,261.01843,261.51843,262.01843,261.61844,261.51843,261.71844,262.31842,261.61844,261.61844,261.81842,262.01843,261.81842,262.21844,262.81842,262.61844,263.11844,262.71844,263.51843,264.31842,264.71844,263.81842,264.11844,265.21844,265.81842,265.91843,266.11844,265.41843,265.41843,265.11844,265.91843,266.31842,266.71844,266.71844,266.81842,266.21844,264.91843
261.01843,262.21844,262.51843,262.81842,263.11844,263.21844,263.11844,262.81842,262.81842,262.81842,262.71844,262.51843,262.41843,262.11844,262.01843,261.81842,262.01843,262.21844,262.41843,262.51843,261.81842,261.71844,262.01843,261.91843,260.61844,261.01843,261.41843,261.41843,261.21844,261.11844,261.51843,261.21844,261.31842,261.21844,261.31842,261.51843,261.81842,262.11844,262.11844,262.21844,262.31842,263.31842,264.01843,264.31842,263.91843,263.51843,264.51843,264.91843,265.01843,265.31842,265.31842,264.81842,265.01843,265.81842,266.11844,266.41843,266.51843,266.41843,265.31842,264.41843
261.61844,261.81842,261.91843,262.11844,262.61844,262.51843,262.41843,262.41843,262.41843,262.31842,262.01843,261.91843,261.61844,261.41843,261.41843,261.51843,261.91843,262.31842,262.51843,262.41843,261.51843,261.61844,261.51843,261.61844,259.51843,260.71844,260.61844,260.71844,260.71844,260.81842,261.01843,261.01843,261.21844,261.31842,261.11844,261.31842,261.51843,261.81842,261.91843,261.61844,261.71844,262.31842,262.91843,263.71844,264.01843,263.91843,264.11844,264.31842,264.41843,264.41843,264.51843,264.01843,264.61844,265.51843,265.91843,266.11844,266.21844,265.81842,264.71844,264.01843
260.51843,261.81842,261.01843,261.31842,261.71844,261.61844,261.61844,261.81842,261.61844,261.41843,261.11844,261.01843,260.91843,260.91843,261.01843,261.41843,261.81842,262.21844,262.51843,262.51843,261.81842,261.51843,260.91843,260.41843,260.01843,260.01843,259.81842,260.41843,260.91843,261.01843,260.41843,260.21844,260.21844,260.41843,260.61844,260.81842,261.01843,261.41843,261.21844,261.11844,261.41843,261.61844,262.21844,262.91843,263.51843,263.91843,263.71844,264.01843,263.71844,264.11844,264.01843,263.51843,264.41843,265.11844,265.61844,265.91843,265.81842,265.31842,264.21844,263.81842
260.21844,260.81842,260.31842,260.61844,260.71844,260.81842,260.91843,260.71844,260.71844,260.51843,260.51843,260.61844,260.61844,260.61844,260.91843,261.31842,261.71844,262.21844,262.41843,262.51843,261.91843,261.31842,260.81842,259.81842,259.21844,259.21844,259.51843,260.31842,260.81842,260.31842,259.11844,259.51843,259.91843,259.81842,260.01843,260.31842,260.51843,260.61844,260.91843,260.31842,260.91843,261.31842,262.01843,262.31842,262.91843,263.31842,263.31842,262.81842,263.41843,264.11844,263.31842,263.31842,263.91843,264.61844,265.21844,265.41843,265.21844,264.81842,263.71844,263.81842
259.21844,259.51843,259.41843,259.21844,259.41843,259.41843,259.61844,259.81842,259.91843,260.01843,260.01843,260.11844,260.21844,260.51843,260.71844,261.11844,261.51843,261.91843,262.41843,262.31842,262.21844,262.01843,260.91843,259.21844,258.71844,258.91843,259.61844,259.91843,260.01843,260.11844,259.61844,259.61844,259.41843,259.41843,259.61844,259.81842,260.21844,260.41843,260.31842,260.31842,260.31842,260.81842,261.61844,261.81842,262.71844,262.81842,263.01843,262.41843,262.41843,263.01843,262.41843,262.81842,263.61844,264.11844,264.51843,264.61844,264.61844,264.21844,263.51843,263.81842
258.71844,258.71844,258.51843,258.41843,258.51843,258.41843,259.01843,259.31842,259.61844,259.61844,259.71844,259.91843,260.11844,260.41843,260.61844,260.91843,261.41843,261.81842,262.01843,262.01843,262.31842,262.01843,259.71844,258.91843,258.91843,259.11844,259.31842,259.71844,259.71844,259.61844,259.71844,259.41843,259.21844,259.01843,259.01843,259.31842,259.71844,260.01843,260.01843,260.11844,259.91843,260.11844,260.61844,261.21844,261.41843,261.81842,261.61844,261.71844,261.81842,262.61844,261.81842,262.31842,263.01843,263.51843,263.71844,263.91843,263.91843,263.51843,263.31842,263.61844
257.91843,258.21844,258.31842,258.21844,258.11844,258.21844,258.61844,259.21844,259.41843,259.51843,259.51843,259.61844,259.91843,260.21844,260.41843,260.71844,261.11844,261.41843,261.51843,261.41843,261.81842,262.01843,259.91843,258.71844,259.11844,258.81842,259.11844,259.91843,259.41843,258.81842,258.71844,258.91843,258.81842,258.91843,258.91843,259.01843,259.21844,259.41843,259.71844,259.91843,259.91843,259.81842,260.11844,260.21844,260.41843,261.01843,261.11844,261.21844,261.61844,262.11844,261.31842,261.71844,262.51843,262.71844,262.81842,263.01843,263.01843,263.01843,263.01843,263.11844
257.71844,258.01843,257.91843,258.01843,257.71844,257.91843,258.21844,258.91843,259.41843,259.51843,259.51843,259.51843,259.51843,259.81842,260.01843,260.51843,260.71844,261.01843,260.91843,260.61844,260.71844,260.61844,260.01843,259.01843,258.31842,259.01843,259.51843,259.51843,258.61844,258.51843,258.31842,258.31842,258.51843,258.71844,258.91843,258.81842,258.91843,258.91843,259.01843,259.21844,259.21844,259.21844,259.41843,259.71844,259.91843,260.31842,260.71844,260.91843,261.31842,261.61844,261.21844,261.01843,261.71844,262.21844,262.31842,262.31842,262.31842,262.51843,262.41843,262.51843
257.61844,257.71844,257.91843,257.81842,257.61844,257.81842,258.41843,258.71844,259.11844,259.41843,259.51843,259.61844,259.51843,259.51843,259.71844,260.11844,260.31842,260.51843,260.41843,259.81842,260.11844,260.01843,260.01843,259.51843,259.31842,258.61844,258.41843,258.91843,258.41843,258.11844,258.31842,257.81842,258.21844,258.41843,258.21844,258.01843,257.91843,257.81842,257.91843,258.11844,258.11844,258.41843,258.71844,259.11844,259.41843,259.71844,259.81842,260.11844,260.51843,261.41843,261.01843,261.11844,261.41843,261.41843,261.71844,261.61844,261.81842,261.91843,261.71844,261.71844
257.51843,257.61844,257.71844,257.81842,257.91843,257.91843,258.11844,258.51843,258.81842,258.91843,258.91843,259.01843,259.11844,259.21844,259.41843,259.61844,259.81842,259.81842,259.81842,259.11844,259.31842,258.71844,259.11844,259.31842,258.71844,258.31842,258.81842,258.21844,258.21844,257.61844,257.71844,257.81842,257.91843,257.81842,257.51843,257.21844,256.81842,256.31842,256.31842,256.91843,256.91843,257.41843,257.81842,258.31842,258.81842,258.81842,259.31842,259.51843,259.81842,260.11844,261.01843,260.61844,260.71844,260.71844,261.01843,261.21844,261.31842,261.21844,260.91843,261.11844
257.21844,257.31842,257.51843,257.61844,257.81842,258.01843,258.21844,258.31842,258.31842,258.41843,258.41843,258.31842,258.41843,258.41843,258.61844,258.81842,259.01843,259.11844,259.11844,258.71844,258.41843,258.51843,258.31842,257.81842,257.71844,257.91843,257.71844,257.91843,258.31842,257.91843,257.91843,257.81842,257.91843,257.61844,257.41843,257.01843,256.31842,255.11844,255.51843,255.91843,256.71844,257.21844,257.21844,257.61844,258.21844,258.41843,258.41843,258.71844,259.11844,259.41843,260.41843,260.81842,260.21844,259.81842,259.51843,260.21844,260.41843,260.41843,259.91843,260.41843
256.71844,256.71844,256.71844,257.21844,257.51843,257.71844,257.81842,257.91843,257.91843,257.91843,257.91843,257.91843,257.81842,257.81842,257.81842,257.81842,258.01843,258.11844,258.31842,258.21844,257.91843,257.91843,257.91843,258.01843,257.81842,257.81842,257.81842,257.71844,257.71844,258.01843,257.71844,258.01843,257.71844,257.61844,257.21844,257.01843,256.51843,255.71843,255.51843,255.61844,255.91843,256.41843,256.91843,256.91843,256.91843,257.61844,257.81842,258.11844,258.71844,258.91843,259.41843,260.11844,260.11844,259.51843,258.01843,258.81842,259.81842,260.01843,259.61844,259.81842
