wind-weather/data/weather/current/current-temp-isobaric-700hPa-gfs-1.0.json
{"header": {"discipline":0,"disciplineName":"Meteorologicalproducts","gribEdition":2,"gribLength":36642,"center":7,"centerName":"USNationalWeatherService-NCEP(WMC)","subcenter":0,"refTime":"2017-11-24T12:00:00.000Z","significanceOfRT":0,"significanceOfRTName":"Analysis","productStatus":0,"productStatusName":"Operationalproducts","productType":0,"productTypeName":"Analysisproducts","productDefinitionTemplate":0,"productDefinitionTemplateName":"Analysis/forecastathorizontallevel/layeratapointintime","parameterCategory":0,"parameterCategoryName":"Temperature","parameterNumber":0,"parameterNumberName":"Temperature","parameterUnit":"K","genProcessType":0,"genProcessTypeName":"Analysis","forecastTime":0,"surface1Type":100,"surface1TypeName":"Isobaricsurface","surface1Value":70000.0,"surface2Type":255,"surface2TypeName":"Missing","surface2Value":0.0,"gridDefinitionTemplate":0,"gridDefinitionTemplateName":"Latitude_Longitude","numberPoints":65160,"shape":6,"shapeName":"Earthsphericalwithradiusof6,371,229.0m","gridUnits":"degrees","resolution":48,"winds":"true","scanMode":0,"nx":360,"ny":181,"basicAngle":0,"lo1":0.0,"la1":90.0,"lo2":359.0,"la2":-90.0,"dx":1.0,"dy":1.0}, "data":
[rows 130 to 155 of 181, columns 180 to 239 of 360]
277.48486,277.28485,277.08487,276.88486,276.38486,275.88486,275.28485,274.58487,274.08487,273.98486,274.48486,274.28485,273.98486,273.98486,274.28485,274.58487,274.78485,274.78485,274.58487,274.28485,273.88486,273.28485,272.68488,272.18488,271.58487,271.28485,270.98486,270.78485,270.78485,270.98486,271.08487,271.28485,271.48486,271.88486,272.18488,272.68488,272.98486,272.88486,272.88486,273.08487,273.98486,275.18488,275.78485,275.88486,276.28485,276.38486,275.78485,275.68488,276.28485,277.18488,277.48486,277.38486,277.18488,277.88486,277.88486,277.38486,275.78485,275.28485,275.08487,274.98486
277.38486,277.28485,277.18488,276.98486,276.68488,276.08487,275.48486,274.78485,274.18488,273.68488,273.98486,274.48486,274.28485,273.98486,273.88486,274.28485,274.58487,274.68488,274.58487,274.28485,273.78485,273.28485,272.78485,272.28485,271.68488,271.38486,271.08487,270.88486,270.78485,270.88486,271.08487,271.38486,271.48486,271.58487,271.88486,272.08487,272.48486,272.98486,273.18488,273.08487,272.88486,272.68488,273.58487,274.78485,275.38486,275.48486,275.98486,275.68488,275.78485,276.08487,276.78485,277.38486,277.18488,277.08487,277.28485,277.48486,276.68488,275.08487,275.28485,275.08487
277.38486,277.38486,277.28485,277.08487,276.88486,276.48486,275.78485,274.98486,274.28485,273.88486,273.68488,274.28485,274.78485,274.48486,274.18488,274.08487,274.48486,274.68488,274.68488,274.28485,273.78485,273.18488,272.68488,272.28485,271.88486,271.48486,271.08487,270.88486,270.78485,270.78485,270.98486,271.08487,271.38486,271.78485,271.88486,271.98486,272.28485,272.28485,272.58487,273.08487,273.08487,272.78485,271.98486,271.48486,271.98486,273.78485,274.78485,274.98486,275.28485,275.58487,275.78485,276.58487,277.28485,276.98486,276.58487,276.58487,276.98486,274.58487,274.48486,274.68488
277.38486,277.48486,277.18488,276.98486,276.88486,276.58487,276.08487,275.18488,274.48486,274.18488,273.98486,274.18488,275.08487,275.18488,274.78485,274.48486,274.48486,274.58487,274.38486,274.08487,273.58487,273.08487,272.58487,272.18488,271.88486,271.58487,271.28485,271.08487,270.88486,270.78485,270.78485,270.88486,270.98486,271.08487,271.38486,271.78485,272.08487,272.28485,272.58487,272.58487,272.58487,272.78485,272.58487,272.18488,270.98486,270.48486,271.08487,272.78485,274.08487,273.98486,274.38486,275.18488,275.68488,276.78485,276.68488,276.08487,275.98486,275.98486,275.18488,274.28485
276.48486,276.58487,276.58487,276.68488,276.68488,276.48486,276.08487,275.48486,274.78485,274.38486,274.48486,274.78485,275.28485,275.68488,275.48486,275.08487,274.68488,274.48486,274.18488,273.78485,273.28485,272.88486,272.38486,272.08487,271.68488,271.48486,271.18488,271.08487,270.98486,270.78485,270.68488,270.68488,270.58487,270.58487,270.58487,270.58487,270.68488,270.78485,271.08487,271.48486,271.58487,271.68488,271.68488,271.58487,271.68488,271.58487,270.28485,270.08487,270.68488,272.18488,273.18488,272.88486,273.98486,274.88486,275.58487,276.28485,275.88486,275.58487,275.38486,275.28485
275.48486,275.88486,275.98486,276.08487,276.18488,276.18488,275.98486,275.48486,274.98486,274.58487,274.78485,274.98486,275.38486,275.78485,275.68488,275.38486,275.08487,274.58487,274.08487,273.58487,273.18488,272.78485,272.38486,271.98486,271.68488,271.38486,271.18488,270.98486,270.88486,270.88486,270.78485,270.68488,270.48486,270.18488,269.98486,269.88486,269.78485,269.78485,269.78485,269.78485,269.88486,270.18488,270.38486,270.38486,270.28485,270.18488,270.38486,270.58487,270.18488,269.88486,270.58487,271.98486,272.58487,273.18488,273.98486,274.18488,275.28485,275.38486,275.18488,275.18488
274.18488,274.68488,274.98486,275.18488,275.28485,275.48486,275.58487,275.38486,275.08487,274.58487,274.58487,274.88486,275.18488,275.38486,275.38486,275.18488,274.88486,274.58487,274.18488,273.78485,273.48486,272.98486,272.48486,272.08487,271.78485,271.48486,271.18488,270.98486,270.78485,270.68488,270.58487,270.38486,270.18488,269.88486,269.68488,269.28485,268.98486,268.78485,268.68488,268.68488,268.78485,268.78485,268.68488,268.58487,268.48486,268.38486,268.08487,268.28485,268.98486,269.48486,269.18488,269.48486,270.78485,271.88486,272.68488,272.98486,273.38486,274.38486,274.68488,274.68488
273.08487,273.58487,273.98486,274.38486,274.68488,274.88486,274.98486,275.08487,274.88486,274.68488,274.38486,274.48486,274.68488,274.68488,274.68488,274.58487,274.38486,274.18488,274.08487,273.98486,273.68488,273.28485,272.88486,272.48486,272.08487,271.78485,271.48486,271.08487,270.78485,270.38486,270.08487,269.78485,269.28485,268.98486,268.58487,268.28485,267.98486,267.78485,267.58487,267.38486,267.28485,267.18488,267.08487,266.58487,265.98486,265.48486,265.38486,265.18488,265.68488,266.88486,267.88486,268.48486,268.38486,269.68488,271.08487,271.98486,272.28485,272.68488,273.58487,274.08487
272.68488,272.88486,273.28485,273.48486,273.78485,274.08487,274.28485,274.48486,274.68488,274.58487,274.28485,274.08487,274.18488,274.18488,274.08487,274.08487,273.98486,273.98486,274.08487,274.08487,273.78485,273.48486,273.18488,272.88486,272.48486,272.08487,271.68488,271.28485,270.78485,270.28485,269.68488,269.08487,268.58487,268.08487,267.78485,267.28485,266.98486,266.58487,266.18488,265.88486,265.38486,264.78485,264.08487,262.98486,262.08487,261.38486,261.28485,261.28485,261.98486,263.18488,264.28485,266.08487,267.38486,268.18488,269.48486,270.18488,271.18488,271.78485,272.18488,272.68488
272.58487,272.78485,272.88486,272.88486,272.98486,273.08487,273.38486,273.68488,274.08487,274.28485,274.28485,274.08487,273.78485,273.68488,273.58487,273.58487,273.48486,273.48486,273.58487,273.68488,273.58487,273.48486,273.18488,272.88486,272.58487,272.18488,271.78485,271.38486,270.88486,270.18488,269.28485,268.48486,267.78485,267.28485,266.78485,266.28485,265.68488,265.28485,264.68488,264.18488,263.18488,261.98486,260.08487,258.68488,258.18488,257.98486,258.08487,258.98486,259.48486,259.58487,261.98486,262.88486,263.78485,266.38486,268.18488,268.88486,269.58487,270.18488,270.98486,271.48486
272.58487,272.68488,272.78485,272.88486,273.08487,273.28485,273.58487,273.78485,273.98486,274.08487,274.18488,274.18488,273.98486,273.78485,273.58487,273.48486,273.38486,273.28485,273.28485,273.28485,273.28485,273.18488,273.08487,272.78485,272.48486,272.08487,271.78485,271.38486,270.78485,269.98486,268.78485,267.88486,267.18488,266.68488,266.08487,265.38486,264.68488,263.98486,263.28485,262.48486,261.38486,260.18488,258.58487,257.38486,256.78485,256.78485,257.08487,257.68488,258.38486,259.28485,260.88486,262.58487,262.58487,262.98486,264.98486,267.08487,267.58487,268.78485,269.58487,270.08487
272.08487,272.18488,272.28485,272.48486,272.78485,273.08487,273.48486,273.78485,273.88486,273.98486,273.98486,273.98486,273.98486,273.88486,273.88486,273.78485,273.68488,273.48486,273.38486,273.28485,273.18488,273.08487,272.88486,272.68488,272.28485,271.98486,271.68488,271.28485,270.58487,269.48486,268.28485,267.48486,266.78485,266.08487,265.18488,264.38486,263.48486,262.78485,261.88486,260.88486,259.68488,258.48486,257.78485,256.88486,256.38486,256.38486,256.28485,256.68488,257.18488,258.58487,259.28485,260.18488,260.88486,261.48486,262.98486,263.88486,265.48486,266.18488,267.58487,268.78485
271.28485,271.38486,271.48486,271.58487,271.68488,271.88486,272.08487,272.38486,272.78485,273.08487,273.38486,273.58487,273.58487,273.58487,273.58487,273.58487,273.58487,273.58487,273.38486,273.28485,273.18488,273.08487,272.78485,272.58487,272.18488,271.88486,271.58487,271.18488,270.18488,268.78485,267.78485,267.08487,266.38486,265.38486,264.48486,263.48486,262.48486,261.68488,260.38486,259.28485,258.38486,257.48486,256.38486,256.18488,255.88486,255.78487,255.68486,256.08487,256.68488,257.88486,258.98486,259.78485,260.38486,261.28485,262.38486,262.88486,263.68488,264.28485,265.38486,266.98486
270.18488,270.28485,270.38486,270.48486,270.58487,270.88486,271.08487,271.28485,271.48486,271.78485,271.98486,272.18488,272.48486,272.68488,272.78485,272.88486,272.88486,272.88486,272.88486,272.78485,272.78485,272.68488,272.48486,272.18488,271.78485,271.58487,271.48486,270.88486,269.38486,268.08487,267.58487,266.88486,265.88486,264.78485,263.58487,262.68488,261.58487,260.48486,259.08487,257.78485,257.08487,255.68486,255.38486,255.48486,255.58487,255.28487,255.38486,255.68486,255.78487,256.08487,257.08487,258.98486,259.98486,260.28485,261.38486,261.78485,261.88486,262.08487,263.58487,264.78485
268.38486,268.38486,268.48486,268.58487,268.78485,269.08487,269.28485,269.58487,269.88486,270.38486,270.68488,271.08487,271.38486,271.58487,271.88486,272.08487,272.18488,272.28485,272.28485,272.18488,272.08487,271.98486,271.88486,271.68488,271.38486,271.08487,271.18488,269.88486,268.38486,267.78485,267.28485,266.48486,265.48486,264.18488,262.98486,261.98486,260.68488,259.28485,258.18488,257.28485,256.68488,255.88486,254.88486,255.08487,255.18486,255.08487,255.18486,255.38486,255.28487,256.58487,256.68488,257.48486,257.78485,257.48486,258.08487,259.78485,260.98486,261.98486,262.98486,263.28485
266.08487,265.98486,265.98486,266.08487,266.18488,266.38486,266.58487,266.98486,267.28485,267.68488,268.18488,268.48486,268.98486,269.38486,269.88486,270.28485,270.78485,270.98486,271.18488,271.28485,271.38486,271.38486,271.38486,271.18488,270.18488,269.78485,269.08487,267.98486,267.68488,267.28485,266.68488,265.88486,264.68488,263.58487,262.58487,261.28485,259.88486,258.78485,258.08487,257.38486,256.58487,255.98486,255.28487,255.08487,255.58487,255.08487,255.08487,254.38486,253.98486,254.88486,255.98486,255.98486,255.38486,255.58487,256.28485,257.28485,259.28485,260.68488,261.68488,262.68488
262.68488,262.08487,261.78485,261.58487,261.48486,261.58487,261.88486,262.38486,263.08487,263.88486,264.88486,265.78485,266.48486,267.28485,267.88486,268.48486,268.88486,269.18488,269.48486,269.78485,269.98486,270.08487,270.28485,270.48486,269.78485,267.88486,267.88486,267.38486,266.68488,266.28485,265.88486,265.18488,263.98486,262.88486,261.78485,260.58487,259.38486,258.68488,258.18488,257.48486,256.68488,255.98486,255.28487,254.78487,254.68486,254.48486,254.38486,253.38486,252.68486,252.58487,253.18486,254.28487,254.98486,255.48486,255.78487,256.28485,257.18488,258.48486,260.18488,261.28485
259.48486,259.08487,258.78485,258.48486,258.28485,258.18488,258.18488,258.38486,258.78485,259.58487,260.48486,261.58487,262.78485,263.88486,264.78485,265.68488,266.48486,267.18488,267.78485,268.28485,268.68488,268.78485,268.88486,268.88486,268.58487,267.88486,265.88486,266.28485,265.98486,265.58487,265.08487,264.28485,262.88486,261.78485,260.98486,259.78485,259.08487,258.58487,258.18488,257.48486,256.78485,256.08487,255.18486,254.38486,254.08487,254.08487,253.88486,253.68486,252.98486,252.48486,252.18486,251.88486,252.08487,253.08487,253.78487,254.28487,255.18486,256.08487,257.18488,258.28485
258.38486,257.98486,257.68488,257.18488,256.88486,256.78485,256.78485,256.58487,256.58487,256.88486,257.48486,258.38486,259.28485,260.38486,261.48486,262.58487,263.48486,264.28485,264.88486,265.48486,265.98486,266.48486,266.78485,266.88486,266.88486,266.48486,263.98486,264.68488,264.58487,264.28485,263.88486,262.98486,261.68488,260.68488,259.98486,259.28485,258.88486,258.58487,258.18488,257.58487,256.88486,255.98486,255.28487,253.68486,253.48486,253.58487,253.58487,253.38486,253.08487,251.98486,251.48486,251.48486,251.38486,251.38486,251.68486,252.48486,253.18486,253.78487,254.68486,255.58487
257.48486,256.98486,256.58487,256.28485,256.08487,255.78487,254.68486,254.88486,255.38486,256.18488,256.98486,257.68488,258.28485,258.88486,259.68488,260.48486,261.08487,261.68488,262.18488,262.58487,263.08487,263.48486,263.78485,264.18488,264.48486,263.78485,262.48486,263.48486,263.18488,262.78485,262.38486,261.48486,260.18488,259.58487,259.18488,258.78485,258.68488,258.48486,258.18488,257.68488,256.88486,255.88486,254.88486,254.08487,253.68486,253.58487,253.48486,253.18486,252.68486,252.18486,251.78487,251.38486,251.08487,250.88486,250.88486,251.28487,251.78487,252.48486,253.18486,254.08487
256.68488,256.28485,255.78487,255.48486,255.08487,254.68486,254.78487,255.48486,256.18488,256.88486,257.38486,257.88486,258.48486,259.28485,260.18488,261.08487,261.68488,262.08487,262.58487,262.68488,262.48486,262.38486,262.58487,262.28485,261.18488,260.98486,261.98486,262.38486,261.98486,261.28485,260.68488,259.78485,258.68488,258.58487,258.38486,258.38486,258.48486,258.48486,258.38486,257.78485,256.98486,255.88486,254.78487,253.98486,253.48486,253.28487,253.08487,252.78487,252.38486,252.08487,251.78487,251.58487,251.38486,251.28487,251.28487,251.48486,251.88486,252.18486,252.68486,253.28487
256.18488,255.68486,255.28487,254.88486,254.58487,254.58487,254.88486,255.38486,255.88486,256.48486,256.98486,257.28485,257.88486,259.08487,260.18488,261.08487,261.48486,261.48486,260.88486,260.38486,259.98486,259.78485,259.88486,260.28485,260.98486,261.38486,261.08487,260.38486,260.08487,259.68488,259.08487,258.08487,257.68488,257.88486,257.88486,258.08487,258.08487,258.18488,258.08487,257.58487,256.88486,255.88486,254.78487,253.78487,253.18486,252.68486,252.48486,252.28487,252.18486,251.88486,251.58487,251.38486,251.28487,251.28487,251.38486,251.58487,251.78487,251.98486,252.18486,252.58487
255.68486,255.18486,254.58487,254.18486,253.98486,253.98486,254.28487,254.68486,255.18486,255.68486,256.08487,256.38486,256.78485,258.08487,260.38486,261.68488,261.68488,261.38486,260.88486,260.48486,260.38486,260.48486,260.78485,260.98486,260.58487,260.08487,259.58487,259.08487,258.78485,258.08487,257.28485,256.98486,257.18488,257.28485,257.48486,257.58487,257.68488,257.78485,257.58487,257.18488,256.68488,255.78487,254.68486,253.28487,252.68486,252.38486,252.08487,251.68486,251.38486,251.18486,250.68486,250.28487,250.28487,250.38486,250.48486,250.68486,250.88486,251.08487,251.28487,251.48486
255.18486,254.58487,254.18486,253.68486,253.48486,253.28487,253.48486,253.88486,254.18486,254.68486,255.08487,255.68486,256.08487,256.28485,256.98486,258.88486,260.68488,261.18488,261.28485,261.08487,260.78485,260.38486,259.68488,258.98486,258.68488,258.18488,257.98486,257.58487,257.08487,256.58487,256.48486,256.68488,256.68488,256.78485,256.98486,257.18488,257.28485,257.38486,257.38486,257.08487,256.58487,255.78487,254.88486,252.58487,252.18486,252.18486,251.78487,251.38486,250.88486,250.28487,249.38486,248.98486,249.08487,249.38486,249.78487,250.08487,250.28487,250.38486,250.48486,250.48486
254.58487,254.18486,253.68486,253.38486,253.08487,252.98486,253.18486,253.28487,253.58487,253.88486,254.28487,254.58487,255.08487,255.48486,255.68486,255.78487,255.98486,256.28485,256.58487,256.88486,256.98486,257.08487,257.08487,257.08487,257.08487,256.88486,256.58487,256.08487,255.98486,255.98486,255.98486,256.08487,256.18488,256.28485,256.48486,256.58487,256.78485,256.78485,256.68488,256.58487,256.18488,255.58487,254.78487,253.48486,251.88486,251.78487,251.48486,250.88486,250.38486,249.68486,248.98486,248.78487,248.78487,249.18486,249.58487,249.88486,250.08487,250.08487,250.18486,250.28487
254.08487,253.68486,253.28487,252.98486,252.88486,252.68486,252.68486,252.88486,253.08487,253.28487,253.48486,253.68486,253.98486,254.18486,254.48486,254.78487,255.08487,255.18486,255.28487,255.38486,255.48486,255.58487,255.58487,255.58487,255.48486,255.48486,255.48486,255.58487,255.58487,255.48486,255.48486,255.58487,255.58487,255.78487,255.88486,255.98486,256.08487,256.08487,255.98486,255.78487,255.38486,254.88486,254.08487,253.08487,251.98486,250.98486,250.48486,250.08487,249.58487,249.18486,248.88486,248.88486,249.28487,249.58487,249.78487,249.98486,249.98486,249.98486,250.08487,250.08487
