wind-weather/data/weather/current/current-total_precipitable_water-gfs-1.0.json
{"header": {"discipline":0,"disciplineName":"Meteorologicalproducts","gribEdition":2,"gribLength":46837,"center":7,"centerName":"USNationalWeatherService-NCEP(WMC)","subcenter":0,"refTime":"2017-11-24T12:00:00.000Z","significanceOfRT":0,"significanceOfRTName":"Analysis","productStatus":0,"productStatusName":"Operationalproducts","productType":0,"productTypeName":"Analysisproducts","productDefinitionTemplate":0,"productDefinitionTemplateName":"Analysis/forecastathorizontallevel/layeratapointintime","parameterCategory":1,"parameterCategoryName":"Moisture","parameterNumber":3,"parameterNumberName":"Precipitable_water","parameterUnit":"kg.m-2","genProcessType":0,"genProcessTypeName":"Analysis","forecastTime":0,"surface1Type":200,"surface1TypeName":"Entireatmospherelayer","surface1Value":0.0,"surface2Type":255,"surface2TypeName":"Missing","surface2Value":0.0,"gridDefinitionTemplate":0,"gridDefinitionTemplateName":"Latitude_Longitude","numberPoints":65160,"shape":6,"shapeName":"Earthsphericalwithradiusof6,371,229.0m","gridUnits":"degrees","resolution":48,"winds":"true","scanMode":0,"nx":360,"ny":181,"basicAngle":0,"lo1":0.0,"la1":90.0,"lo2":359.0,"la2":-90.0,"dx":1.0,"dy":1.0}, "data":
[rows 27 to 53 of 181, columns 0 to 60 of 360]
11.041243,11.941242,12.541243,11.941242,11.041243,11.141242,10.541243,9.941242,7.041242,4.441242,4.041242,4.041242,3.2412422,2.6412423,3.4412422,4.941242,5.541242,6.041242,6.941242,7.641242,8.241242,9.141242,9.741242,10.241242,10.041243,10.541243,10.641242,10.341242,11.341242,12.941241,14.841242,15.141241,14.841242,13.941241,14.341242,15.041242,14.341242,13.441241,12.941241,11.741242,10.841242,10.041243,9.441242,8.941242,8.541243,8.441242,8.241242,7.8412423,7.2412424,6.7412424,6.541242,6.3412423,6.041242,5.641242,5.441242,5.041242,4.8412423,4.7412424,4.441242,3.8412423,4.2412424
10.041243,10.241242,10.241242,9.841242,9.341242,9.341242,8.041243,5.7412424,4.3412423,4.041242,3.6412423,3.9412422,3.7412422,3.8412423,4.3412423,5.2412424,5.941242,6.141242,6.541242,6.641242,6.941242,7.941242,9.141242,9.641242,10.241242,10.941242,10.341242,10.441242,12.641242,14.441241,15.541242,15.441241,14.241241,14.641241,15.341242,14.841242,13.141241,10.541243,9.941242,8.741242,7.7412424,7.7412424,7.8412423,8.241242,8.241242,8.141242,7.641242,7.2412424,6.7412424,6.3412423,5.941242,5.641242,5.441242,5.2412424,5.041242,4.941242,4.7412424,4.641242,4.441242,3.9412422,3.7412422
8.341242,8.341242,8.341242,8.341242,8.441242,8.941242,6.441242,5.941242,4.441242,4.7412424,4.441242,4.7412424,5.541242,5.2412424,5.7412424,6.2412424,6.141242,6.641242,6.8412423,6.941242,7.3412423,8.041243,9.241242,10.141242,10.441242,10.541243,9.941242,11.441242,13.641241,15.041242,16.441242,16.04124,14.341242,14.241241,14.841242,13.341242,10.441242,7.941242,7.2412424,6.441242,6.041242,5.8412423,5.941242,6.041242,6.141242,6.2412424,6.141242,6.041242,5.941242,5.641242,5.441242,5.2412424,5.141242,5.041242,4.941242,4.8412423,4.7412424,4.641242,4.441242,3.9412422,4.141242
7.8412423,7.8412423,7.7412424,7.8412423,8.341242,8.641242,7.641242,4.2412424,4.441242,4.541242,5.2412424,5.641242,5.641242,6.041242,6.3412423,6.2412424,7.2412424,8.041243,8.241242,8.141242,8.441242,9.441242,10.741242,10.941242,11.041243,10.741242,10.641242,13.041242,15.141241,16.241241,16.54124,14.741241,13.241241,13.741241,13.441241,11.141242,7.2412424,6.3412423,5.941242,5.141242,4.441242,3.9412422,3.6412423,3.5412421,3.4412422,3.3412423,3.3412423,3.2412422,3.1412423,3.0412421,2.9412422,2.8412423,2.8412423,2.8412423,2.8412423,2.9412422,3.0412421,3.1412423,2.7412422,2.3412423,3.5412421
6.941242,7.041242,7.2412424,7.3412423,7.3412423,7.3412423,7.2412424,5.2412424,5.2412424,5.941242,6.141242,6.541242,6.541242,6.541242,7.3412423,7.8412423,8.441242,8.741242,9.241242,10.541243,10.941242,10.741242,10.441242,10.041243,10.441242,9.641242,10.541243,12.941241,14.541242,15.741241,15.941241,13.841242,13.141241,12.341242,11.941242,8.541243,5.641242,5.441242,4.641242,3.6412423,3.1412423,2.9412422,2.9412422,3.2412422,3.5412421,3.6412423,3.8412423,3.9412422,4.141242,4.441242,4.7412424,5.2412424,5.641242,6.041242,6.441242,7.041242,7.541242,7.941242,8.041243,8.541243,11.041243
6.441242,6.541242,6.7412424,6.8412423,6.8412423,6.941242,7.2412424,7.541242,7.541242,7.441242,7.541242,7.541242,7.7412424,7.541242,7.8412423,8.641242,9.941242,11.441242,12.241242,11.441242,10.941242,11.341242,10.841242,10.641242,10.041243,10.541243,12.541243,13.541242,15.541242,15.741241,14.641241,13.841242,12.141242,10.841242,10.241242,5.7412424,5.141242,4.3412423,3.4412422,2.9412422,3.1412423,4.041242,4.941242,6.441242,7.7412424,8.441242,8.841242,9.341242,10.241242,11.041243,11.941242,13.041242,13.741241,14.241241,14.141241,14.541242,15.041242,15.241241,15.341242,15.041242,15.241241
6.3412423,6.041242,6.541242,7.041242,7.441242,7.541242,7.641242,7.941242,8.241242,8.541243,8.441242,8.741242,9.641242,9.741242,10.641242,11.441242,12.841242,14.141241,14.841242,14.941241,13.741241,11.841242,11.141242,10.141242,10.541243,11.541243,11.441242,13.541242,15.041242,15.141241,14.141241,13.241241,10.041243,10.641242,7.041242,5.041242,4.7412424,3.6412423,3.0412421,3.2412422,4.2412424,5.641242,7.641242,9.441242,10.641242,11.541243,12.041243,13.141241,14.041242,14.741241,15.541242,16.341242,16.441242,15.941241,15.541242,15.041242,14.441241,14.241241,13.641241,12.441242,11.541243
6.541242,7.2412424,7.7412424,8.041243,8.241242,8.541243,8.541243,8.641242,9.341242,9.641242,10.441242,10.941242,11.441242,12.341242,13.441241,15.041242,16.341242,16.841242,16.841242,16.641241,15.541242,14.341242,12.041243,12.041243,12.741242,13.341242,14.041242,14.741241,15.241241,14.141241,13.641241,11.141242,9.341242,8.641242,5.141242,4.8412423,3.8412423,3.0412421,4.041242,5.8412423,7.2412424,8.941242,10.541243,11.041243,11.941242,13.141241,14.041242,14.541242,15.541242,16.04124,15.941241,15.341242,14.841242,14.441241,13.841242,12.741242,11.641242,10.541243,10.041243,9.541243,9.541243
6.441242,7.3412423,8.141242,8.141242,8.341242,8.541243,8.841242,9.141242,9.841242,10.941242,11.441242,12.441242,13.541242,15.141241,16.241241,16.441242,17.841242,20.241241,21.241241,21.04124,19.741241,18.441242,17.54124,16.141241,15.241241,15.141241,15.241241,15.241241,14.241241,13.541242,12.941241,9.341242,9.041243,6.2412424,5.2412424,4.2412424,3.5412421,6.141242,6.541242,6.141242,6.641242,7.541242,9.541243,10.541243,12.341242,13.441241,13.841242,14.241241,14.741241,14.741241,13.941241,13.441241,12.841242,12.041243,11.041243,11.341242,11.741242,11.741242,10.541243,9.341242,9.941242
6.3412423,6.541242,7.041242,7.441242,7.441242,7.941242,8.641242,9.841242,11.741242,12.941241,13.341242,13.941241,15.241241,15.841242,18.04124,20.641241,21.54124,20.341242,19.841242,20.04124,19.54124,19.841242,19.441242,17.441242,16.141241,15.741241,15.241241,14.041242,13.241241,13.241241,11.341242,8.741242,7.541242,5.141242,5.041242,5.2412424,5.8412423,4.941242,4.541242,4.441242,4.941242,5.541242,6.3412423,8.341242,11.641242,12.441242,12.641242,12.441242,12.541243,13.241241,12.241242,10.441242,9.841242,10.341242,10.741242,12.141242,13.741241,12.941241,11.341242,10.141242,10.441242
5.941242,6.3412423,6.8412423,7.441242,8.241242,9.041243,10.541243,12.341242,13.241241,13.841242,14.141241,14.941241,17.141241,20.741241,22.04124,21.54124,20.341242,19.841242,18.941242,18.04124,18.241241,18.741241,18.141241,16.741241,15.741241,15.441241,15.041242,13.741241,13.041242,13.441241,10.941242,8.341242,5.941242,5.141242,6.3412423,5.041242,4.2412424,3.7412422,3.7412422,4.141242,4.8412423,5.141242,5.541242,6.2412424,9.641242,11.041243,11.241242,11.041243,11.741242,12.741242,11.841242,9.941242,9.441242,9.241242,9.441242,11.041243,14.541242,14.941241,11.941242,11.241242,10.741242
6.2412424,6.941242,8.041243,9.341242,10.841242,11.941242,13.141241,14.241241,14.641241,14.141241,16.941242,20.141241,22.04124,21.341242,20.641241,19.441242,19.641241,19.04124,17.641241,16.741241,16.741241,16.841242,16.04124,15.541242,15.441241,15.441241,14.841242,13.041242,12.841242,13.641241,10.641242,7.941242,5.041242,6.641242,5.441242,4.041242,3.6412423,3.6412423,3.9412422,4.641242,5.2412424,5.541242,5.941242,6.441242,6.7412424,8.941242,10.541243,10.941242,11.541243,11.941242,11.841242,11.041243,9.841242,9.041243,8.541243,8.841242,12.241242,15.741241,14.641241,13.241241,11.441242
11.141242,12.441242,12.641242,12.341242,12.741242,13.341242,14.041242,15.541242,16.141241,19.441242,19.241241,18.141241,18.341242,18.141241,18.641241,18.54124,17.441242,18.141241,17.241241,15.741241,14.541242,13.941241,14.341242,14.341242,14.441241,14.041242,12.941241,11.741242,12.541243,13.741241,10.241242,7.641242,4.941242,6.941242,4.541242,3.8412423,3.7412422,3.9412422,4.541242,5.041242,5.641242,5.8412423,6.7412424,6.8412423,7.2412424,7.2412424,7.7412424,8.241242,9.241242,10.541243,11.141242,10.841242,10.141242,9.941242,9.941242,9.141242,9.441242,13.541242,16.841242,15.941241,12.041243
15.541242,14.541242,14.241241,13.541242,13.441241,15.141241,16.841242,18.141241,18.641241,18.841242,18.341242,19.04124,17.04124,16.241241,17.841242,18.241241,17.241241,13.041242,14.841242,14.441241,13.341242,13.741241,14.041242,13.941241,12.741242,11.341242,10.841242,12.141242,13.141241,13.741241,9.841242,7.441242,5.041242,6.8412423,4.441242,4.141242,4.141242,4.441242,4.941242,5.3412423,6.041242,6.641242,6.7412424,7.041242,7.141242,7.641242,8.441242,9.041243,9.241242,8.941242,8.941242,9.641242,9.741242,8.941242,8.741242,8.641242,8.341242,9.941242,14.941241,17.54124,14.341242
13.541242,14.041242,16.04124,18.241241,19.341242,19.54124,18.341242,18.741241,19.941242,20.241241,17.841242,16.141241,15.941241,14.541242,14.241241,14.241241,14.341242,14.341242,13.841242,11.541243,9.141242,9.541243,12.141242,9.241242,9.941242,11.141242,12.041243,12.541243,13.241241,13.241241,9.441242,7.3412423,4.7412424,7.141242,4.641242,4.3412423,4.2412424,4.541242,5.041242,5.441242,5.8412423,5.941242,6.141242,6.141242,6.2412424,6.8412423,7.541242,8.041243,8.241242,8.941242,8.841242,7.541242,7.3412423,7.8412423,7.941242,8.141242,7.441242,8.041243,11.141242,16.641241,17.741241
16.141241,17.741241,19.641241,19.841242,19.04124,19.341242,21.241241,18.341242,16.441242,14.741241,13.641241,12.141242,11.341242,11.641242,11.841242,10.841242,11.341242,13.541242,15.141241,13.241241,11.241242,13.141241,13.941241,14.141241,11.241242,8.841242,12.641242,13.741241,13.441241,12.841242,9.841242,7.641242,4.641242,7.441242,5.541242,4.441242,4.441242,4.541242,4.641242,5.141242,5.3412423,5.541242,5.441242,5.541242,5.3412423,5.541242,5.7412424,5.641242,6.3412423,7.141242,6.941242,6.3412423,6.2412424,6.641242,7.041242,7.2412424,7.2412424,7.3412423,8.041243,14.141241,18.341242
20.04124,21.54124,20.441242,21.141241,21.841242,22.741241,17.641241,14.641241,11.241242,8.841242,6.041242,4.541242,5.041242,5.3412423,6.7412424,8.341242,11.241242,12.641242,12.841242,11.241242,13.641241,14.841242,14.041242,11.641242,12.041243,7.641242,8.241242,13.941241,13.441241,12.941241,11.041243,7.8412423,5.3412423,6.141242,7.641242,4.8412423,4.8412423,5.141242,5.941242,6.441242,6.641242,6.7412424,6.641242,6.541242,6.141242,6.141242,5.941242,5.641242,5.7412424,5.941242,6.941242,7.041242,6.3412423,6.141242,6.541242,6.7412424,6.941242,7.541242,7.3412423,10.141242,16.741241
21.741241,21.241241,21.341242,20.241241,18.841242,19.441242,14.241241,5.441242,5.641242,12.341242,8.241242,9.441242,11.141242,14.141241,10.741242,11.441242,11.641242,12.541243,12.541243,11.341242,13.041242,14.741241,14.741241,11.641242,11.541243,10.341242,8.241242,11.241242,14.641241,13.641241,12.941241,10.741242,6.441242,5.041242,7.2412424,7.541242,5.7412424,6.141242,6.641242,7.041242,7.2412424,7.141242,7.141242,7.441242,6.8412423,6.441242,6.2412424,6.541242,6.3412423,6.141242,6.7412424,7.441242,7.8412423,7.441242,6.3412423,6.3412423,6.941242,7.441242,6.541242,7.641242,13.841242
26.941242,25.241241,21.441242,16.241241,15.041242,18.741241,7.7412424,6.141242,16.54124,16.241241,18.141241,18.141241,17.54124,17.841242,16.54124,11.741242,13.241241,12.941241,13.441241,13.641241,13.741241,15.141241,12.841242,11.941242,10.341242,9.541243,10.541243,13.941241,15.441241,15.441241,14.241241,12.541243,8.341242,5.8412423,4.541242,6.441242,8.441242,7.941242,7.441242,7.641242,7.3412423,7.2412424,6.2412424,6.2412424,6.541242,6.941242,7.3412423,7.3412423,7.641242,8.141242,8.241242,8.541243,8.341242,8.041243,7.441242,6.641242,6.8412423,7.3412423,6.3412423,7.3412423,10.441242
24.441242,23.341242,22.941242,18.641241,24.741241,23.641241,15.641241,9.641242,14.041242,18.841242,15.641241,13.241241,14.441241,17.54124,17.841242,18.54124,15.541242,8.441242,9.341242,9.641242,11.741242,14.141241,12.841242,13.441241,12.441242,12.241242,12.141242,14.341242,15.741241,17.941242,15.741241,13.941241,11.741242,7.141242,4.7412424,6.441242,7.441242,9.041243,9.341242,8.741242,4.041242,5.041242,5.141242,6.041242,7.2412424,7.941242,8.241242,8.841242,10.041243,9.941242,10.041243,8.841242,7.2412424,7.441242,7.2412424,7.641242,7.641242,8.041243,6.7412424,9.441242,9.841242
17.641241,18.04124,18.841242,25.04124,26.741241,27.241241,23.341242,20.441242,17.841242,15.841242,19.341242,16.141241,14.641241,10.941242,14.941241,16.941242,17.941242,17.441242,11.541243,6.541242,6.641242,8.541243,9.941242,7.641242,9.341242,10.241242,10.341242,13.141241,16.941242,16.54124,17.441242,16.141241,14.841242,12.341242,7.441242,5.941242,7.541242,7.941242,8.541243,9.241242,11.141242,8.641242,3.5412421,1.6412423,4.441242,5.2412424,5.141242,7.3412423,11.641242,11.041243,10.341242,8.841242,8.741242,8.441242,8.941242,9.041243,9.141242,8.541243,7.8412423,8.941242,11.441242
24.441242,21.441242,19.841242,23.141241,24.441242,23.741241,21.641241,18.441242,16.741241,10.941242,19.641241,16.941242,16.441242,12.141242,9.941242,13.141241,13.741241,14.541242,15.441241,14.941241,8.641242,7.441242,9.241242,7.141242,6.7412424,10.241242,11.541243,13.441241,16.341242,17.54124,16.941242,17.341242,17.04124,14.941241,12.241242,11.241242,10.141242,8.841242,9.041243,9.541243,11.241242,11.341242,10.441242,7.041242,6.641242,5.441242,3.0412421,1.7412422,7.8412423,13.441241,12.341242,11.641242,11.841242,11.741242,11.341242,11.641242,10.741242,10.541243,10.541243,10.841242,11.641242
16.741241,19.441242,20.741241,21.141241,23.941242,23.241241,20.941242,17.241241,16.141241,14.841242,16.141241,17.341242,18.54124,19.641241,18.141241,12.241242,10.341242,11.141242,15.241241,14.741241,10.041243,6.141242,8.741242,11.441242,11.241242,12.141242,13.641241,15.641241,16.441242,15.641241,14.441241,13.441241,10.541243,8.841242,7.641242,8.441242,7.941242,8.341242,8.741242,6.941242,6.541242,2.8412423,4.041242,2.9412422,2.5412421,4.8412423,6.141242,4.941242,2.9412422,8.041243,13.241241,15.641241,14.541242,14.241241,13.041242,12.441242,12.341242,11.741242,12.641242,12.341242,12.841242
16.54124,17.141241,19.441242,19.741241,20.54124,22.941242,19.241241,17.141241,17.741241,12.441242,16.04124,18.641241,19.441242,17.341242,17.341242,18.141241,10.741242,13.941241,14.041242,14.341242,10.441242,6.041242,8.441242,15.441241,15.541242,14.541242,14.541242,13.841242,14.541242,10.241242,9.641242,8.741242,9.741242,8.541243,10.341242,7.641242,7.3412423,5.441242,4.3412423,3.5412421,2.5412421,2.2412422,2.5412421,2.5412421,3.9412422,2.1412423,1.8412422,7.141242,8.741242,9.941242,14.141241,14.141241,16.04124,14.141241,13.441241,13.541242,13.241241,14.241241,15.541242,16.54124,16.441242
16.841242,17.441242,18.54124,19.641241,20.241241,19.641241,17.741241,16.941242,15.341242,11.241242,12.141242,16.641241,19.941242,16.341242,14.841242,17.741241,14.041242,15.241241,14.241241,14.141241,14.341242,12.341242,8.941242,13.241241,14.341242,14.941241,12.941241,12.241242,11.741242,8.741242,7.541242,7.441242,8.741242,9.341242,9.141242,9.041243,7.2412424,5.441242,5.141242,5.941242,4.541242,2.2412422,2.8412423,2.7412422,2.4412422,5.041242,3.1412423,6.641242,7.041242,10.141242,15.241241,14.941241,16.741241,16.54124,16.941242,14.741241,15.741241,18.441242,19.141241,20.04124,18.641241
16.04124,16.241241,16.741241,17.441242,16.941242,15.941241,16.441242,15.841242,13.441241,11.741242,13.641241,19.741241,22.241241,14.441241,12.041243,11.541243,12.541243,13.941241,14.141241,15.241241,16.54124,17.841242,10.341242,12.141242,14.441241,13.941241,11.941242,10.741242,9.941242,9.741242,7.641242,6.041242,6.041242,8.241242,8.241242,6.041242,7.041242,6.541242,6.941242,8.441242,7.441242,5.441242,4.3412423,2.3412423,2.1412423,6.141242,6.441242,6.3412423,5.441242,13.941241,16.241241,16.241241,19.04124,18.141241,17.241241,15.441241,15.141241,9.341242,14.341242,17.941242,17.441242
14.041242,14.541242,14.441241,14.141241,12.441242,11.241242,9.741242,9.041243,9.941242,10.341242,16.741241,19.04124,24.741241,19.241241,15.541242,16.341242,17.54124,15.241241,13.441241,14.441241,15.041242,15.441241,12.741242,11.841242,14.241241,13.941241,12.341242,10.541243,10.541243,8.641242,4.941242,10.741242,5.141242,6.941242,4.7412424,13.441241,11.641242,9.441242,9.941242,9.341242,9.341242,7.041242,6.2412424,6.441242,7.141242,3.6412423,5.641242,4.041242,6.2412424,7.541242,10.541243,17.741241,18.04124,19.54124,20.141241,16.441242,7.641242,10.541243,8.941242,6.8412423,16.04124
