wind-weather/data/weather/current/current-wind-isobaric-1000hPa-gfs-1.0.json
{"header": {"discipline":0,"disciplineName":"Meteorologicalproducts","gribEdition":2,"gribLength":75266,"center":7,"centerName":"USNationalWeatherService-NCEP(WMC)","subcenter":0,"refTime":"2017-11-24T12:00:00.000Z","significanceOfRT":0,"significanceOfRTName":"Analysis","productStatus":0,"productStatusName":"Operationalproducts","productType":0,"productTypeName":"Analysisproducts","productDefinitionTemplate":0,"productDefinitionTemplateName":"Analysis/forecastathorizontallevel/layeratapointintime","parameterCategory":2,"parameterCategoryName":"Momentum","parameterNumber":2,"parameterNumberName":"U-component_of_wind","parameterUnit":"m.s-1","genProcessType":0,"genProcessTypeName":"Analysis","forecastTime":0,"surface1Type":100,"surface1TypeName":"Isobaricsurface","surface1Value":100000.0,"surface2Type":255,"surface2TypeName":"Missing","surface2Value":0.0,"gridDefinitionTemplate":0,"gridDefinitionTemplateName":"Latitude_Longitude","numberPoints":65160,"shape":6,"shapeName":"Earthsphericalwithradiusof6,371,229.0m","gridUnits":"degrees","resolution":48,"winds":"true","scanMode":0,"nx":360,"ny":181,"basicAngle":0,"lo1":0.0,"la1":90.0,"lo2":359.0,"la2":-90.0,"dx":1.0,"dy":1.0}, "data":
[rows 78 to 103 of 181, columns 57 to 113 of 360]
-1.7755225,-2.5155225,-4.7055225,-5.6455226,-5.9455223,-5.9755225,-6.2655225,-5.8555226,-5.3855224,-4.9155226,-4.775522,-4.4455223,-4.1255226,-3.2655225,-1.9255224,-0.42552245,1.1144775,3.6044776,5.1344776,-1.2755225,-1.3555225,-2.4355226,-3.0755224,-6.3755226,-4.2555223,-3.9355226,-4.2655225,-4.2055225,-3.3955224,-4.9055223,-4.2955227,-4.4455223,-5.4955225,-5.5355225,-4.2655225,-4.2355223,-5.0855227,-5.3355227,-4.8655224,-2.9955225,-1.5055225,-5.8555226,-0.5055225,-0.68552244,0.27447754,-5.7655225,-1.1355225,0.30447754,-4.5055223,-0.05552246,-0.97552246,-0.53552246,-0.6355225,-6.1855226,-6.8355227,-6.2155223,-7.3055224
-2.3155224,-0.71552247,-5.0155225,-5.2555223,-6.1555223,-6.3455224,-6.275522,-5.9955225,-5.5455227,-5.0755224,-4.5955224,-3.9255226,-2.9855225,-1.9355224,-0.80552244,0.25447753,1.1144775,2.7844775,5.0044775,2.9444776,-2.3755224,-3.5155225,-4.525522,-4.9955225,-4.3155227,-3.8955224,-3.5855224,-3.2855225,-3.0355225,-3.3555224,-3.1055224,-5.3355227,-6.4355226,-5.5055223,-4.4655223,-5.0555224,-5.9255223,-6.1055226,-5.1555223,-3.5955224,-3.1155224,-4.4055223,-2.0555224,-5.8155227,-2.4555225,2.1544776,-1.6155225,-2.3855224,-5.9055223,-3.8755224,-0.06552246,-4.0555224,-9.305523,-7.8755226,-7.3755226,-7.2955227,-7.6455226
-2.6055224,-1.6355225,-4.0055223,-4.9955225,-5.6255226,-5.9255223,-6.1455226,-5.8455224,-5.025522,-4.8755226,-4.2955227,-3.1155224,-2.4555225,-2.4055223,-1.9455224,-1.3555225,-0.41552246,1.1444775,3.4644775,6.0844774,-0.12552246,-3.3355224,-5.9055223,-5.0455227,-4.6555223,-4.0555224,-3.0355225,-2.0255225,-1.4255224,-2.2855225,-1.6455225,-5.2655225,-7.7655225,-5.4555225,-5.5055223,-5.6555223,-5.8355227,-6.3255224,-5.9655223,-3.9755225,-4.2255225,-9.685522,-2.3255224,-6.3655224,-3.4655225,-0.09552246,-0.5855225,-6.7655225,-5.8655224,-5.8455224,-14.185522,-13.285522,-9.715523,-8.365522,-7.7855225,-7.7655225,-8.215523
-2.9155226,-2.7355225,-3.2755225,-4.3455224,-4.9755225,-5.4255223,-5.3855224,-5.1655226,-4.0755224,-3.8755224,-3.5355225,-2.7155225,-1.9755225,-1.6155225,-1.6255225,-1.3755225,-0.78552246,-0.07552246,1.6844776,5.5244775,0.25447753,-4.3355227,-7.1355224,-5.0155225,-3.5555224,-3.4455225,-3.2755225,-0.30552247,-0.86552244,-1.3255224,-0.8355225,-3.4255226,-7.525522,-7.5355225,-7.2155223,-5.2855225,-5.5355225,-5.4555225,-5.4655223,-3.6055224,-1.4055225,-1.9955225,-2.1255224,-1.7955225,-2.7355225,-3.6955225,-5.6255226,-4.1555223,-6.9655223,-11.485522,-11.255523,-10.405522,-9.2455225,-9.055523,-7.4655223,-7.9555225,-7.9655223
-2.5055225,-3.6855226,-3.3055224,-3.9355226,-3.6455224,-4.9055223,-4.7655225,-4.4055223,-3.6755226,-2.7655225,-2.8955224,-2.2755225,-1.6655225,-1.2255225,-1.2055224,-1.3055224,-1.0755224,-0.26552245,1.0244775,3.4344776,7.0244775,-7.6155224,-5.5155225,-3.1555223,-3.2255225,-1.6755224,-0.5255225,4.3544774,-2.2155225,2.7544775,1.0244775,-0.46552247,-4.1655226,-7.9155226,-6.7355223,-7.6855226,-4.6155224,-4.025522,-6.1455226,-4.4655223,-2.8455224,-4.9955225,-5.8355227,-3.5155225,-5.2055225,-5.4955225,-5.1555223,-9.625523,-10.215523,-10.235522,-9.825522,-9.595523,-9.035522,-8.935522,-7.9255223,-7.0655227,-9.055523
-3.9855225,-3.3055224,-2.9855225,-3.9155226,-3.6455224,-3.5855224,-3.4555225,-3.3355224,-2.9155226,-2.6155224,-2.3555224,-1.6955224,-0.99552244,-0.93552244,-1.4355224,-1.9855225,-2.0255225,-1.4355224,-1.2455225,-0.9455225,-5.8055224,-5.5055223,-3.8755224,-3.1755226,-0.15552247,0.82447755,2.8844776,4.5544777,7.4544773,1.8144776,0.07447754,0.19447754,0.82447755,-4.3355227,-3.1355224,-6.3055224,-6.3555226,-5.7455225,-6.8755226,-6.8855224,-6.5155225,-6.1155224,-8.815522,-2.6055224,-6.6555223,-7.5755224,-8.895522,-10.075522,-9.185522,-9.075522,-9.125523,-8.825522,-8.595523,-8.365522,-7.025522,-7.0555224,-7.7255225
-3.0455225,-3.5355225,-2.3855224,-1.3055224,-3.9055223,-3.2755225,-2.9355226,-2.6555223,-2.2855225,-2.0955224,-1.9455224,-2.0555224,-1.5755224,-0.98552245,-1.2655225,-2.0555224,-2.1455224,-2.4355226,-3.2155225,-4.1855226,-5.1855226,-4.5655227,-2.8055224,-1.9455224,-3.0655224,0.26447755,1.5844775,4.2844777,7.7544775,4.5044775,1.4744775,3.3644776,5.3144774,4.2444777,3.5744774,3.4744775,-0.5255225,-4.6755223,-5.9055223,-5.4355226,-7.2655225,-7.0155225,-6.4955225,-7.8355227,-1.5755224,0.39447755,-5.5055223,-8.175523,-7.4155226,-6.6655226,-7.1955223,-7.1155224,-6.8255224,-7.2355223,-6.4155226,-6.4755225,-7.0355225
-3.0855224,-2.9755225,-2.3755224,-1.3755225,-2.6355224,-2.7155225,-2.4455225,-2.0055225,-1.6855224,-1.6355225,-1.5855224,-2.3655224,-2.6855226,-2.1255224,-1.7755225,-2.0055225,-1.8955225,-2.4955225,-4.5755224,-5.1455226,-4.4155226,-3.3355224,-3.1655226,-3.5655224,-4.9355226,-1.9155225,1.1044775,3.9544775,7.8944774,9.5044775,6.8244777,6.1644773,7.9044776,6.7344775,6.1844773,7.7344775,6.8944774,8.534477,2.0044775,1.9144776,-1.6355225,-4.8955226,-2.0755224,-0.045522463,-0.41552246,0.09447754,0.71447754,-6.0755224,-4.7855225,-4.6155224,-4.4055223,-4.7155223,-5.025522,-6.3155227,-6.3955226,-6.6355224,-4.5755224
-2.9855225,-1.8255224,-2.2655225,-1.4755225,-1.8655225,-1.4155225,-0.43552247,-0.12552246,-0.8855225,-0.72552246,-0.24552245,-2.1355224,-2.5455225,-3.0355225,-1.6755224,-0.9555225,-2.2155225,-5.3655224,-6.1655226,-5.7955227,-4.5455227,-2.2555225,0.87447757,-0.8255225,-1.9755225,-0.27552247,1.6744776,4.4144773,7.1444774,9.234478,9.264478,8.554478,9.564478,8.634478,9.194477,6.3144774,8.624477,8.024478,7.2544775,2.9644775,1.7344775,-0.16552246,-0.15552247,-0.56552243,1.2344775,0.7444775,0.17447753,-3.4055223,-3.5355225,-2.9555225,-3.0755224,-1.0955224,-3.7655225,-4.5455227,-3.1855226,-0.87552243,0.9844775
-2.6255224,-1.0655224,-0.45552245,0.22447754,1.4344776,2.4944775,2.3844776,1.8044776,1.3244776,1.0644776,1.4744775,0.21447754,-1.6355225,-1.9855225,-2.1755226,-2.0755224,-1.3255224,-2.4255226,-4.5855227,-5.0055223,-2.6855226,-0.20552246,2.3544776,-0.54552245,-0.38552245,2.1444776,3.8444777,4.6144776,5.7844777,7.0644774,8.804478,8.204477,10.144478,9.244477,8.274478,9.124477,8.054478,7.7744775,7.8044777,4.9244776,-1.1755224,0.29447755,-0.14552246,0.09447754,0.76447755,-1.5755224,-0.09552246,-3.7555225,-3.8355224,-2.3855224,-3.2055225,-2.7855225,-3.2355225,-0.7755225,0.68447757,2.3244774,1.3344775
-1.4555224,-1.2355225,0.6144775,2.0444775,2.8544776,2.9444776,3.6644776,3.1044776,3.3144774,3.0244775,3.2144775,2.6144776,0.58447754,-0.41552246,0.68447757,-0.13552245,-0.20552246,0.81447756,3.6844776,3.8844776,2.2544775,2.5044775,0.56447756,-0.29552245,0.14447755,0.23447753,3.8744776,6.5044775,8.584477,10.044477,10.914477,9.814478,8.514478,9.404477,9.334477,8.664477,8.0044775,8.314478,9.144478,7.5944777,2.0744774,-1.0355225,0.7344775,-0.36552247,-0.43552247,-5.2555223,-0.86552244,-0.46552247,-2.7155225,-2.2255225,-1.5755224,-1.9655224,-3.5055225,1.1544776,1.8844775,1.4044776,1.3144776
0.42447755,0.89447755,1.6644776,2.3944776,2.9444776,3.5744774,3.3644776,4.2344775,4.5744777,3.9644775,3.4944775,3.9444776,4.7944775,4.7344775,3.4144776,3.8044775,3.6244776,3.9044776,5.2544775,6.2044773,5.5844774,5.2644777,5.6244774,6.0344777,5.6444774,6.6944776,7.7644777,9.204477,11.034477,12.064478,11.144478,10.594478,9.854478,9.524478,9.444477,9.164477,8.074477,8.494477,9.194477,8.374477,6.9144773,0.81447756,-2.1555223,0.33447754,-0.19552246,-1.0955224,-1.0455225,-0.93552244,-1.3255224,-0.8955225,0.21447754,-0.19552246,-0.67552245,1.0444776,1.3444775,-0.45552245,0.42447755
0.94447756,1.6944776,2.1444776,2.5444775,3.0544775,3.7544775,4.6544776,4.3944774,4.8444777,5.2744775,4.4144773,5.1044774,5.0644774,5.3644776,5.2844777,5.3044777,4.7944775,5.1044774,6.4144773,6.6444774,7.2844777,7.1044774,7.0144777,7.3544774,7.8344774,8.714478,8.784477,9.494477,10.554478,10.824477,9.834477,9.014478,8.244477,8.274478,7.9444776,8.734478,8.874477,8.524478,8.824477,8.584477,8.674478,6.7444777,0.09447754,-0.65552247,0.71447754,-1.0255225,-1.9955225,-0.71552247,1.0144775,0.76447755,2.1544776,2.5344775,0.69447756,2.4444776,1.4144776,0.42447755,-0.15552247
1.4444776,2.3144774,2.7544775,3.0844774,3.5144775,4.0244775,4.6344776,4.8744774,4.974478,5.5244775,5.724478,5.4044776,5.5944777,5.6944776,5.724478,5.7744775,6.0444775,6.2644777,6.8144774,6.6844773,7.1844773,7.4244776,7.7044773,7.9244776,8.294477,8.844478,9.324477,8.664477,8.694477,8.394478,7.4844775,6.9344773,6.9544773,6.1844773,6.5544777,6.7344775,7.5844774,8.844478,8.394478,8.484478,8.414477,7.4444776,4.3744774,-0.09552246,1.2844776,-0.39552248,0.28447753,-1.0755224,2.3744776,2.9844775,4.4244776,3.5744774,4.1644773,1.3944775,1.0644776,1.1544776,-1.0655224
1.9344776,2.9444776,3.7244775,4.1444774,4.3844776,4.6744776,4.9944777,5.0444775,5.2644777,5.7444777,6.2044773,6.3744774,6.5744777,6.6144776,6.3844776,5.9144773,6.1744776,6.6044774,7.1244774,6.7944775,6.7844777,7.1544776,7.1844773,7.0844774,8.014478,7.4244776,6.0344777,6.2344775,7.2144775,7.2644777,6.6444774,6.3144774,6.2444777,5.724478,6.0344777,5.8244777,5.9544773,7.5544777,8.354478,8.5044775,8.054478,8.7544775,6.7444777,0.22447754,-1.8455224,1.0244775,-0.48552245,1.3144776,3.3844776,1.1544776,5.8044777,5.1144776,1.2144775,6.1544776,1.8744775,0.9244775,-1.0355225
2.8644776,3.6844776,4.4944777,5.0044775,4.8744774,4.8244777,5.1344776,5.3044777,5.3044777,5.8044777,6.4144773,6.7844777,6.8944774,6.3744774,6.1244774,5.8744774,6.3944774,6.3244777,6.7544775,5.974478,6.7944775,5.8044777,6.724478,7.5044775,6.2444777,3.9844775,4.8744774,5.5144777,5.7844777,5.6944776,5.2844777,5.0644774,5.1444774,4.5044775,5.3544774,5.4044776,5.8944774,7.3144774,6.9844775,5.7744775,6.4144773,7.3044777,6.2844777,3.1944776,2.5544775,-0.6355225,0.35447752,0.8044775,1.1344775,4.7044773,3.1544776,0.7244775,1.1844776,5.3844776,4.2344775,1.9344776,0.57447755
3.5644774,4.2844777,5.2344775,5.6144776,5.0544777,4.6844773,4.5344777,4.9144773,5.3644776,6.0244775,6.6144776,6.9444776,6.4044776,5.8544774,6.1044774,5.7844777,5.3744774,7.6644773,7.3944774,5.8244777,6.2944775,5.5844774,6.4244776,5.2344775,2.4944775,3.2344775,4.0944777,3.4344776,3.6944776,3.9744775,3.7244775,2.9344776,2.8544776,1.8844775,3.2644775,3.9944775,6.7044773,8.384478,5.8344774,2.7244775,2.8444777,3.9644775,4.5344777,4.1844773,5.3444777,5.9244776,1.5844775,0.56447756,2.7644775,6.4344773,4.0444775,4.7844777,6.3644776,7.0744777,8.714478,7.6544776,7.7944775
3.8544776,4.5744777,4.9044776,4.8844776,4.3944774,4.4244776,4.4344773,4.2644777,5.3744774,6.1344776,6.6544776,7.4444776,6.7944775,7.4344773,7.1644773,6.3344774,5.4244776,7.3344774,6.8144774,5.224478,5.6444774,4.7744775,3.9844775,2.1744776,1.7844776,2.5344775,2.6144776,2.2044775,2.2044775,1.5744776,-0.54552245,-0.54552245,-0.7055225,-0.53552246,-1.2355225,2.6044776,1.6644776,-1.5655224,-1.0255225,-1.6355225,0.38447753,0.31447753,1.5244775,2.8844776,2.5744774,3.0144775,3.4244776,0.75447756,0.69447756,3.5144775,6.6744776,5.6844773,5.2844777,7.4544773,9.574477,7.8044777,7.8144774
2.8644776,2.3844776,2.4144776,2.1844776,1.8744775,2.2344775,2.9544775,3.3344774,4.7544775,6.0144777,7.1344776,7.7644777,8.054478,7.9844775,7.1844773,5.2644777,6.3644776,6.3944774,6.0444775,5.7644777,3.9944775,2.1944776,0.17447753,-0.47552246,0.24447754,0.18447754,-0.33552247,-0.26552245,1.2044775,-1.9555224,-2.9555225,-3.3755224,-3.8255224,-5.3155227,-3.8955224,-5.275522,-6.1055226,-7.9655223,-6.7955227,-3.7255225,-2.8855224,-1.8555225,-2.5355225,-1.6855224,-1.8455224,-0.6455225,1.4444776,3.8844776,5.6644773,4.3944774,10.224478,5.3444777,2.1944776,3.0444775,5.0944777,4.9444776,6.724478
0.6644775,0.40447754,0.5444775,0.35447752,0.40447754,0.89447755,1.7344775,3.1244776,4.6144776,6.3544774,7.224478,7.8744774,8.674478,8.784477,6.8244777,6.6644773,5.8744774,5.5144777,5.1844773,4.6244774,0.13447754,-1.4655224,-2.2055225,-2.0555224,-2.4655225,-3.4755225,-4.3355227,-2.9455225,-2.6655226,-4.4355226,-5.2155223,-5.025522,-4.9455223,-5.1355224,-6.3255224,-7.3855224,-7.6955223,-7.7455225,-7.4755225,-6.9155226,-5.9455223,-5.4555225,-5.025522,-3.8255224,-2.5255225,-0.41552246,1.6144775,2.8344774,3.1344776,1.6644776,1.9644775,-0.8255225,1.4944775,0.69447756,1.3544775,0.38447753,1.7444775
-0.32552245,-0.9455225,-1.4055225,-0.7655225,-0.45552245,-0.23552246,0.8044775,2.6444776,4.4544773,5.8444777,7.0344777,7.5244775,7.6044774,8.094478,7.2544775,5.7644777,4.3544774,4.5344777,3.2944775,0.58447754,-2.7155225,-3.4655225,-3.3155224,-3.8355224,-3.9755225,-5.4855223,-4.525522,-3.9255226,-4.3755226,-6.1855226,-6.3355227,-5.4755225,-6.3755226,-6.2355223,-7.1155224,-7.1455226,-7.4555225,-7.0955224,-7.0355225,-7.2355223,-7.0555224,-6.1955223,-4.7455225,-3.5855224,-2.2255225,-0.9455225,0.53447753,2.2444775,3.1244776,3.8944776,6.3344774,6.6544776,6.7344775,6.1744776,0.16447754,1.0644776,-0.025522461
-2.3055224,-1.6955224,-1.4255224,-1.1755224,-1.1755224,-0.78552246,0.68447757,2.2844775,3.4844775,4.3544774,4.5944777,4.8144774,2.8244774,3.5044775,3.7144775,1.9844775,2.0244775,0.87447757,-3.0255225,-3.9255226,-5.1755223,-4.2855225,-4.3255224,-4.9955225,-5.1555223,-5.1055226,-5.0655227,-4.5055223,-5.7355223,-6.4455223,-6.5355225,-5.8555226,-6.1955223,-7.0155225,-7.1755223,-6.6255226,-6.4555225,-6.6055226,-6.6655226,-6.7655225,-6.6155224,-5.6855226,-4.5855227,-3.7155225,-2.4655225,-1.1255225,-0.34552246,0.69447756,1.7844776,3.2244775,3.8044775,3.1944776,6.9644775,8.534477,5.4544773,9.654477,3.2644775
-2.9355226,-2.0155225,-1.2155224,-0.92552245,-0.96552247,-0.42552245,0.58447754,1.2744775,2.0044775,2.6644776,1.6844776,0.6744775,-0.36552247,-1.4455224,-2.1455224,-4.3955226,-2.8455224,-6.9055223,-6.3255224,-6.9955225,-6.2155223,-4.8855224,-4.7455225,-5.6655226,-5.3055224,-5.5155225,-5.5855227,-5.8255224,-6.4155226,-6.775522,-6.4555225,-6.5655227,-6.3955226,-6.7955227,-7.0155225,-6.5755224,-5.9955225,-5.8855224,-6.0855227,-6.4155226,-6.3255224,-5.5555224,-4.525522,-3.7655225,-2.6755226,-2.2255225,-1.3255224,0.06447754,1.0944775,2.2544775,2.2344775,3.2044775,2.4644775,0.53447753,-1.4855225,4.1444774,2.1644776
-2.8655224,-2.5155225,-2.3255224,-1.6955224,-2.0655224,-1.1655225,-0.5855225,0.07447754,0.48447755,-0.045522463,-2.6355224,-3.8755224,-3.2255225,-4.9855223,-7.1555223,-7.8055224,-8.635523,-8.255523,-7.6055226,-6.4655223,-5.6255226,-4.6955223,-5.8755226,-5.6455226,-5.4655223,-5.5655227,-6.3555226,-7.1155224,-7.0855227,-7.0355225,-6.9255223,-6.7155223,-6.6455226,-6.9655223,-6.5355225,-6.2055225,-5.8455224,-5.4455223,-5.8455224,-6.4355226,-6.3855224,-5.6755223,-4.3055224,-3.6055224,-3.2655225,-2.6255224,-1.7055224,-0.7755225,0.09447754,1.0744776,1.3944775,1.2144775,-0.6455225,-4.7155223,-5.3155227,-1.2455225,-0.48552245
-2.9455225,-3.0655224,-2.9455225,-2.4255226,-2.7955225,-2.1655226,-2.2755225,-1.5755224,-2.2555225,-3.4855225,-6.1455226,-5.8055224,-6.9655223,-8.505523,-8.095523,-7.6255226,-8.575522,-7.4055223,-6.2555223,-5.4755225,-5.4755225,-4.9955225,-7.6755223,-6.0355225,-5.5955224,-5.8955226,-6.6255226,-7.1255226,-7.1455226,-7.1055226,-7.1855226,-7.0855227,-6.7455225,-6.9555225,-7.0055223,-5.6555223,-5.4255223,-5.4455223,-6.1455226,-6.7055225,-6.0855227,-5.1755223,-4.0755224,-3.9955225,-3.5155225,-3.0455225,-2.4255226,-1.5955224,-0.7055225,-0.26552245,-0.35552245,-0.67552245,-2.4755225,-4.3355227,-5.4155226,-3.7855225,-1.9355224
-3.2955225,-2.8355224,-3.2155225,-2.8655224,-3.2255225,-3.6055224,-4.5555224,-4.5455227,-5.2555223,-5.9555225,-7.6955223,-7.6055226,-7.8355227,-8.295523,-7.5155225,-7.7955227,-7.6355224,-6.2955227,-5.2655225,-4.9355226,-4.9655223,-7.6555223,-7.3055224,-6.4155226,-5.9555225,-6.4755225,-7.2155223,-7.4655223,-7.275522,-7.1855226,-7.2955227,-7.6355224,-7.5855227,-7.2655225,-6.5355225,-5.7455225,-5.2555223,-5.3655224,-5.775522,-6.0655227,-5.4655223,-4.6955223,-4.1455226,-3.7755225,-3.6255224,-3.5055225,-2.9455225,-2.1655226,-1.4155225,-1.4855225,-1.5755224,-1.8555225,-2.2255225,-4.0555224,-5.0655227,-4.3055224,-3.4055223
