wind-weather/data/weather/current/current-temp-isobaric-10hPa-gfs-1.0.json
{"header": {"discipline":0,"disciplineName":"Meteorologicalproducts","gribEdition":2,"gribLength":19481,"center":7,"centerName":"USNationalWeatherService-NCEP(WMC)","subcenter":0,"refTime":"2017-11-24T12:00:00.000Z","significanceOfRT":0,"significanceOfRTName":"Analysis","productStatus":0,"productStatusName":"Operationalproducts","productType":0,"productTypeName":"Analysisproducts","productDefinitionTemplate":0,"productDefinitionTemplateName":"Analysis/forecastathorizontallevel/layeratapointintime","parameterCategory":0,"parameterCategoryName":"Temperature","parameterNumber":0,"parameterNumberName":"Temperature","parameterUnit":"K","genProcessType":0,"genProcessTypeName":"Analysis","forecastTime":0,"surface1Type":100,"surface1TypeName":"Isobaricsurface","surface1Value":1000.0,"surface2Type":255,"surface2TypeName":"Missing","surface2Value":0.0,"gridDefinitionTemplate":0,"gridDefinitionTemplateName":"Latitude_Longitude","numberPoints":65160,"shape":6,"shapeName":"Earthsphericalwithradiusof6,371,229.0m","gridUnits":"degrees","resolution":48,"winds":"true","scanMode":0,"nx":360,"ny":181,"basicAngle":0,"lo1":0.0,"la1":90.0,"lo2":359.0,"la2":-90.0,"dx":1.0,"dy":1.0}, "data":
[rows 34 to 67 of 181, columns 77 to 153 of 360]
215.6,215.8,216.0,216.1,216.3,216.5,216.7,216.8,217.1,217.2,217.5,217.7,218.0,218.2,218.5,218.7,218.9,219.1,219.2,219.5,219.7,219.9,220.1,220.3,220.4,220.6,220.7,220.9,221.0,221.2,221.5,221.8,222.1,222.4,222.8,223.1,223.5,223.8,224.1,224.3,224.6,224.8,225.0,225.2,225.3,225.5,225.5,225.6,225.6,225.5,225.4,225.2,224.9,224.6,224.4,224.2,224.1,224.1,224.2,224.3,224.4,224.4,224.4,224.3,224.2,224.1,223.9,223.7,223.5,223.4,223.4,223.4,223.5,223.5,223.5,223.4,223.4
216.0,216.2,216.4,216.5,216.7,216.8,217.0,217.2,217.4,217.6,217.8,218.1,218.4,218.7,219.0,219.2,219.4,219.6,219.8,220.0,220.3,220.5,220.7,220.8,221.0,221.1,221.3,221.5,221.7,222.0,222.3,222.6,222.9,223.3,223.6,224.0,224.2,224.5,224.8,225.0,225.2,225.4,225.6,225.8,225.9,226.0,226.1,226.2,226.2,226.1,226.0,225.8,225.5,225.3,225.0,224.8,224.7,224.6,224.8,224.9,225.1,225.2,225.2,225.2,225.0,224.8,224.5,224.3,224.2,224.1,224.2,224.3,224.4,224.4,224.4,224.3,224.1
216.4,216.6,216.8,217.0,217.1,217.2,217.4,217.6,217.8,218.0,218.3,218.6,218.9,219.2,219.5,219.7,219.9,220.2,220.4,220.6,220.9,221.1,221.4,221.6,221.7,221.9,222.0,222.2,222.5,222.8,223.1,223.4,223.8,224.1,224.4,224.8,225.1,225.3,225.5,225.7,225.9,226.0,226.1,226.3,226.4,226.6,226.7,226.7,226.7,226.6,226.5,226.4,226.2,225.9,225.7,225.5,225.4,225.3,225.3,225.4,225.5,225.6,225.8,225.7,225.6,225.4,225.2,225.1,225.0,225.0,225.0,225.2,225.3,225.3,225.3,225.2,225.1
216.8,217.0,217.2,217.3,217.5,217.6,217.8,218.0,218.2,218.5,218.7,219.0,219.3,219.6,219.9,220.1,220.4,220.7,221.0,221.3,221.6,221.8,221.9,222.1,222.4,222.6,222.8,223.0,223.3,223.6,223.9,224.3,224.6,225.0,225.3,225.6,225.8,226.0,226.2,226.3,226.4,226.5,226.7,226.8,226.9,227.0,227.0,227.1,227.1,227.0,227.0,226.9,226.7,226.6,226.5,226.3,226.1,226.0,225.8,225.7,225.8,225.9,226.0,226.1,226.1,226.0,225.9,225.7,225.7,225.6,225.7,225.8,225.9,225.9,225.9,225.8,225.7
217.2,217.4,217.6,217.7,217.9,218.1,218.3,218.5,218.7,219.0,219.3,219.5,219.8,220.1,220.3,220.6,220.9,221.2,221.5,221.8,222.2,222.4,222.6,222.9,223.0,223.2,223.5,223.8,224.1,224.4,224.8,225.2,225.6,225.9,226.2,226.4,226.6,226.7,226.8,226.9,227.0,227.1,227.2,227.2,227.3,227.4,227.4,227.4,227.5,227.4,227.4,227.3,227.3,227.3,227.2,227.1,226.9,226.6,226.4,226.1,226.1,226.1,226.2,226.4,226.5,226.5,226.4,226.3,226.3,226.3,226.4,226.4,226.3,226.3,226.2,226.1,226.0
217.6,217.8,217.9,218.1,218.3,218.5,218.7,218.9,219.2,219.5,219.7,220.0,220.3,220.6,220.9,221.1,221.4,221.6,222.1,222.4,222.8,223.1,223.4,223.6,223.7,223.9,224.2,224.5,224.8,225.2,225.6,226.0,226.3,226.7,226.9,227.1,227.2,227.3,227.4,227.4,227.5,227.5,227.6,227.6,227.7,227.7,227.7,227.8,227.8,227.7,227.7,227.7,227.7,227.7,227.6,227.5,227.3,227.1,226.8,226.6,226.4,226.4,226.5,226.6,226.8,226.9,226.8,226.9,226.9,226.9,227.0,226.9,226.8,226.6,226.5,226.4,226.3
218.1,218.2,218.4,218.6,218.8,219.0,219.2,219.5,219.7,220.0,220.2,220.5,220.8,221.1,221.3,221.7,222.0,222.3,222.7,223.0,223.3,223.8,224.1,224.3,224.5,224.8,225.0,225.3,225.6,226.0,226.4,226.7,227.1,227.4,227.6,227.7,227.8,227.8,227.9,227.9,227.9,228.0,228.0,228.1,228.1,228.1,228.2,228.2,228.1,228.1,228.0,228.0,228.0,228.0,227.9,227.8,227.7,227.5,227.3,227.1,226.9,226.7,226.7,226.8,226.9,227.0,227.1,227.1,227.1,227.1,227.2,227.1,227.1,227.0,227.0,226.9,226.8
218.5,218.7,218.9,219.1,219.3,219.5,219.7,219.9,220.2,220.5,220.7,221.0,221.3,221.5,221.9,222.1,222.5,222.9,223.2,223.6,224.0,224.3,224.7,225.0,225.3,225.6,225.9,226.2,226.5,226.8,227.2,227.5,227.7,228.0,228.1,228.2,228.3,228.3,228.3,228.3,228.3,228.3,228.4,228.4,228.5,228.5,228.5,228.5,228.4,228.3,228.2,228.2,228.1,228.1,228.0,228.0,227.9,227.8,227.5,227.4,227.2,227.0,227.0,227.0,227.1,227.2,227.2,227.1,227.1,227.1,227.2,227.2,227.3,227.3,227.4,227.3,227.2
219.1,219.2,219.4,219.6,219.8,220.0,220.2,220.4,220.7,221.0,221.2,221.5,221.8,222.1,222.4,222.7,223.1,223.5,223.8,224.2,224.6,225.0,225.4,225.7,226.1,226.5,226.8,227.1,227.5,227.7,228.0,228.2,228.4,228.6,228.7,228.7,228.7,228.7,228.7,228.7,228.7,228.7,228.8,228.9,228.9,228.9,228.9,228.8,228.6,228.5,228.3,228.1,228.0,228.0,228.1,228.1,228.1,228.0,227.8,227.6,227.4,227.2,227.2,227.2,227.3,227.3,227.2,227.2,227.2,227.2,227.3,227.4,227.5,227.6,227.6,227.5,227.3
219.5,219.7,219.9,220.1,220.3,220.5,220.7,220.9,221.1,221.4,221.7,222.0,222.3,222.6,222.9,223.2,223.6,224.0,224.4,224.8,225.2,225.6,226.0,226.4,226.8,227.2,227.6,227.9,228.2,228.5,228.7,228.9,229.0,229.1,229.1,229.2,229.1,229.1,229.1,229.0,229.0,229.1,229.2,229.3,229.3,229.3,229.1,228.9,228.7,228.4,228.1,228.0,227.9,228.0,228.1,228.1,228.2,228.1,228.0,227.8,227.6,227.4,227.3,227.3,227.3,227.4,227.3,227.3,227.3,227.3,227.4,227.5,227.6,227.7,227.6,227.5,227.3
220.1,220.3,220.4,220.6,220.8,221.0,221.2,221.4,221.6,221.9,222.2,222.5,222.8,223.1,223.5,223.8,224.2,224.6,225.0,225.4,225.8,226.3,226.7,227.1,227.5,227.9,228.2,228.6,228.9,229.1,229.3,229.4,229.5,229.5,229.5,229.5,229.5,229.5,229.4,229.4,229.4,229.4,229.5,229.7,229.7,229.5,229.2,228.9,228.6,228.3,228.0,227.8,227.8,227.9,228.0,228.0,228.2,228.2,228.1,228.0,227.9,227.6,227.5,227.4,227.4,227.5,227.5,227.5,227.6,227.6,227.7,227.7,227.7,227.6,227.6,227.4,227.3
220.7,220.8,221.0,221.3,221.4,221.6,221.8,221.9,222.1,222.4,222.7,222.9,223.3,223.6,224.0,224.3,224.7,225.0,225.5,225.9,226.4,226.9,227.3,227.7,228.1,228.5,228.7,229.1,229.4,229.6,229.7,229.8,229.9,229.8,229.8,229.8,229.7,229.7,229.7,229.7,229.6,229.6,229.6,229.8,229.8,229.7,229.3,228.9,228.4,228.1,227.8,227.6,227.6,227.7,227.9,227.9,228.1,228.2,228.2,228.1,228.0,227.8,227.6,227.5,227.5,227.6,227.7,227.7,227.9,227.9,227.9,227.8,227.7,227.6,227.5,227.4,227.1
221.4,221.5,221.6,221.8,222.0,222.2,222.4,222.6,222.7,222.9,223.2,223.5,223.8,224.1,224.4,224.8,225.2,225.6,226.0,226.5,227.0,227.4,227.9,228.2,228.6,228.9,229.2,229.4,229.7,229.9,230.0,230.1,230.1,230.1,230.1,230.0,230.0,230.0,229.9,229.8,229.7,229.5,229.4,229.5,229.6,229.5,229.1,228.6,228.1,227.7,227.5,227.4,227.4,227.5,227.7,227.8,227.9,228.0,228.0,228.0,228.0,227.9,227.7,227.6,227.6,227.7,227.9,227.9,228.0,228.1,228.0,227.9,227.7,227.6,227.6,227.5,227.1
222.1,222.2,222.3,222.5,222.7,222.8,223.0,223.1,223.3,223.5,223.8,224.0,224.3,224.6,224.9,225.3,225.7,226.1,226.6,227.0,227.5,228.0,228.3,228.7,229.0,229.4,229.6,229.8,229.9,230.0,230.1,230.3,230.3,230.3,230.3,230.3,230.2,230.2,230.1,229.8,229.6,229.3,229.0,228.9,229.0,229.0,228.7,228.3,227.7,227.3,227.2,227.1,227.1,227.3,227.5,227.7,227.8,227.9,227.9,227.9,227.9,227.9,227.8,227.7,227.7,227.8,227.9,228.1,228.2,228.2,228.1,228.0,227.8,227.7,227.6,227.5,227.1
222.9,223.0,223.1,223.3,223.3,223.4,223.6,223.7,223.9,224.1,224.4,224.6,224.9,225.2,225.6,225.9,226.3,226.7,227.1,227.6,228.0,228.4,228.7,229.0,229.4,229.7,229.9,230.1,230.1,230.2,230.2,230.3,230.3,230.4,230.4,230.4,230.3,230.3,230.1,229.7,229.4,228.9,228.6,228.2,228.2,228.2,228.2,227.9,227.3,226.9,226.7,226.7,226.8,227.0,227.4,227.5,227.6,227.7,227.8,227.8,227.8,227.8,227.7,227.7,227.7,227.7,227.9,228.0,228.1,228.1,228.1,228.1,228.0,227.8,227.5,227.3,227.1
223.7,223.7,223.8,223.9,224.0,224.1,224.2,224.3,224.5,224.7,225.0,225.3,225.6,225.9,226.2,226.5,226.9,227.2,227.6,228.0,228.3,228.7,229.0,229.3,229.6,229.8,230.0,230.1,230.1,230.1,230.2,230.3,230.3,230.3,230.5,230.5,230.4,230.3,230.0,229.5,229.0,228.6,228.0,227.7,227.4,227.4,227.5,227.4,227.0,226.5,226.4,226.6,226.7,226.9,227.2,227.4,227.4,227.6,227.7,227.8,227.8,227.7,227.7,227.6,227.7,227.6,227.7,227.9,227.9,228.0,228.1,228.2,228.4,228.1,227.5,227.1,227.0
224.4,224.5,224.5,224.6,224.6,224.7,224.9,225.0,225.2,225.4,225.7,226.0,226.3,226.6,226.9,227.1,227.4,227.7,228.0,228.2,228.6,228.8,229.1,229.4,229.6,229.8,229.9,230.0,230.0,229.9,230.0,230.2,230.2,230.3,230.6,230.7,230.2,230.1,229.7,229.2,228.7,228.2,227.5,227.1,226.9,226.7,226.9,226.8,226.5,226.2,226.3,226.4,226.6,226.8,227.1,227.2,227.3,227.4,227.6,227.7,227.7,227.6,227.6,227.6,227.6,227.5,227.6,227.7,227.8,227.9,227.9,228.1,228.4,228.1,227.5,227.1,226.9
225.2,225.3,225.4,225.4,225.5,225.6,225.7,225.8,226.0,226.2,226.5,226.8,227.0,227.2,227.5,227.7,227.9,228.1,228.2,228.4,228.7,228.8,229.2,229.3,229.5,229.6,229.6,229.7,229.7,229.6,229.7,229.8,230.0,230.1,230.4,230.4,229.9,229.7,229.2,228.8,228.5,227.7,227.1,226.5,226.3,226.2,226.3,226.3,226.1,226.0,226.1,226.2,226.5,226.7,227.0,227.1,227.1,227.2,227.3,227.4,227.5,227.6,227.7,227.8,227.7,227.6,227.5,227.4,227.6,227.7,227.8,227.9,228.1,228.0,227.3,226.8,227.0
226.1,226.2,226.2,226.3,226.3,226.4,226.5,226.6,226.8,227.0,227.1,227.3,227.5,227.7,228.0,228.1,228.2,228.3,228.4,228.5,228.6,228.8,229.2,229.3,229.4,229.3,229.3,229.3,229.3,229.2,229.3,229.4,229.6,229.8,229.8,229.8,229.4,229.1,228.7,228.5,228.2,227.4,226.6,226.0,225.7,225.8,226.0,226.0,225.8,225.8,225.9,226.1,226.4,226.5,226.7,227.0,227.1,227.1,227.2,227.3,227.4,227.6,227.7,227.9,227.7,227.6,227.3,227.3,227.3,227.4,227.5,227.6,227.7,227.7,227.1,226.8,226.9
227.0,227.1,227.2,227.2,227.2,227.2,227.3,227.4,227.4,227.6,227.7,227.9,228.0,228.1,228.3,228.4,228.4,228.3,228.3,228.3,228.4,228.6,228.9,229.0,228.9,228.7,228.6,228.6,228.8,228.7,228.5,228.7,228.9,229.0,229.0,229.0,228.6,228.5,228.2,228.1,227.8,226.9,226.1,225.5,225.3,225.4,225.6,225.7,225.6,225.5,225.7,226.0,226.1,226.3,226.5,226.9,227.0,227.1,227.2,227.2,227.2,227.3,227.6,227.8,227.7,227.5,227.2,227.0,227.1,227.1,227.3,227.2,227.1,227.0,226.8,226.6,226.6
227.9,227.9,227.9,227.9,227.9,227.9,227.8,227.8,227.9,228.0,228.1,228.2,228.2,228.3,228.4,228.4,228.3,228.2,228.1,228.1,228.2,228.3,228.4,228.5,228.2,227.9,227.8,227.8,228.0,227.7,227.6,227.8,227.9,228.0,228.2,228.3,228.0,227.9,227.7,227.6,227.1,226.3,225.6,225.1,225.0,225.2,225.4,225.5,225.4,225.4,225.5,225.7,225.9,226.1,226.3,226.6,226.8,226.9,227.1,227.1,227.0,227.0,227.2,227.4,227.4,227.2,227.0,226.8,226.7,226.9,227.0,226.9,226.7,226.5,226.4,226.4,226.4
228.7,228.7,228.7,228.6,228.5,228.4,228.3,228.2,228.2,228.2,228.2,228.3,228.3,228.3,228.2,228.2,228.0,227.8,227.6,227.7,227.7,227.8,227.7,227.5,227.2,226.9,226.8,226.9,226.8,226.5,226.6,226.7,226.7,227.0,227.4,227.5,227.3,227.1,227.0,226.8,226.3,225.6,225.2,224.9,224.9,225.0,225.2,225.3,225.3,225.2,225.2,225.5,225.8,225.9,226.1,226.3,226.4,226.7,227.0,227.1,227.0,226.8,226.9,227.0,226.9,226.8,226.7,226.5,226.4,226.5,226.7,226.6,226.4,226.2,226.2,226.1,226.0
229.3,229.2,229.1,228.9,228.8,228.6,228.5,228.3,228.3,228.2,228.2,228.2,228.1,228.0,227.9,227.7,227.4,227.2,227.1,227.1,227.1,227.0,226.8,226.5,226.2,225.9,225.8,225.9,225.4,225.4,225.6,225.6,225.9,226.3,226.7,226.8,226.6,226.4,226.2,226.1,225.6,225.1,224.9,224.7,224.8,224.9,225.0,225.1,225.1,225.0,225.0,225.3,225.6,225.8,225.9,226.0,226.2,226.5,226.7,227.0,226.9,226.7,226.8,226.7,226.7,226.6,226.4,226.3,226.2,226.3,226.3,226.4,226.2,226.1,226.0,225.9,225.8
229.7,229.5,229.3,229.1,228.9,228.7,228.5,228.3,228.2,228.1,228.0,227.9,227.8,227.5,227.3,227.1,226.8,226.6,226.3,226.3,226.2,226.1,225.8,225.5,225.3,225.1,224.8,224.6,224.5,224.6,224.9,225.0,225.3,225.8,226.0,226.1,225.9,225.7,225.6,225.3,225.1,224.8,224.7,224.6,224.6,224.7,224.8,224.9,224.9,224.9,225.0,225.1,225.4,225.6,225.9,225.9,226.0,226.2,226.4,226.6,226.7,226.7,226.7,226.6,226.5,226.3,226.2,226.1,226.0,226.0,226.0,226.1,226.0,225.9,225.7,225.6,225.6
229.7,229.5,229.3,229.1,228.8,228.6,228.4,228.2,228.0,227.8,227.7,227.6,227.3,227.1,226.8,226.6,226.3,226.0,225.8,225.7,225.6,225.4,225.1,224.9,224.7,224.5,224.2,223.9,224.0,224.2,224.5,224.7,224.9,225.4,225.6,225.7,225.4,225.3,225.2,225.0,224.8,224.7,224.5,224.4,224.3,224.3,224.5,224.6,224.7,224.8,225.0,225.1,225.4,225.6,225.7,225.8,225.9,226.0,226.2,226.3,226.4,226.5,226.5,226.5,226.3,226.1,226.0,225.9,225.8,225.8,225.8,225.8,225.7,225.6,225.5,225.4,225.3
229.6,229.4,229.2,228.9,228.7,228.4,228.2,227.9,227.7,227.6,227.4,227.2,227.0,226.7,226.4,226.2,226.0,225.8,225.6,225.4,225.2,224.9,224.7,224.5,224.3,224.2,224.1,223.8,223.9,224.0,224.2,224.4,224.7,224.9,225.1,225.1,225.0,225.0,225.0,224.8,224.7,224.5,224.3,224.1,224.0,224.1,224.3,224.4,224.5,224.7,224.9,225.1,225.3,225.5,225.7,225.7,225.7,225.8,225.9,226.0,226.0,226.1,226.1,226.1,226.0,225.9,225.8,225.7,225.6,225.5,225.5,225.5,225.4,225.3,225.2,225.1,225.0
229.5,229.3,229.1,228.8,228.5,228.2,227.9,227.7,227.5,227.4,227.3,227.1,226.8,226.5,226.2,226.0,225.8,225.6,225.4,225.2,225.0,224.7,224.5,224.3,224.2,224.1,223.9,223.7,223.7,223.8,224.1,224.3,224.5,224.6,224.7,224.8,224.7,224.8,224.9,224.7,224.5,224.3,224.1,223.9,223.9,224.0,224.1,224.2,224.3,224.5,224.7,224.9,225.1,225.4,225.5,225.6,225.6,225.6,225.6,225.7,225.7,225.7,225.7,225.7,225.6,225.6,225.5,225.4,225.3,225.3,225.2,225.1,225.0,224.9,224.8,224.7,224.7
229.3,229.1,228.8,228.5,228.2,227.9,227.7,227.5,227.4,227.2,227.1,226.9,226.6,226.3,226.0,225.8,225.7,225.5,225.2,225.0,224.8,224.6,224.3,224.2,224.1,223.9,223.8,223.7,223.7,223.8,223.9,224.1,224.3,224.4,224.5,224.5,224.5,224.6,224.6,224.5,224.4,224.2,224.0,223.9,223.8,223.8,223.9,224.0,224.2,224.4,224.6,224.7,224.9,225.1,225.3,225.4,225.4,225.4,225.3,225.3,225.3,225.3,225.2,225.2,225.2,225.1,225.1,225.0,224.9,224.9,224.8,224.7,224.7,224.5,224.4,224.3,224.2
229.0,228.8,228.5,228.2,228.0,227.7,227.5,227.3,227.1,227.0,226.7,226.5,226.3,226.1,225.8,225.7,225.5,225.3,225.1,224.8,224.6,224.5,224.4,224.3,224.2,224.1,223.8,223.8,223.8,223.8,223.9,224.1,224.2,224.3,224.4,224.3,224.4,224.4,224.5,224.4,224.3,224.1,224.0,223.9,223.8,223.8,223.9,224.0,224.1,224.3,224.4,224.6,224.7,224.9,225.0,225.1,225.2,225.1,225.0,225.0,224.9,224.9,224.9,224.8,224.8,224.7,224.6,224.6,224.5,224.5,224.4,224.3,224.2,224.0,223.9,223.8,223.7
228.7,228.4,228.2,227.9,227.7,227.4,227.3,227.1,226.9,226.7,226.5,226.2,226.0,225.9,225.7,225.5,225.3,225.1,224.9,224.7,224.5,224.5,224.5,224.4,224.3,224.1,223.9,223.9,223.9,223.9,224.0,224.2,224.2,224.2,224.2,224.1,224.2,224.3,224.3,224.3,224.3,224.1,224.0,223.9,223.7,223.8,223.9,224.0,224.1,224.2,224.3,224.4,224.5,224.6,224.8,224.8,224.8,224.8,224.7,224.6,224.6,224.5,224.4,224.3,224.3,224.2,224.1,224.0,224.0,223.8,223.7,223.6,223.5,223.3,223.2,223.1,223.0
228.5,228.2,228.0,227.7,227.5,227.3,227.1,226.9,226.7,226.4,226.2,226.1,225.9,225.8,225.6,225.4,225.2,225.0,224.8,224.6,224.6,224.6,224.5,224.5,224.4,224.2,224.0,224.0,223.9,223.9,224.0,224.0,224.0,224.1,224.1,224.1,224.1,224.1,224.2,224.2,224.1,224.1,224.0,223.9,223.7,223.8,223.8,223.9,224.0,224.1,224.1,224.2,224.3,224.4,224.5,224.5,224.5,224.5,224.4,224.2,224.1,224.0,224.0,223.9,223.8,223.7,223.7,223.6,223.5,223.4,223.3,223.2,223.1,222.9,222.8,222.7,222.7
228.2,227.9,227.7,227.4,227.2,227.0,226.8,226.6,226.4,226.2,226.1,226.0,225.8,225.7,225.5,225.4,225.1,224.9,224.7,224.6,224.6,224.6,224.5,224.5,224.3,224.2,224.0,223.8,223.8,223.8,223.8,223.9,224.0,224.1,224.1,224.1,224.0,224.0,224.0,224.0,224.0,223.9,223.9,223.8,223.7,223.7,223.7,223.8,223.9,223.9,224.0,224.0,224.1,224.2,224.2,224.2,224.2,224.2,224.1,224.0,223.9,223.8,223.7,223.7,223.7,223.6,223.5,223.5,223.4,223.3,223.2,223.1,223.0,222.8,222.7,222.7,222.7
227.9,227.7,227.4,227.1,226.9,226.8,226.6,226.4,226.2,226.1,226.0,225.9,225.7,225.6,225.4,225.2,225.0,224.8,224.7,224.6,224.5,224.5,224.4,224.3,224.2,224.0,223.8,223.6,223.5,223.6,223.6,223.8,223.9,223.9,223.9,223.9,223.9,223.8,223.8,223.7,223.7,223.7,223.6,223.6,223.6,223.6,223.6,223.6,223.7,223.7,223.8,223.9,224.0,224.1,224.2,224.2,224.1,224.1,224.0,223.9,223.9,223.8,223.8,223.7,223.6,223.6,223.5,223.4,223.4,223.3,223.2,223.1,223.0,222.9,222.8,222.8,222.8
227.7,227.4,227.1,226.9,226.7,226.5,226.4,226.2,226.1,226.0,225.8,225.7,225.6,225.4,225.3,225.1,224.8,224.7,224.5,224.5,224.4,224.3,224.2,224.0,223.8,223.7,223.5,223.4,223.3,223.4,223.4,223.5,223.7,223.8,223.8,223.9,223.8,223.8,223.7,223.6,223.6,223.5,223.4,223.4,223.5,223.5,223.4,223.4,223.6,223.6,223.7,223.8,223.9,224.1,224.2,224.2,224.2,224.2,224.1,224.0,224.0,223.9,223.8,223.8,223.7,223.7,223.6,223.5,223.5,223.4,223.4,223.3,223.2,223.2,223.1,223.1,223.1
