wind-weather/data/weather/current/current-wind-isobaric-70hPa-gfs-1.0.json
{"header": {"discipline":0,"disciplineName":"Meteorologicalproducts","gribEdition":2,"gribLength":51684,"center":7,"centerName":"USNationalWeatherService-NCEP(WMC)","subcenter":0,"refTime":"2017-11-24T12:00:00.000Z","significanceOfRT":0,"significanceOfRTName":"Analysis","productStatus":0,"productStatusName":"Operationalproducts","productType":0,"productTypeName":"Analysisproducts","productDefinitionTemplate":0,"productDefinitionTemplateName":"Analysis/forecastathorizontallevel/layeratapointintime","parameterCategory":2,"parameterCategoryName":"Momentum","parameterNumber":3,"parameterNumberName":"V-component_of_wind","parameterUnit":"m.s-1","genProcessType":0,"genProcessTypeName":"Analysis","forecastTime":0,"surface1Type":100,"surface1TypeName":"Isobaricsurface","surface1Value":7000.0,"surface2Type":255,"surface2TypeName":"Missing","surface2Value":0.0,"gridDefinitionTemplate":0,"gridDefinitionTemplateName":"Latitude_Longitude","numberPoints":65160,"shape":6,"shapeName":"Earthsphericalwithradiusof6,371,229.0m","gridUnits":"degrees","resolution":48,"winds":"true","scanMode":0,"nx":360,"ny":181,"basicAngle":0,"lo1":0.0,"la1":90.0,"lo2":359.0,"la2":-90.0,"dx":1.0,"dy":1.0}, "data":
[rows 78 to 103 of 181, columns 171 to 227 of 360]
-8.405718,-8.435718,-8.465717,-8.435718,-8.305717,-8.025718,-7.6457176,-7.235718,-6.615718,-5.9757175,-5.495718,-5.305718,-5.2757177,-5.265718,-5.325718,-5.535718,-5.7757177,-6.285718,-7.075718,-7.845718,-8.155718,-7.7957177,-6.8557177,-6.035718,-5.6657176,-5.515718,-5.3357177,-4.985718,-4.425718,-4.0657177,-3.1857178,-2.3057177,-1.6557177,-0.81571776,-0.20571777,0.29428223,0.99428225,1.6542822,2.1742823,2.8542821,2.884282,3.5942822,4.444282,4.344282,4.384282,5.0242825,5.8742824,7.014282,7.154282,7.884282,7.344282,5.6042824,4.074282,4.2942824,4.2242823,3.0042822,1.1742822
-7.155718,-7.1457176,-7.055718,-6.9357176,-6.715718,-6.365718,-6.0457177,-5.7557178,-5.2257175,-4.8157177,-4.595718,-4.4757175,-4.445718,-4.9557176,-5.7057176,-6.5457177,-7.365718,-8.205718,-8.805717,-8.785718,-7.9557176,-6.9157176,-5.8557177,-5.6657176,-5.535718,-5.6457176,-5.8157177,-5.5857177,-4.8357177,-4.175718,-3.3357177,-2.7157178,-2.0657177,-1.4157177,-0.6757178,-0.15571778,0.45428222,1.4942822,1.9742823,2.7042823,2.8542821,2.9642823,3.4942822,3.6142821,3.4742823,4.2442822,5.134282,6.514282,6.4742823,7.4142823,7.1842823,5.944282,4.444282,3.4742823,4.194282,3.3442822,1.6842822
-6.075718,-5.8757176,-5.5857177,-5.325718,-5.1857176,-5.0257177,-4.945718,-4.9757175,-5.075718,-5.1457176,-5.3357177,-5.555718,-5.765718,-6.0257177,-6.5057178,-7.175718,-7.6857176,-7.745718,-7.3757176,-6.6057177,-5.8957176,-5.5857177,-5.2757177,-4.9757175,-5.0057178,-5.2757177,-5.5457177,-5.1857176,-4.3557177,-3.8857179,-3.4157178,-2.8157177,-2.2057178,-1.6657177,-0.99571776,-0.39571777,0.18428223,0.92428225,1.6742822,2.3242822,2.6742823,2.4942822,2.6442823,2.8942823,2.5642822,2.9942822,4.074282,5.9742823,6.0642824,6.964282,6.9542823,6.014282,4.764282,3.1742823,3.2642822,3.4742823,2.0342822
-4.825718,-4.4157176,-4.135718,-4.035718,-4.0057178,-3.9957178,-4.095718,-4.305718,-4.825718,-5.3757176,-5.695718,-5.825718,-5.9557176,-6.1257176,-6.3957176,-6.4157176,-6.1657176,-5.845718,-5.4557176,-5.1257176,-5.015718,-4.8757176,-4.715718,-4.3957176,-4.3557177,-4.385718,-4.495718,-4.1857176,-3.7357178,-3.2257178,-2.9557178,-2.6457179,-2.2457178,-1.6957178,-1.1857178,-0.50571775,0.26428223,0.8342822,1.4742823,1.9242822,2.1242821,2.0142822,1.9942822,2.0442822,1.7842822,1.6442822,2.7742822,5.1242824,5.8142824,6.504282,6.864282,6.054282,4.864282,3.1242821,2.0542822,3.0642822,2.3142822
-3.8957179,-3.9257178,-3.9257178,-3.9257178,-3.7057178,-3.5457177,-3.6357179,-4.035718,-4.4157176,-4.7057176,-4.9157176,-5.235718,-5.5057178,-5.615718,-5.4357176,-5.1857176,-5.035718,-4.7957177,-4.5057178,-4.365718,-4.155718,-3.9257178,-3.7557178,-3.6657178,-3.6357179,-3.4457178,-3.2257178,-3.0757177,-2.9057178,-2.615718,-2.365718,-2.3257177,-2.0957177,-1.4557178,-0.9857178,-0.49571776,0.37428224,1.1742822,1.7342823,1.9142822,1.8942822,1.7242823,1.6442822,1.4342822,1.1842822,0.8942822,1.2142823,3.9942822,5.3142824,5.8342824,6.424282,5.8942823,4.6842823,3.2142823,1.7742822,1.8642823,2.2042823
-3.2857177,-3.1557178,-3.1457179,-3.1857178,-3.365718,-3.3957179,-3.615718,-3.8757179,-4.055718,-4.2057176,-4.4157176,-4.655718,-4.7757177,-4.675718,-4.305718,-3.8957179,-3.7957177,-3.5557177,-3.3057177,-3.1557178,-2.8557177,-2.6357179,-2.5457177,-2.6257179,-2.6657178,-2.5957177,-2.4357178,-2.2157178,-1.9857178,-1.7257178,-1.6757178,-1.8057178,-1.7657177,-1.2657177,-0.76571774,-0.32571778,0.48428223,1.2042823,1.8942822,2.0542822,2.0242822,1.8442823,1.6242822,1.2742822,0.87428224,0.5442822,0.33428222,2.2742822,4.3342824,4.884282,5.534282,5.284282,4.0242825,2.8342822,1.7242823,0.8242822,1.6542822
-2.7857177,-2.7357178,-2.6457179,-2.865718,-3.0557177,-3.5257177,-3.7057178,-3.6657178,-3.7157178,-3.865718,-3.9557178,-3.8857179,-3.7157178,-3.5157177,-2.9757178,-2.5157177,-2.2257178,-1.9857178,-1.7657177,-1.6157178,-1.3857177,-1.2257178,-1.3157178,-1.5657178,-1.7257178,-1.8157178,-1.7957177,-1.6257178,-1.3857177,-1.1457177,-1.2057178,-1.3157178,-1.2557178,-0.93571776,-0.55571777,0.08428223,0.8342822,1.2042823,1.6142823,1.9542823,2.134282,2.2142823,1.8942822,1.3742822,0.8242822,0.44428223,0.44428223,0.98428226,2.7442822,3.3742821,4.1042824,4.214282,3.4442823,2.3042822,1.4242822,0.42428222,0.30428222
-2.6857178,-2.7457178,-2.8757179,-3.115718,-3.3457177,-3.4857178,-3.4557178,-3.4057178,-3.3557177,-3.2657177,-3.115718,-2.865718,-2.5757177,-2.1657178,-1.6457177,-1.2157178,-0.94571775,-0.7057178,-0.37571776,-0.055717774,0.11428223,0.16428223,0.054282226,-0.15571778,-0.41571778,-0.5957178,-0.61571777,-0.6057178,-0.45571777,-0.2857178,-0.40571776,-0.6457178,-0.63571775,-0.50571775,-0.17571777,0.50428224,1.1242822,1.2442822,1.3742822,1.6242822,1.9342822,2.1542823,1.9042822,1.4742823,0.9542822,0.62428224,0.5142822,0.6442822,1.2442822,1.8842822,2.5042822,3.0742822,2.9142823,1.9442822,1.0342822,0.14428222,-0.5457178
-2.9357178,-3.1257179,-3.2257178,-3.4057178,-3.5657177,-3.4757178,-3.2257178,-3.0057178,-2.6957178,-2.3257177,-2.0357177,-1.7657177,-1.3857177,-0.86571777,-0.35571778,0.034282226,0.39428222,0.74428225,1.1542822,1.5742822,1.8442823,1.9042822,1.9142822,1.8542823,1.7042823,1.4742823,1.2242823,0.98428226,0.86428225,0.7842822,0.80428225,0.62428224,0.39428222,0.31428224,0.56428224,0.8542822,1.0342822,1.0642822,1.1642822,1.3642823,1.6242822,1.6142823,1.4942822,1.2542822,0.9042822,0.7142822,0.49428222,0.42428222,0.56428224,0.68428224,1.0542822,1.7042823,2.0642822,1.6842822,0.81428224,-0.0057177735,-0.76571774
-3.3357177,-3.5457177,-3.6257179,-3.6757178,-3.7657177,-3.6857178,-3.4157178,-2.9557178,-2.3057177,-1.6757178,-1.1457177,-0.7157178,-0.21571778,0.37428224,0.8942822,1.3042822,1.7842822,2.2942822,2.7742822,3.1442823,3.4642823,3.7242823,3.7542822,3.6542823,3.5242822,3.4342823,3.2942822,3.0042822,2.6542823,2.3142822,2.1142821,1.9842823,1.7942822,1.7742822,1.7942822,1.3142822,1.0742822,1.0242822,1.0142822,1.2142823,1.2342823,0.92428225,0.8342822,0.6642822,0.5142822,0.48428223,0.35428223,0.23428223,0.124282226,-0.07571778,-0.09571777,0.38428223,0.9742822,1.2042823,0.69428223,-0.045717772,-0.75571775
-3.4057178,-3.7657177,-3.9657178,-4.035718,-4.0457177,-3.9557178,-3.7757177,-3.3357177,-2.6557178,-1.8757178,-1.1157178,-0.38571778,0.31428224,1.0042822,1.6542822,2.1742823,2.7242823,3.3742821,3.9242823,4.2242823,4.384282,4.534282,4.6042824,4.6042824,4.5642824,4.5442824,4.594282,4.574282,4.3542824,3.9842823,3.5842822,3.5142822,3.2342823,3.1442823,3.0642822,2.4642823,1.8642823,1.4242822,1.1542822,1.0742822,0.8342822,0.5442822,0.41428223,0.25428224,0.19428223,0.18428223,0.14428222,0.004282227,-0.23571777,-0.57571775,-0.7957178,-0.57571775,-0.09571777,0.35428223,0.4042822,-0.085717775,-0.7157178
-3.3357177,-3.6057177,-3.8157177,-3.9457178,-3.9657178,-3.8557177,-3.5957177,-3.2157178,-2.7457178,-2.1557178,-1.4557178,-0.63571775,0.21428223,1.0142822,1.7242823,2.3742821,2.9742823,3.4842823,3.8942823,4.1642823,4.2942824,4.384282,4.554282,4.6442823,4.5642824,4.504282,4.6442823,4.944282,5.114282,5.0242825,4.7942824,4.6442823,4.484282,4.134282,3.7542822,3.4642823,2.7642822,2.0842822,1.6242822,1.1742822,0.7742822,0.55428225,0.36428222,0.23428223,0.18428223,0.124282226,0.024282226,-0.115717776,-0.3457178,-0.7257178,-1.1357177,-1.3157178,-1.1857178,-0.7757178,-0.3457178,-0.37571776,-0.9057178
-3.4457178,-3.5357177,-3.5657177,-3.5157177,-3.365718,-3.1457179,-2.8557177,-2.5857177,-2.3057177,-1.8557178,-1.1957178,-0.44571778,0.30428222,0.98428226,1.5742822,2.0342822,2.4242823,2.7042823,2.9042823,3.134282,3.4242823,3.6842823,3.8242822,3.9142823,4.0442824,4.1842823,4.304282,4.484282,4.7442822,4.864282,4.884282,4.864282,4.824282,4.5842824,4.1242824,3.7242823,3.2842822,2.6942823,2.0842822,1.5742822,1.2042823,0.9642822,0.7242822,0.5842822,0.49428222,0.29428223,0.054282226,-0.06571777,-0.30571777,-0.81571776,-1.4457178,-1.9257178,-2.0857177,-1.8657178,-1.4357178,-1.2357178,-1.5057178
-3.4757178,-3.4457178,-3.3457177,-3.0957177,-2.8057177,-2.5357177,-2.2557178,-1.9857178,-1.6957178,-1.3257178,-0.86571777,-0.33571777,0.24428223,0.7142822,1.0442822,1.2942822,1.4342822,1.5042822,1.5842823,1.7342823,2.0342822,2.2942822,2.5042822,2.7642822,3.1142821,3.4442823,3.5742822,3.5742822,3.5842822,3.7242823,3.9942822,4.1442823,4.2242823,4.154282,3.8742821,3.634282,3.3642821,2.9842823,2.5542822,2.1842823,1.8742822,1.5942823,1.3142822,1.1342822,0.9142822,0.6642822,0.4342822,0.10428223,-0.30571777,-0.86571777,-1.5657178,-2.1957178,-2.6757178,-2.8457177,-2.7957177,-2.7157178,-2.7957177
-3.2357178,-3.0857177,-2.8357177,-2.5757177,-2.2057178,-1.8657178,-1.5957178,-1.3657178,-1.1157178,-0.8557178,-0.6657178,-0.47571778,-0.20571777,0.054282226,0.25428224,0.37428224,0.37428224,0.30428222,0.33428222,0.47428223,0.68428224,0.9542822,1.3242822,1.6742822,1.8242822,1.9042822,2.1442823,2.4142823,2.5942822,2.7142823,2.8242822,2.9342823,3.0742822,3.1642823,3.1442823,3.1742823,3.2242823,3.1242821,2.8942823,2.5742822,2.2242823,1.9342822,1.7442822,1.6342822,1.5242822,1.3242822,0.8942822,0.36428222,-0.12571777,-0.68571776,-1.4957178,-2.4157178,-3.2857177,-3.8557177,-4.095718,-4.155718,-4.1857176
-2.6357179,-2.4657178,-2.0857177,-1.6457177,-1.3757178,-1.1357177,-0.93571776,-0.8557178,-0.76571774,-0.7157178,-0.76571774,-0.82571775,-0.81571776,-0.7057178,-0.5857178,-0.5257178,-0.5357178,-0.5257178,-0.38571778,-0.19571777,0.024282226,0.25428224,0.41428223,0.5342822,0.7642822,1.0842823,1.3142822,1.5142822,1.8042822,2.0942822,2.1442823,2.1142821,2.1742823,2.3142822,2.4342823,2.6142821,2.8242822,2.9342823,2.8942823,2.6642823,2.3442822,2.0542822,1.9642823,1.9442822,1.8542823,1.6242822,1.2642822,0.7842822,0.10428223,-0.76571774,-1.7357178,-2.7057178,-3.5557177,-4.2257175,-4.675718,-4.985718,-5.285718
-1.9457178,-1.5657178,-1.2957177,-1.1257178,-0.9757178,-0.80571777,-0.6757178,-0.69571775,-0.7757178,-0.94571775,-1.1057178,-1.1957178,-1.2057178,-1.1557177,-1.1057178,-1.0757178,-1.0457177,-0.9857178,-0.8957178,-0.7857178,-0.68571776,-0.5457178,-0.32571778,-0.0057177735,0.33428222,0.6542822,0.8942822,1.1042823,1.3342823,1.6842822,1.8542823,1.7342823,1.6642822,1.7942822,1.9742823,2.1842823,2.3942823,2.5342822,2.5142822,2.3142822,2.0642822,1.8542823,1.7842822,1.7742822,1.7642822,1.6442822,1.3042822,0.7642822,0.054282226,-0.75571775,-1.6657177,-2.5757177,-3.2657177,-3.7357178,-4.2257175,-4.7757177,-5.2557178
-1.4557178,-1.1057178,-1.0257177,-1.0557178,-1.0157177,-0.9157178,-0.86571777,-0.93571776,-1.0957178,-1.2557178,-1.3257178,-1.2557178,-1.1957178,-1.2457178,-1.3357178,-1.3957177,-1.3857177,-1.3357178,-1.3057178,-1.3057178,-1.3157178,-1.1157178,-0.74571776,-0.3457178,0.124282226,0.5442822,0.7842822,0.87428224,0.9542822,1.1742822,1.5142822,1.6442822,1.5442822,1.5042822,1.5942823,1.7742822,1.9342822,1.9642823,1.7642822,1.4642823,1.2642822,1.1242822,1.0742822,1.1342822,1.1942822,1.1242822,0.8942822,0.5242822,0.11428223,-0.37571776,-0.93571776,-1.5657178,-2.2557178,-2.9457178,-3.5257177,-4.0057178,-4.385718
-1.2357178,-0.94571775,-0.88571775,-1.0557178,-1.0957178,-1.0457177,-0.9757178,-1.0057178,-1.1357177,-1.2457178,-1.2657177,-1.2257178,-1.2257178,-1.2957177,-1.3557178,-1.4557178,-1.5657178,-1.7457178,-1.8857177,-1.8857177,-1.6757178,-1.3657178,-1.0557178,-0.5957178,-0.085717775,0.35428223,0.62428224,0.7042822,0.62428224,0.5342822,0.7042822,1.0242822,1.1442822,1.0542822,1.0642822,1.2042823,1.2442822,1.0742822,0.7142822,0.34428224,0.15428223,0.124282226,0.21428223,0.37428224,0.5442822,0.67428225,0.73428226,0.6042822,0.33428222,-0.12571777,-0.7057178,-1.3657178,-2.1257179,-2.9057178,-3.6057177,-4.095718,-4.405718
-0.7857178,-0.57571775,-0.6457178,-0.6757178,-0.56571776,-0.42571777,-0.3157178,-0.43571776,-0.6557178,-0.9257178,-1.1057178,-1.2657177,-1.3257178,-1.3757178,-1.4957178,-1.7157178,-2.1257179,-2.4257178,-2.365718,-2.0857177,-1.7657177,-1.4857178,-1.2157178,-0.86571777,-0.47571778,-0.045717772,0.32428223,0.49428222,0.47428223,0.26428223,0.18428223,0.28428224,0.38428223,0.4042822,0.4642822,0.49428222,0.35428223,0.044282228,-0.36571777,-0.7057178,-0.8457178,-0.7857178,-0.55571777,-0.25571778,0.034282226,0.33428222,0.5442822,0.55428225,0.17428222,-0.46571776,-1.1657177,-1.8657178,-2.4757178,-2.9857178,-3.3357177,-3.6757178,-4.1257176
-0.6757178,-0.56571776,-0.36571777,0.014282227,0.32428223,0.50428224,0.5942822,0.50428224,0.08428223,-0.44571778,-0.86571777,-1.1657177,-1.3657178,-1.6557177,-1.8157178,-2.0157177,-2.4557178,-2.6857178,-2.5157177,-2.2657177,-1.8557178,-1.5157177,-1.2857177,-1.1457177,-0.93571776,-0.55571777,-0.13571778,0.13428223,0.23428223,0.17428222,0.014282227,-0.10571777,-0.20571777,-0.29571778,-0.30571777,-0.32571778,-0.51571774,-0.8457178,-1.2057178,-1.4357178,-1.4657178,-1.2957177,-1.0357177,-0.69571775,-0.27571777,0.024282226,0.094282225,-0.13571778,-0.57571775,-1.0257177,-1.4457178,-1.8157178,-2.0957177,-2.3257177,-2.5357177,-2.8957179,-3.3957179
-0.37571776,-0.13571778,0.25428224,0.80428225,1.0742822,1.1142823,1.0942823,0.8942822,0.47428223,0.044282228,-0.37571776,-0.9257178,-1.3657178,-1.6457177,-1.9257178,-2.0457177,-2.4057178,-2.4957178,-2.4157178,-2.3957179,-2.0557177,-1.7357178,-1.4657178,-1.3357178,-1.2257178,-1.0257177,-0.6757178,-0.33571777,-0.15571778,-0.19571777,-0.3157178,-0.37571776,-0.49571776,-0.6457178,-0.8357178,-1.0157177,-1.2457178,-1.5057178,-1.7257178,-1.8057178,-1.7257178,-1.5257177,-1.2357178,-0.8957178,-0.5857178,-0.45571777,-0.46571776,-0.6057178,-0.7057178,-0.7757178,-0.9257178,-1.1057178,-1.2757177,-1.4557178,-1.6657177,-1.8957177,-2.2457178
0.35428223,0.6042822,0.8442822,1.1442822,1.4242822,1.4342822,1.2042823,0.98428226,0.8242822,0.6542822,0.31428224,-0.26571777,-0.6657178,-0.6457178,-1.2157178,-1.5657178,-2.115718,-2.0757177,-2.3557177,-2.0757177,-2.2157178,-2.0757177,-1.7557178,-1.5457177,-1.4157177,-1.3757178,-1.1357177,-0.75571775,-0.6457178,-0.6757178,-0.61571777,-0.5357178,-0.5357178,-0.6557178,-0.94571775,-1.3357178,-1.6257178,-1.7757177,-1.8957177,-1.8557178,-1.6657177,-1.3457178,-0.9857178,-0.7857178,-0.69571775,-0.5857178,-0.50571775,-0.46571776,-0.3457178,-0.18571778,-0.18571778,-0.32571778,-0.45571777,-0.5857178,-0.61571777,-0.63571775,-0.8357178
0.67428225,0.9642822,0.9542822,0.99428225,0.99428225,0.9042822,1.0942823,1.0742822,1.0642822,0.98428226,0.86428225,0.10428223,-0.32571778,-0.2857178,-0.45571777,-0.5857178,-1.5157177,-1.8257178,-1.9257178,-1.4157177,-1.8157178,-1.9657178,-1.8257178,-1.8857177,-1.7557178,-1.7957177,-1.5057178,-1.1457177,-1.0857178,-1.1157178,-1.0857178,-0.9057178,-0.6757178,-0.63571775,-0.86571777,-1.1757178,-1.3157178,-1.4857178,-1.6257178,-1.7257178,-1.5257177,-1.0157177,-0.6757178,-0.55571777,-0.5457178,-0.40571776,-0.21571778,-0.025717773,0.18428223,0.41428223,0.5442822,0.48428223,0.4642822,0.61428225,0.73428226,0.6442822,0.27428222
0.56428224,0.7042822,0.8442822,0.7142822,0.7742822,0.80428225,0.7642822,0.9042822,1.2242823,1.2742822,1.1442822,0.8942822,0.67428225,0.39428222,0.29428223,0.45428222,-0.025717773,-0.8557178,-1.0757178,-0.87571776,-1.2957177,-1.4057177,-1.5657178,-2.1857178,-1.9857178,-2.0357177,-1.8357178,-1.4657178,-1.3657178,-1.3657178,-1.4057177,-1.4257178,-1.2257178,-1.0057178,-0.99571776,-1.2057178,-1.1857178,-1.1257178,-1.1957178,-1.3557178,-1.2357178,-0.8557178,-0.49571776,-0.3157178,-0.13571778,0.034282226,0.25428224,0.50428224,0.8542822,1.0742822,1.1542822,1.2542822,1.3542823,1.6242822,1.7342823,1.3642823,0.9542822
0.93428224,0.74428225,0.94428223,0.7742822,0.94428223,1.1942822,1.2642822,1.3742822,1.6542822,1.6942822,1.8542823,2.1942823,2.0442822,1.6742822,1.3842822,1.3142822,1.5842823,0.48428223,-0.24571778,0.054282226,-0.37571776,-0.35571778,-1.2257178,-1.9757178,-1.6357177,-1.8257178,-1.4657178,-1.2157178,-1.2857177,-1.4157177,-1.3757178,-1.4057177,-1.5157177,-1.5157177,-1.4757178,-1.5157177,-1.2457178,-0.99571776,-1.4757178,-1.3157178,-1.2257178,-0.93571776,-0.49571776,-0.14571777,0.14428222,0.47428223,0.81428224,1.1542822,1.4742823,1.6442822,1.6642822,1.8842822,2.1242821,2.3942823,2.4242823,2.134282,1.7742822
