wind-weather/data/weather/current/current-wind-isobaric-250hPa-gfs-1.0.json
{"header": {"discipline":0,"disciplineName":"Meteorologicalproducts","gribEdition":2,"gribLength":44487,"center":7,"centerName":"USNationalWeatherService-NCEP(WMC)","subcenter":0,"refTime":"2017-11-24T12:00:00.000Z","significanceOfRT":0,"significanceOfRTName":"Analysis","productStatus":0,"productStatusName":"Operationalproducts","productType":0,"productTypeName":"Analysisproducts","productDefinitionTemplate":0,"productDefinitionTemplateName":"Analysis/forecastathorizontallevel/layeratapointintime","parameterCategory":2,"parameterCategoryName":"Momentum","parameterNumber":2,"parameterNumberName":"U-component_of_wind","parameterUnit":"m.s-1","genProcessType":0,"genProcessTypeName":"Analysis","forecastTime":0,"surface1Type":100,"surface1TypeName":"Isobaricsurface","surface1Value":25000.0,"surface2Type":255,"surface2TypeName":"Missing","surface2Value":0.0,"gridDefinitionTemplate":0,"gridDefinitionTemplateName":"Latitude_Longitude","numberPoints":65160,"shape":6,"shapeName":"Earthsphericalwithradiusof6,371,229.0m","gridUnits":"degrees","resolution":48,"winds":"true","scanMode":0,"nx":360,"ny":181,"basicAngle":0,"lo1":0.0,"la1":90.0,"lo2":359.0,"la2":-90.0,"dx":1.0,"dy":1.0}, "data":
[rows 52 to 77 of 181, columns 118 to 176 of 360]
65.90924,68.40924,69.90924,71.40924,73.80924,76.50924,78.80924,80.70924,81.60924,83.20924,83.50924,83.40924,83.50924,83.80924,82.50924,80.90924,79.50924,78.60924,78.30924,77.70924,76.90924,76.00924,74.40924,71.70924,72.80924,71.20924,71.60924,73.80924,75.10924,75.80924,78.20924,80.70924,81.70924,77.40924,80.50924,74.80924,74.30924,74.00924,73.80924,71.50924,69.10924,66.60924,63.60924,60.40924,56.309242,53.00924,49.90924,47.40924,44.40924,40.40924,36.40924,33.70924,26.90924,19.70924,12.609241,9.609241,11.709241,16.509241,19.609241
72.70924,74.80924,76.40924,79.20924,82.80924,85.80924,88.60924,90.80924,92.80924,93.50924,92.80924,91.40924,94.90924,93.20924,91.70924,89.90924,87.80924,86.10924,84.80924,84.90924,81.90924,78.70924,77.70924,77.50924,77.90924,76.80924,76.90924,77.30924,77.90924,79.90924,81.80924,82.60924,81.90924,78.70924,79.20924,74.80924,72.70924,71.30924,69.70924,66.50924,64.20924,60.309242,57.40924,53.309242,50.00924,47.309242,45.309242,43.309242,39.809242,36.70924,34.60924,29.509241,23.009241,15.209241,9.909241,10.609241,14.209241,16.40924,19.20924
80.50924,83.90924,87.30924,90.40924,93.50924,96.30924,98.80924,100.80924,102.40924,102.30924,102.00924,102.20924,104.00924,103.40924,101.80924,100.30924,98.20924,96.20924,95.20924,93.00924,87.60924,82.70924,83.80924,84.50924,82.70924,81.00924,79.70924,80.40924,81.10924,81.20924,81.10924,81.30924,80.00924,77.20924,75.30924,70.70924,67.20924,65.40924,62.809242,60.20924,56.809242,54.309242,50.809242,47.10924,44.40924,42.60924,41.00924,38.20924,35.10924,33.309242,29.40924,23.80924,15.909241,9.409241,8.109241,11.209241,14.609241,17.70924,19.109241
87.70924,89.60924,91.00924,92.80924,94.60924,96.30924,97.70924,98.60924,99.40924,98.90924,99.80924,100.10924,101.10924,101.50924,100.30924,98.40924,97.90924,96.70924,95.20924,94.60924,89.90924,84.90924,84.60924,83.60924,82.10924,82.20924,81.80924,80.60924,79.60924,78.60924,77.10924,75.50924,73.40924,70.70924,68.00924,64.90924,61.309242,59.309242,56.50924,54.20924,51.40924,48.50924,44.809242,42.40924,40.309242,38.90924,36.60924,33.00924,30.609241,27.609241,22.40924,15.709241,8.209241,5.709241,7.709241,13.109241,18.20924,20.70924,23.009241
86.50924,87.10924,87.20924,87.80924,87.90924,88.00924,88.40924,89.00924,89.80924,89.90924,90.90924,91.80924,92.60924,91.90924,90.50924,89.40924,87.70924,89.10924,86.20924,86.40924,83.60924,79.60924,78.70924,79.70924,79.60924,78.60924,76.80924,75.30924,74.20924,71.90924,69.70924,67.50924,65.40924,63.50924,61.50924,59.50924,56.70924,53.60924,52.10924,49.309242,46.809242,42.90924,40.20924,38.20924,36.809242,35.10924,31.80924,28.509241,25.509241,20.009241,13.509241,6.809241,2.9092407,3.2092407,9.80924,17.109241,22.009241,25.90924,23.30924
78.10924,78.00924,77.70924,78.30924,79.20924,80.90924,82.40924,83.10924,83.40924,83.40924,84.00924,85.00924,84.90924,83.70924,84.10924,81.90924,80.30924,79.80924,78.10924,78.10924,77.10924,75.40924,73.90924,73.70924,73.10924,71.50924,69.70924,67.90924,65.70924,64.00924,62.20924,60.10924,58.90924,57.50924,55.70924,53.50924,50.90924,49.00924,46.70924,44.70924,41.309242,38.00924,35.90924,34.50924,33.309242,30.609241,27.30924,24.109241,18.90924,12.009241,4.9092407,0.50924075,0.009240722,6.309241,15.30924,21.109241,26.009241,23.20924,19.40924
71.20924,72.30924,73.10924,74.00924,74.60924,75.70924,75.90924,76.00924,76.20924,76.20924,76.70924,76.70924,76.10924,75.10924,76.60924,74.70924,72.50924,71.60924,71.00924,70.30924,69.90924,69.10924,67.40924,66.10924,65.30924,63.60924,61.90924,60.20924,58.50924,56.70924,55.309242,54.10924,53.309242,51.70924,49.809242,47.809242,45.809242,43.809242,41.809242,39.20924,36.00924,34.10924,32.309242,31.30924,29.509241,26.40924,23.40924,18.90924,12.109241,4.6092405,-0.6907593,-2.7907593,2.8092408,12.80924,19.509241,24.009241,22.30924,20.30924,21.40924
67.20924,67.70924,68.30924,68.70924,69.80924,70.30924,70.10924,69.30924,68.60924,68.20924,67.90924,67.30924,66.40924,67.20924,67.20924,66.30924,65.40924,64.90924,64.10924,63.40924,62.309242,60.50924,59.60924,58.90924,57.70924,56.00924,54.20924,53.20924,51.90924,50.309242,49.40924,48.60924,47.50924,46.10924,44.40924,42.40924,40.70924,38.809242,36.60924,33.90924,32.00924,30.70924,29.609241,28.30924,25.40924,22.509241,18.609241,12.509241,5.0092406,-1.2907593,-4.290759,-1.3907592,8.509241,15.209241,20.609241,21.40924,18.80924,21.70924,20.509241
62.70924,63.50924,64.50924,65.20924,64.60924,63.309242,62.50924,61.809242,61.309242,60.809242,59.90924,59.00924,57.90924,57.50924,57.40924,57.90924,58.10924,57.50924,56.50924,55.50924,54.20924,53.20924,52.70924,51.20924,49.50924,47.90924,47.309242,46.90924,45.70924,44.309242,43.90924,43.20924,42.20924,40.50924,38.809242,37.309242,35.70924,33.809242,31.509241,29.90924,28.90924,28.009241,27.20924,24.90924,21.30924,17.609241,12.409241,5.209241,-1.5907593,-5.5907593,-5.190759,3.3092408,9.009241,15.509241,19.609241,19.509241,19.20924,19.609241,17.40924
58.70924,59.90924,59.20924,58.00924,56.90924,56.40924,55.90924,55.10924,54.10924,53.10924,52.10924,51.20924,50.40924,49.309242,49.40924,50.60924,50.40924,49.70924,48.50924,47.70924,47.309242,46.10924,44.50924,43.20924,42.309242,41.809242,42.00924,41.10924,40.00924,39.309242,38.809242,38.00924,36.60924,35.40924,34.00924,32.50924,30.80924,29.009241,27.509241,26.509241,26.009241,25.509241,24.20924,21.20924,17.109241,12.009241,5.209241,-1.7907593,-6.3907595,-7.690759,-1.8907592,3.5092406,10.009241,15.409241,16.80924,17.20924,18.009241,16.40924,15.109241
53.90924,53.90924,52.809242,52.10924,51.40924,50.50924,49.40924,48.20924,47.20924,46.50924,45.50924,44.70924,43.309242,42.50924,42.50924,43.70924,43.309242,42.40924,42.00924,41.70924,41.60924,40.90924,39.70924,38.70924,37.809242,37.309242,37.50924,35.90924,35.309242,34.809242,34.20924,33.20924,32.10924,31.20924,29.90924,28.109241,26.40924,25.109241,24.20924,23.509241,23.009241,22.109241,20.30924,17.009241,12.409241,6.1092405,-1.0907593,-6.290759,-8.590759,-6.4907594,-0.29075927,4.5092406,12.009241,13.509241,14.209241,14.109241,13.30924,12.709241,12.609241
48.40924,47.809242,46.70924,45.90924,44.60924,43.50924,42.50924,42.10924,41.50924,40.60924,39.40924,38.70924,38.20924,38.00924,39.10924,39.40924,38.50924,38.20924,37.50924,37.20924,36.50924,35.40924,34.309242,33.50924,33.10924,33.10924,32.809242,32.20924,31.70924,31.009241,30.30924,29.109241,28.20924,27.009241,25.80924,24.40924,23.009241,21.80924,21.109241,20.609241,19.80924,18.109241,15.80924,12.609241,7.6092405,0.8092407,-4.790759,-7.790759,-8.69076,-3.1907592,0.50924075,7.6092405,11.209241,10.80924,12.209241,12.609241,12.709241,12.409241,12.80924
41.60924,40.90924,40.00924,38.90924,37.40924,36.60924,36.70924,36.90924,36.90924,35.90924,34.809242,34.50924,34.309242,34.10924,33.40924,32.90924,32.10924,31.109241,30.509241,29.90924,29.20924,28.509241,27.90924,27.609241,28.009241,28.009241,27.90924,27.509241,26.609241,26.109241,25.40924,24.70924,23.80924,22.70924,21.509241,20.609241,19.70924,18.70924,17.90924,17.20924,15.80924,13.709241,11.009241,7.709241,2.9092407,-2.3907592,-5.790759,-7.4907594,-5.690759,-1.7907593,3.4092407,9.709241,9.609241,7.0092406,8.80924,13.709241,14.009241,13.009241,13.009241
35.809242,35.40924,35.40924,35.10924,31.80924,32.809242,32.309242,33.00924,31.40924,30.90924,30.90924,30.30924,29.109241,27.90924,27.109241,26.40924,26.20924,26.40924,26.109241,25.40924,24.30924,23.009241,22.20924,21.90924,22.20924,22.20924,22.30924,22.20924,21.90924,21.40924,20.70924,19.80924,18.90924,18.109241,17.20924,16.509241,16.109241,15.409241,14.409241,13.30924,11.30924,8.709241,5.709241,2.5092406,-0.99075925,-3.9907594,-4.9907594,-6.290759,-2.9907594,0.109240726,5.309241,10.209241,6.209241,5.809241,8.709241,13.909241,15.409241,15.509241,14.209241
31.80924,30.80924,29.30924,28.40924,27.509241,28.509241,30.40924,28.40924,27.70924,27.30924,26.80924,25.90924,24.509241,23.609241,23.009241,22.70924,22.009241,21.109241,20.109241,18.70924,17.80924,17.30924,17.509241,18.009241,18.509241,19.109241,19.40924,19.009241,18.609241,18.009241,17.009241,16.009241,14.909241,14.009241,13.209241,12.709241,12.109241,11.509241,10.609241,9.009241,6.709241,3.7092407,0.50924075,-2.2907593,-4.0907593,-4.3907595,-3.8907592,-4.4907594,-1.4907593,2.9092407,7.1092405,5.709241,2.1092408,6.9092407,9.409241,13.80924,16.20924,16.20924,15.30924
25.20924,25.109241,25.009241,23.40924,22.90924,23.90924,24.80924,25.609241,24.109241,23.70924,23.20924,22.109241,20.80924,19.90924,18.70924,17.40924,16.509241,15.609241,14.709241,14.30924,14.909241,15.709241,15.609241,15.609241,15.609241,16.009241,15.109241,14.409241,13.80924,13.109241,12.609241,12.109241,11.209241,10.30924,9.509241,8.80924,8.209241,7.6092405,6.6092405,5.1092405,2.7092407,-0.49075928,-3.7907593,-5.690759,-5.790759,-4.190759,-2.6907592,-2.1907592,0.109240726,3.9092407,5.809241,2.7092407,1.4092407,7.809241,5.5092406,12.30924,15.409241,15.80924,14.909241
19.509241,18.609241,18.009241,17.90924,19.009241,20.30924,22.509241,22.80924,22.40924,21.609241,20.30924,18.40924,16.90924,15.80924,14.609241,13.409241,12.509241,12.509241,12.609241,12.909241,12.80924,12.409241,12.409241,12.109241,12.009241,11.409241,10.30924,9.209241,8.30924,7.9092407,7.9092407,8.009241,7.6092405,6.809241,6.0092406,5.209241,4.6092405,4.1092405,3.3092408,2.0092406,-0.19075927,-3.1907592,-6.190759,-7.0907593,-6.0907593,-3.3907592,-0.8907593,0.50924075,2.4092407,4.9092407,3.6092408,1.7092407,5.0092406,5.0092406,10.509241,13.709241,16.40924,16.009241,14.909241
14.80924,13.609241,13.709241,16.20924,18.109241,18.109241,17.509241,17.20924,17.20924,17.109241,16.30924,14.909241,14.009241,13.209241,12.009241,11.609241,11.509241,10.709241,9.909241,9.709241,9.509241,9.30924,9.209241,8.509241,7.1092405,6.5092406,5.809241,4.5092406,3.7092407,3.8092408,4.0092406,4.1092405,3.9092407,3.3092408,2.6092408,1.9092407,1.5092407,1.2092407,0.6092407,-0.3907593,-2.2907593,-4.790759,-6.8907595,-7.3907595,-5.8907595,-2.3907592,1.8092407,3.5092406,4.4092407,5.209241,3.0092406,0.30924073,2.7092407,6.0092406,11.509241,15.80924,17.30924,17.20924,16.009241
9.609241,10.80924,12.909241,13.209241,12.009241,11.709241,11.609241,11.80924,12.109241,12.209241,11.909241,11.30924,10.209241,9.009241,9.30924,9.109241,8.209241,7.6092405,6.709241,6.5092406,6.0092406,5.809241,5.209241,4.309241,3.7092407,3.3092408,2.2092407,1.1092408,0.6092407,0.50924075,0.40924072,0.40924072,0.40924072,-0.09075928,-0.5907593,-0.99075925,-1.1907593,-1.3907592,-1.7907593,-2.4907594,-3.8907592,-5.5907593,-6.9907594,-7.3907595,-5.790759,-1.8907592,2.9092407,5.1092405,6.6092405,5.709241,1.6092408,2.3092408,4.1092405,9.209241,14.009241,16.20924,16.80924,15.709241,15.709241
8.409241,8.209241,7.5092406,6.809241,7.709241,8.009241,8.009241,8.909241,9.30924,9.209241,9.209241,8.80924,8.009241,7.309241,6.0092406,5.309241,4.709241,3.7092407,2.8092408,2.5092406,2.9092407,1.4092407,1.6092408,1.6092408,1.3092407,0.109240726,-0.6907593,-1.6907593,-2.4907594,-2.7907593,-2.8907592,-2.9907594,-2.9907594,-3.2907593,-3.4907594,-3.6907592,-3.7907593,-3.8907592,-4.0907593,-4.5907593,-5.4907594,-6.3907595,-7.3907595,-7.290759,-5.5907593,-2.0907593,1.3092407,4.4092407,7.4092407,9.009241,4.9092407,2.2092407,1.8092407,13.709241,15.209241,12.709241,11.709241,12.609241,14.509241
4.9092407,3.6092408,2.0092406,2.2092407,3.7092407,2.8092408,4.0092406,4.709241,5.309241,5.0092406,4.5092406,3.9092407,3.3092408,2.7092407,2.9092407,2.6092408,2.2092407,1.6092408,1.2092407,1.0092407,0.20924072,-0.09075928,-1.2907593,-1.9907593,-2.2907593,-3.0907593,-3.7907593,-4.4907594,-5.0907593,-5.4907594,-5.8907595,-6.0907593,-6.0907593,-6.0907593,-6.0907593,-6.0907593,-6.0907593,-6.0907593,-6.190759,-6.5907593,-6.790759,-7.4907594,-7.790759,-7.290759,-5.3907595,-3.0907593,0.009240722,4.209241,8.80924,4.6092405,7.6092405,6.209241,4.9092407,13.80924,14.209241,13.409241,11.709241,12.409241,15.409241
0.9092407,-0.99075925,-2.2907593,-0.49075928,-1.8907592,-2.0907593,-1.4907593,-0.79075927,0.30924073,0.009240722,0.40924072,0.50924075,-0.09075928,-0.09075928,0.8092407,1.6092408,1.3092407,1.3092407,0.40924072,-0.99075925,-1.7907593,-2.8907592,-4.0907593,-4.9907594,-5.690759,-6.0907593,-6.3907595,-6.690759,-7.190759,-7.690759,-8.19076,-8.490759,-8.590759,-8.490759,-8.290759,-7.9907594,-7.690759,-7.5907593,-7.690759,-7.790759,-8.090759,-7.9907594,-7.790759,-6.790759,-5.0907593,-2.9907594,1.0092407,5.6092405,7.309241,10.509241,9.509241,6.6092405,10.409241,14.509241,15.409241,14.909241,15.209241,16.109241,18.109241
-3.3907592,-4.790759,-5.3907595,-6.0907593,-4.8907595,-3.3907592,-3.8907592,-2.7907593,-3.2907593,-3.7907593,-4.0907593,-3.8907592,-2.4907594,0.009240722,1.2092407,0.9092407,0.6092407,0.20924072,-0.5907593,-1.7907593,-3.4907594,-4.8907595,-6.190759,-7.290759,-8.090759,-8.69076,-8.990759,-9.090759,-9.290759,-9.490759,-9.790759,-10.090759,-10.19076,-10.090759,-9.790759,-9.19076,-8.890759,-8.790759,-8.590759,-8.590759,-8.490759,-7.5907593,-6.5907593,-4.9907594,-3.1907592,-0.29075927,5.0092406,10.109241,11.609241,11.209241,9.709241,11.30924,13.80924,14.30924,13.509241,14.709241,17.80924,19.80924,21.30924
-6.8907595,-7.290759,-7.790759,-8.390759,-6.4907594,-5.8907595,-5.3907595,-5.8907595,-7.0907593,-7.3907595,-6.190759,-4.3907595,-2.6907592,-1.8907592,-1.1907593,-1.2907593,-1.2907593,-1.5907593,-1.8907592,-2.7907593,-4.5907593,-5.790759,-7.0907593,-8.290759,-9.390759,-9.790759,-10.090759,-10.290759,-10.390759,-10.390759,-10.490759,-10.390759,-10.19076,-9.890759,-9.590759,-9.490759,-9.390759,-9.090759,-8.790759,-8.090759,-7.0907593,-5.3907595,-3.3907592,-1.2907593,1.2092407,5.709241,11.30924,14.009241,14.209241,9.209241,11.30924,12.009241,15.209241,15.109241,18.509241,20.20924,21.80924,22.90924,23.90924
-8.69076,-9.19076,-9.19076,-8.790759,-8.69076,-8.590759,-8.090759,-7.8907595,-8.19076,-7.9907594,-7.4907594,-5.790759,-4.5907593,-3.9907594,-3.8907592,-4.0907593,-3.9907594,-3.8907592,-3.8907592,-4.290759,-5.3907595,-6.190759,-6.8907595,-7.690759,-8.490759,-8.790759,-9.090759,-9.290759,-9.390759,-9.490759,-9.290759,-8.890759,-8.19076,-7.690759,-7.290759,-7.190759,-7.0907593,-6.8907595,-6.5907593,-5.4907594,-3.6907592,-1.3907592,1.4092407,4.4092407,8.30924,12.709241,15.609241,16.30924,16.80924,14.409241,13.209241,16.20924,18.009241,19.90924,20.40924,22.20924,22.609241,22.70924,24.30924
-9.19076,-9.890759,-9.590759,-9.290759,-9.790759,-9.790759,-9.69076,-8.990759,-9.490759,-9.290759,-7.790759,-6.790759,-6.790759,-6.9907594,-7.190759,-7.3907595,-6.8907595,-6.290759,-5.8907595,-5.8907595,-6.0907593,-6.290759,-5.9907594,-5.5907593,-6.0907593,-6.5907593,-7.0907593,-7.190759,-7.3907595,-7.3907595,-7.190759,-6.690759,-6.0907593,-5.4907594,-4.9907594,-4.4907594,-3.9907594,-3.3907592,-2.4907594,-1.2907593,0.50924075,2.9092407,5.709241,9.109241,12.709241,15.609241,17.90924,17.009241,17.90924,17.109241,18.20924,20.20924,20.40924,20.109241,20.509241,19.80924,21.30924,22.009241,22.70924
